sLap,Kt,aTheta,xi,yi
0.0,1.5849814203872e-05,3.4530087372047886e-05,0.0015786163155271558,1.4490971383047169e-05
0.15311937383565624,1.5820228998274063e-05,3.695473608502413e-05,0.1546979900533503,1.9963884941976582e-05
0.6793128270127432,1.5718560095239446e-05,4.525248782791776e-05,0.6808914427842986,4.159468217328633e-05
1.2055062801898302,1.5616900956893008e-05,5.3496744628700345e-05,1.2070848953184177,6.75776276991365e-05
1.3586256540254864,1.5587322261087175e-05,5.588573004693586e-05,1.3602042689250216,7.59519734544262e-05
1.5117450278611426,1.5557746279866812e-05,5.8270186934266856e-05,1.513323642511228,8.469177280878835e-05
2.0379384810382297,1.5456135416956344e-05,6.642983509364668e-05,2.0395170946638865,0.00011750228420357448
2.5641319342153164,1.535458370777413e-05,7.453603184534359e-05,2.565710546532372,0.00015459228614017967
2.717251308050973,1.5325047162372592e-05,7.688485446088591e-05,2.718829919929129,0.0001661850791890878
2.8703706818866292,1.529551813095423e-05,7.92291554309802e-05,2.871949293298288,0.000178137177188365
3.396564135063716,1.5194107260032723e-05,8.725087100553471e-05,3.398142744650772,0.00022193986568705496
3.922757588240803,1.5092811800470181e-05,9.521925520808004e-05,3.924336195636307,0.00026994949707887574
4.075876962076459,1.5063359709957782e-05,9.752800193016812e-05,4.077455568760831,0.0002847062236735734
4.228996335912115,1.5033919142081061e-05,9.98322401367283e-05,4.230574941850939,0.00029981612029554637
4.7551897890892025,1.493283944074715e-05,0.00010771638955744627,4.756768392193079,0.00035442381576515587
5.28138324226629,1.4831911825531454e-05,0.00011554739151443304,5.28296184208996,0.00041316611609606545
5.434502616101946,1.4802572648400199e-05,0.00011781619807850565,5.436081214883226,0.000431032415958905
5.587621989937602,1.4773247699012486e-05,0.000120080513638195,5.589200587635633,0.0004492457719542622
6.113815443114689,1.4672585085518684e-05,0.00012782760756010155,6.115394036768714,0.0005144719074048282
6.640008896291776,1.4572111650598965e-05,0.00013552178324607145,6.641587485382591,0.0005837605903103799
6.793128270127432,1.4542912820260632e-05,0.00013775081998180296,6.79470685778886,0.000604682311275727
6.946247643963088,1.4513732594264105e-05,0.00013997538771007956,6.947826230148191,0.00062594500104794
7.472441097140175,1.4413605188453488e-05,0.00014758606438466712,7.474019677884682,0.0007016037848475092
7.998634550317262,1.43137333152773e-05,0.00015514412190363307,8.000213125032278,0.0007812534129164074
8.151753924152919,1.428472344437038e-05,0.00015733361019482848,8.15333249699901,0.0008051766655348392
8.304873297988575,1.4255738514634112e-05,0.00015951865896375426,8.30645186891308,0.0008294348342984116
8.831066751165663,1.4156332922194226e-05,0.0001669937674081559,8.832645315076334,0.0009153414742731013
9.357260204342749,1.4057259060856039e-05,0.00017441665655797332,9.358838760585137,0.0010051677285928815
9.510379578178405,1.4028495285187558e-05,0.00017656689246384278,9.511958132062896,0.0010320389735865136
9.663498952014061,1.3999762250153768e-05,0.00017871272686952877,9.665077503482614,0.001059239128008066
10.189692405191149,1.3901263568950393e-05,0.00018605337835714752,10.191270947906547,0.0011552101639285021
10.715885858368235,1.3803154262034881e-05,0.00019334230292667086,10.717464391614454,0.0012550301933543153
10.869005232203891,1.3774680809859653e-05,0.00019545365272029307,10.87058376255681,0.0012847963434461187
11.022124606039547,1.3746242262705063e-05,0.00019756064570144446,11.023703133436083,0.0013148854526967065
11.548318059216635,1.364878587741013e-05,0.00020476816881880591,11.549896575964796,0.0014207390897069871
12.074511512393721,1.3551765326591046e-05,0.00021192452569087863,12.076090017719757,0.0015303718164443566
12.227630886229377,1.3523617335753676e-05,0.0002139974078418374,12.229209388083184,0.0015629803188463352
12.380750260065033,1.349550816394743e-05,0.00021606598327706926,12.382328758378797,0.0015959058945563518
12.906943713242121,1.3399213664908266e-05,0.00022314187550537729,12.90852219886621,0.0017114622598588718
13.433137166419208,1.3303399157553013e-05,0.00023016722448295458,13.434715638525848,0.00183072861547112
13.586256540254864,1.32756099802027e-05,0.00023220210441769913,13.587835008269602,0.0018661275180542872
13.73937591409052,1.3247862806104998e-05,0.00023423273270261385,13.740954377941122,0.0019018376796432973
14.265569367267608,1.315283464658798e-05,0.00024117864753501122,14.2671478162506,0.002026919043148245
14.791762820444694,1.3058313837984266e-05,0.0002480746926543676,14.793341253681842,0.0021556421809001435
14.94488219428035,1.3030904897828758e-05,0.0002500720744639214,14.946460622767855,0.00219378019198712
15.098001568116006,1.3003539201024749e-05,0.0002520652627847231,15.099579991777507,0.002232223724997987
15.624195021293094,1.2909827633165226e-05,0.00025888296237851736,15.62577342778147,0.0023666546853746725
16.15038847447018,1.2816626793880796e-05,0.0002656514859298331,16.15196686286013,0.0025046601364677496
16.303507848305838,1.2789601582793503e-05,0.0002676118902223155,16.305086231252904,0.0025454866632895427
16.456627222141496,1.2762619357366012e-05,0.0002695681596755965,16.458205599565474,0.002586613054536596
16.98282067531858,1.2670222388140754e-05,0.00027625943497077294,16.984399033145024,0.002730220632270722
17.509014128495668,1.2578329778919898e-05,0.00028290222428111557,17.510592465755494,0.002877336358620807
17.662133502331322,1.2551683793495333e-05,0.00028482616974450715,17.66371183342199,0.002920801515611829
17.81525287616698,1.252508002320053e-05,0.0002867460383142777,17.816831201004703,0.002964560958808406
18.341446329344066,1.2433977053026128e-05,0.0002933126630109822,18.343024632049314,0.003117174598600646
18.867639782521152,1.2343364825272448e-05,0.00029983147903394025,18.86921806208419,0.0032732309748641007
19.02075915635681,1.2317088216591449e-05,0.00030171947515454623,19.022337428993737,0.0033192855757081512
19.173878530192468,1.2290852069580235e-05,0.00030360345069882505,19.175456795816192,0.003365628962309646
19.700071983369554,1.2200996813003244e-05,0.000310047155737515,19.70165022422333,0.0035270804935329187
20.22626543654664,1.2111602917221753e-05,0.0003164437009109754,20.227843651583125,0.00369191025239321
20.379384810382295,1.2085674344074194e-05,0.00031829623654510087,20.38096301770733,0.003740505790752715
20.532504184217952,1.2059783091718338e-05,0.0003201448045719267,20.53408238374139,0.003789384688879655
21.05869763739504,1.1971087094707624e-05,0.00032646722945029393,21.060275809416275,0.003959508237106312
21.584891090572125,1.1882810823689952e-05,0.00033274309350424567,21.586469234009122,0.004132946353735043
21.738010464407783,1.1857199388662778e-05,0.00033456062098146083,21.739588599321806,0.004184034964130029
21.89112983824344,1.1831621702447206e-05,0.00033637422912212895,21.89270796454153,0.0042354015771392545
22.417323291420526,1.174397606243516e-05,0.00034257687515233106,22.418901387396854,0.0044140334046706515
22.943516744597613,1.1656708285885685e-05,0.00034873350203519927,22.945094809138283,0.004595916916257686
23.09663611843327,1.1631382508645151e-05,0.00035051643074431103,23.098214173615386,0.004649451318637332
23.24975549226893,1.1606086917670812e-05,0.0003522954835671919,23.251333537996956,0.0047032584287817385
23.775948945446014,1.1519383435026274e-05,0.0003583797044706771,23.77752695795266,0.004890236737168524
24.3021423986231,1.1433013984589364e-05,0.0003644183904520071,24.303720376765366,0.005080404542468623
24.455261772458755,1.1407941081753428e-05,0.00036616708666011765,24.456839740384908,0.0051363379838885665
24.608381146294413,1.1382894386825657e-05,0.0003679119453601179,24.609959103906565,0.005192538893875982
25.1345745994715,1.1297014675258567e-05,0.00037387894275539194,25.13615252088964,0.005387703622132932
25.660768052648585,1.1211418622551977e-05,0.000379800825438396,25.662345936703307,0.005585996275602667
25.813887426484243,1.1186561033531194e-05,0.0003815156076635492,25.81546529944534,0.005644282469065265
25.9670068003199,1.116172529985267e-05,0.00038322658501933313,25.968584662087352,0.005702830940201942
26.493200253496987,1.1076537361067373e-05,0.00038907738886971105,26.49477807603169,0.00590602354548025
27.019393706674073,1.0991583421238409e-05,0.0003948834289487696,27.02097148878282,0.006112283028006615
27.172513080509727,1.0966903686864099e-05,0.0003965645637903402,27.174090850629344,0.006172876083975325
27.325632454345385,1.094224190176727e-05,0.0003982419207360223,27.327210212373952,0.006233726267147708
27.85182590752247,1.0857622964887454e-05,0.0004039773854513819,27.85340362322018,0.006444789485187077
28.378019360699557,1.077319493414622e-05,0.0004096683744629203,28.379597032851972,0.006658858965553206
28.531138734535215,1.0748660419808438e-05,0.00041131608093938785,28.532716393786945,0.006721713323610091
28.684258108370873,1.0724140337425143e-05,0.0004129600315011895,28.685835754618317,0.006784819691595049
29.21045156154796,1.0639981856432082e-05,0.00041858085556122456,29.21202916231367,0.007003597310790907
29.736645014725045,1.0555972878020196e-05,0.00042415743531317113,29.738222568775925,0.00722532093001791
29.8897643885607,1.0531552464024342e-05,0.0004257718896695801,29.89134192878521,0.007290391298023624
30.042883762396357,1.0507142920236617e-05,0.0004273826053148008,30.044461288689412,0.007355708585309225
30.569077215573444,1.0423336756255253e-05,0.00043288934129052286,30.57065469318764,0.007582045243901698
31.09527066875053,1.0339638075734506e-05,0.0004383520072899684,31.096848096436595,0.0078112679159760695
31.248390042586188,1.0315300187587184e-05,0.00043993334295100434,31.249967455507928,0.007878509212249595
31.401509416421845,1.0290969809890218e-05,0.00044151095231834153,31.403086814472907,0.007945992357246651
31.92770286959893,1.0207410950670648e-05,0.0004469040060564156,31.92928021573418,0.008179733344112015
32.45389632277602,1.0123923709111885e-05,0.000452253110512185,32.45547361573243,0.00841630055735245
32.607015696611676,1.0099641076522115e-05,0.0004538014203579855,32.60859297385538,0.008485667853266219
32.76013507044733,1.0075363247355263e-05,0.0004553460122092232,32.761712331870925,0.008555271941317454
33.28632852362442,9.991965401963437e-06,0.0004606256588241108,33.28790572986171,0.008796263004961778
33.812521976801506,9.908610068499447e-06,0.0004658614332234928,33.81409912657818,0.00904002064116016
33.96564135063716,9.884360580617811e-06,0.00046737677693105967,33.96721848374414,0.0091114691109141
34.11876072447282,9.860113536415714e-06,0.0004688884075541807,34.12033784080186,0.009183149325139313
34.64495417764991,9.77680365393098e-06,0.0004740548155346815,34.64653123549487,0.00943123651336327
35.171147630826994,9.69350865349985e-06,0.0004791773903158531,35.17272462890465,0.00968203069896759
35.324267004662644,9.669271530666814e-06,0.0004806597988060875,35.32584398510685,0.009755515578113036
35.4773863784983,9.645034538204243e-06,0.0004821384959483352,35.47896334120014,0.009829227158574094
36.00357983167539,9.561741656491387e-06,0.0004871917363638055,36.00515673257426,0.010084256681658936
36.529773284852475,9.478438048832984e-06,0.0004922011457882606,36.53135012265857,0.010341933654663281
36.68289265868813,9.45419390574004e-06,0.0004936506222698311,36.68446947789198,0.010417410201737334
36.83601203252379,9.429948014229995e-06,0.0004950963862301328,36.83758883301603,0.010493108407285692
37.362205485700876,9.34661125346425e-06,0.00050003643879021,37.36378222105615,0.010754926508456317
37.88839893887796,9.263245298473244e-06,0.0005049326324114578,37.88997560780227,0.011019332493475642
38.04151831271362,9.238979944146352e-06,0.0005063491570792061,38.043094962063606,0.011096755954923125
38.19463768654928,9.214711533015908e-06,0.0005077619659134302,38.196214316215325,0.011174396028867646
38.720831139726364,9.131288205545324e-06,0.0005125887402623182,38.7224077009124,0.01144284887333248
39.24702459290345,9.04782219389625e-06,0.0005173716065723807,39.24860108431354,0.011713829982466239
39.40014396673911,9.023525326646804e-06,0.000518755143380721,39.40172043760126,0.011793155566190034
39.553263340574766,8.999224325700588e-06,0.0005201349594627648,39.55483979077931,0.011872692710824872
40.07945679375185,8.915680798405213e-06,0.000524848314769745,40.08103317213016,0.012147626305364458
40.60565024692894,8.832082271944609e-06,0.0005295176955495063,40.6072265521854,0.012425028466714913
40.75876962076459,8.807744604888231e-06,0.0005308681952800704,40.76034590449969,0.012506211322556995
40.91188899460025,8.783401870698566e-06,0.0005322149679944877,40.91346525670441,0.012587600680107733
41.43808244777733,8.699708310395182e-06,0.0005368147198312252,41.43965863471167,0.012868860810024293
41.96427590095442,8.615951408262884e-06,0.0005413704159994297,41.96585201142587,0.013152529707994347
42.11739527479008,8.591566446187266e-06,0.0005426878182681576,42.11897136276855,0.013235524910914075
42.270514648625735,8.567175998087536e-06,0.0005440014862887014,42.27209071400196,0.013318721547073312
42.79670810180282,8.48331623685668e-06,0.000548487417846817,42.79828408867397,0.01360615372296578
43.32290155497991,8.399391152620805e-06,0.0005529292057613186,43.32447746205767,0.013895934752274094
43.476020928815565,8.374957155851055e-06,0.0005542134446861195,43.47759681243218,0.013980697290710546
43.62914030265122,8.350517656706052e-06,0.0005554939418736242,43.63071616269794,0.014065656183854679
44.15533375582831,8.266489639299314e-06,0.0005598658249367604,44.156909534048644,0.014359105611809756
44.681527209005395,8.18239690366448e-06,0.0005641934759800992,44.68310290411793,0.014654843858352386
44.83464658284105,8.15791425903407e-06,0.0005654444851544053,44.83622225352938,0.014741328630554874
44.98776595667671,8.13342616479946e-06,0.0005666917451544217,44.989341602832745,0.014828004668784225
45.5139594098538,8.04923142736137e-06,0.0005709493521941874,45.515534970881596,0.015127316244774786
46.04015286303088,7.9649728404456e-06,0.0005751626397157323,46.041728337658,0.015428856485032456
46.19327223686654,7.94044217989253e-06,0.0005763803533702675,46.194847686113036,0.015517018299439867
46.3463916107022,7.915906258515944e-06,0.0005775943105349537,46.347967034460844,0.015605366281151641
46.872585063879285,7.831549130950196e-06,0.0005817374171062008,46.87416039923265,0.015910384593724812
47.39877851705637,7.747132568685383e-06,0.0005858361198721187,47.40035376274303,0.01621757129898885
47.55189789089202,7.722557024176082e-06,0.0005870204744999183,47.55347311024984,0.01630736487582786
47.70501726472768,7.697976765180241e-06,0.0005882010658289343,47.706592457650444,0.016397339511597303
48.231210717904766,7.613472011141235e-06,0.0005922294601479057,48.23278581917522,0.01670790885131474
48.75740417108185,7.528915566773032e-06,0.0005962133750189825,48.75897917945158,0.01702058620298283
48.91052354491751,7.50430084755772e-06,0.0005973643133827349,48.91209852601986,0.017111966180052698
49.06364291875317,7.479682075324741e-06,0.0005985114824983322,49.06521787248312,0.017203522098994558
49.589836371930254,7.395049939593281e-06,0.0006024249777539313,49.591411230796005,0.017519486484796152
50.11602982510734,7.310373251608659e-06,0.0006062939284122276,50.117604587875405,0.017837498406271014
50.269149198943,7.285724777873566e-06,0.0006074114011296224,50.270723933516315,0.017930419348995037
50.422268572778655,7.2610727843912405e-06,0.0006085250994681856,50.423843279053536,0.018023511109027168
50.94846202595574,7.176330328598823e-06,0.0006123235346477701,50.950036634194596,0.018344714324104845
51.47465547913283,7.091549557227786e-06,0.0006160773688212066,51.47622998811897,0.018667904516155128
51.627774852968486,7.066872020026375e-06,0.0006171613331556706,51.62934933284503,0.018762320927502314
51.78089422680414,7.042191569322696e-06,0.0006182415187177538,51.78246867746892,0.018856903025111848
52.30708767998123,6.957356277947292e-06,0.0006219247552479327,52.308662029483,0.019183188649084155
52.833281133158316,6.872490932783667e-06,0.0006255633440961376,52.83485538029904,0.01951140062097363
52.98640050699397,6.847790446221166e-06,0.0006266137645369043,52.98797472412418,0.01960726695052792
53.139519880829624,6.823087793012493e-06,0.0006276604027504476,53.14109406784881,0.01970329382994494
53.66571333400671,6.73818204939466e-06,0.0006312283293933065,53.66728741678543,0.0200345052719421
54.1919067871838,6.653254893029502e-06,0.0006347515735561122,54.19348076454439,0.020367582377394222
54.345026161019454,6.628537964655938e-06,0.0006357684234496196,54.34660010748388,0.020464853032447872
54.49814553485511,6.603819512241397e-06,0.0006367814886337265,54.49971945032463,0.02056227909694804
55.0243389880322,6.518863965845173e-06,0.0006402340243665295,55.02591279623776,0.020898259635770914
55.550532441209285,6.433893238858193e-06,0.0006436418530530435,55.552106140995285,0.0212360451136458
55.70365181504494,6.40916466604981e-06,0.0006446251135396239,55.705225483065604,0.021334674470847293
55.8567711888806,6.384435026153974e-06,0.0006456045875634132,55.85834482503914,0.02143345409423192
56.382964642057686,6.299444392310497e-06,0.0006489416751434212,56.38453816798705,0.021774046915710228
56.90915809523477,6.214444076116185e-06,0.0006522340386609239,56.9107315098031,0.022116383923704113
57.06227746907043,6.189707981319788e-06,0.0006531836966430425,57.063850851022,0.02221632633809911
57.21539684290609,6.164971341513115e-06,0.000654129567055047,57.2169701921462,0.022316413873459246
57.741590296083174,6.079960850610736e-06,0.0006573511687671824,57.7431635321914,0.02266146209881714
58.26778374926026,5.9949472789714584e-06,0.0006605280377050214,58.26935687112999,0.023008193740494502
58.42090312309592,5.970208585340181e-06,0.0006614440862674942,58.422476211516404,0.023109403553400923
58.574022496931576,5.945469882614052e-06,0.0006623563468948838,58.57559555181032,0.023210753341051896
59.10021595010866,5.860456285920141e-06,0.0006654624473214362,59.10178888901928,0.023560100055165446
59.62640940328575,5.77544503213579e-06,0.0006685238147663884,59.627982225148415,0.023911069409528043
59.7795287771214,5.750707891349364e-06,0.0006694062534060441,59.781101564722384,0.02401350095734503
59.93264815095706,5.725971085613828e-06,0.0006702849043599492,59.93422090420621,0.02411606733363769
60.45884160413414,5.6409661672545305e-06,0.0006732755081138076,60.46041423864923,0.024469555614828983
60.98503505731123,5.555966464667251e-06,0.0006762213842083897,60.98660757204068,0.024824605764081863
61.13815443114689,5.5312331361130565e-06,0.0006770702167227765,61.1397269108234,0.0249282133857489
61.291273804982545,5.506500360033086e-06,0.0006779152621496841,61.292846249518405,0.025031950690218754
61.81746725815963,5.421510978664135e-06,0.0006807903858030092,61.81903958126952,0.02538942363198617
62.34366071133672,5.336529761794946e-06,0.000683620790748321,62.34523291199869,0.025748397679303477
62.496780085172375,5.311802428714812e-06,0.0006844360237032193,62.498352250012346,0.025853135720806573
62.64989945900803,5.2870759373437616e-06,0.0006852474705124001,62.651471587940854,0.025957998300473704
63.17609291218512,5.2021104998117335e-06,0.0006880071406192189,63.17766491707765,0.02631929902534367
63.702286365362205,5.117156678709261e-06,0.000690722105525306,63.70385824522343,0.0266820401084239
63.85540573919786,5.092437931624577e-06,0.000691503748867332,63.856977582491204,0.026787862926897853
64.00852511303351,5.0677202618866905e-06,0.0006922816073849368,64.01009691967653,0.026893805140442654
64.5347185662106,4.982786690309695e-06,0.0006949258622826401,64.53629024627993,0.027258776815091465
65.0609120193877,4.897866390853076e-06,0.0006975254291828755,65.06248357192457,0.02762512812175699
65.21403139322335,4.873157569195433e-06,0.0006982734957021678,65.21560290847066,0.027731990089979577
65.367150767059,4.8484498694206505e-06,0.0006990177789106469,65.36872224493708,0.027838966312136157
65.89334422023609,4.7635505843175034e-06,0.0007015466641842862,65.8949155690913,0.028207452161126318
66.41953767341317,4.678664565218496e-06,0.0007040308795001664,66.4211088923202,0.02857725694014708
66.57265704724884,4.653965709446468e-06,0.0007047453827368057,66.57422822816966,0.02868511244899069
66.72577642108449,4.6292680024694575e-06,0.000705456104193632,66.72734756394232,0.028793077072701945
67.25196987426158,4.544403415302506e-06,0.0007078696664945391,67.25354088573468,0.029164920383567404
67.77816332743868,4.459552965323987e-06,0.0007102385773247197,67.77973420663632,0.029538021947143406
67.93128270127433,4.434864683139259e-06,0.0007109195311343945,67.93285354181513,0.029646825405994993
68.08440207510998,4.410177647569141e-06,0.0007115967047905682,68.08597287692012,0.029755732842781216
68.61059552828706,4.32535055464631e-06,0.0007138949930040896,68.61216619644085,0.030130776967562146
69.13678898146415,4.2405385475190665e-06,0.0007161486497256856,69.13835951510657,0.030507018693849936
69.2899083552998,4.215861569146003e-06,0.0007167960690539085,69.29147884964149,0.030616724531640705
69.44302772913545,4.1911858519487085e-06,0.0007174397099503449,69.44459818410569,0.03072652921272058
69.96922118231254,4.106397462826827e-06,0.0007196227763333475,69.97079150144785,0.031104617572413878
70.49541463548962,4.021623343230767e-06,0.0007217612313753537,70.49698481797176,0.031483842909953576
70.64853400932529,3.9969571390506836e-06,0.0007223751313777916,70.6501041518904,0.031594405576264355
70.80165338316094,3.972292078666206e-06,0.0007229852545864804,70.80322348574146,0.0317050619535225
71.32784683633803,3.8875393287087396e-06,0.0007250531499291981,71.32941680100076,0.03208603803981458
71.85404028951513,3.8027996256779695e-06,0.0007270764523623527,71.8556101154796,0.03246809050656637
72.00715966335078,3.77814326324462e-06,0.0007276568469646652,72.00872944881027,0.03257946447079764
72.16027903718643,3.753487998713002e-06,0.0007282334662828436,72.1618487820766,0.032690927015760776
72.68647249036351,3.6687687747342593e-06,0.00073018623717137,72.6880420953513,0.03307463438632664
73.2126659435406,3.5840626060514e-06,0.0007320944327936855,73.21423540788426,0.03345935756427217
73.36578531737626,3.559416045050367e-06,0.0007326413352677227,73.36735474065603,0.03357149731415506
73.51890469121192,3.5347705873889255e-06,0.0007331844639565238,73.52047407336674,0.03368372051658991
74.045098144389,3.450085099550515e-06,0.0007350221560665436,74.04666738475751,0.03407000279140492
74.5712915975661,3.3654123121587096e-06,0.0007368152905687291,74.57286069544611,0.03445724032455837
74.72441097140175,3.3407753214616677e-06,0.0007373287141856401,74.72598002768865,0.034570100365885474
74.8775303452374,3.316139338896529e-06,0.0007378383654679412,74.87909935987356,0.034683038733604316
75.40372379841449,3.2314853964022863e-06,0.0007395610236244483,75.40529266948329,0.035071739594506796
75.92991725159158,3.1468423612359685e-06,0.0007412391403003111,75.93148597843124,0.035461335187890845
76.08303662542724,3.1222136502227766e-06,0.000741719097262182,76.0846053101749,0.03557487004393069
76.23615599926289,3.09758579650745e-06,0.0007421952831480965,76.23772464186438,0.035688478102051696
76.76234945243998,3.012958732227442e-06,0.000743802946985822,76.76391794979806,0.03607944128865753
77.28854290561708,2.9283413706531047e-06,0.0007453660831691115,77.29011125711118,0.03647123870213879
77.44166227945273,2.9037199854082222e-06,0.0007458125839520678,77.4432305883869,0.03658540291151004
77.59478165328838,2.8790994119350784e-06,0.0007462553147828856,77.59634991961197,0.03669963520025321
78.12097510646547,2.7944972119070468e-06,0.0007477480190662518,78.12254322597659,0.03709270450228675
78.64716855964255,2.709904506878639e-06,0.000749196208723942,78.6487365317626,0.0374865475436731
78.80028793347822,2.685290263405242e-06,0.0007496092631376416,78.80185586260183,0.037601295658651446
78.95340730731387,2.6606767931904695e-06,0.0007500185486846857,78.95497519339398,0.037716106731792216
79.47960076049095,2.5760985938170413e-06,0.0007513963267782189,79.48116849829839,0.038111125985075336
80.00579421366805,2.49152880203366e-06,0.0007527296025889692,80.0073618026668,0.03850685850756491
80.1589135875037,2.4669209368789163e-06,0.0007531092199474906,80.16048113310156,0.03862214509350994
80.31203296133936,2.4423136949207873e-06,0.0007534850693999845,80.31360046349289,0.038737489517815846
80.83822641451644,2.357755553451973e-06,0.0007547479516263699,80.8397937670476,0.03913430260193079
81.36441986769353,2.2732038033992583e-06,0.0007559663415938617,81.36598707010953,0.03953176850045178
81.51753924152918,2.2486008223851943e-06,0.0007563125295404257,81.51910640017226,0.039647548134361665
81.67065861536483,2.22399833082598e-06,0.0007566549503237216,81.67222573019525,0.03976338048798523
82.19685206854192,2.1394556714870273e-06,0.0007578029605490748,82.19841903251235,0.0401618313194281
82.723045521719,2.054918468898318e-06,0.000758906486416222,82.7246123343805,0.04056087452247661
82.87616489555467,2.030319615172597e-06,0.0007592192509607133,82.8777316641041,0.040677101790503885
83.02928426939032,2.0057212066440853e-06,0.0007595282489728021,83.03085099379172,0.04079337666051648
83.5554777225674,1.9211923541412537e-06,0.0007605614068601592,83.55704429498473,0.04119330918488451
84.0816711757445,1.8366684294562315e-06,0.0007615500875152167,84.08323759577313,0.04159377364820087
84.23479054958015,1.812073306139591e-06,0.0007618294340391051,84.23635692519089,0.04171040314417898
84.3879099234158,1.7874785393464627e-06,0.0007621050145880641,84.38947625457642,0.041827075125228375
84.91410337659289,1.7029613106111731e-06,0.0007630233377486987,84.91566955476021,0.042228333313520945
85.44029682976998,1.618447234568673e-06,0.0007638971893263547,85.44186285458416,0.04263006301698334
85.59341620360564,1.593854569570736e-06,0.0007641431221533273,85.59498218372971,0.04274704934147925
85.74653557744129,1.5692620740846425e-06,0.000764385289366035,85.74810151284686,0.04286407303477219
86.27272903061838,1.4847511587687112e-06,0.000765188790201582,86.27429481213741,0.04326650087888325
86.79892248379548,1.400241360342028e-06,0.0007659478222406173,86.80048811111334,0.04366933982015843
86.95204185763113,1.3756496094487653e-06,0.0007661603435889831,86.95360744002065,0.0437866375782274
87.10516123146678,1.3510579083287467e-06,0.0007663690994597559,87.10672676890336,0.043903967589145824
87.63135468464387,1.266549005569496e-06,0.0007670577832604554,87.6329200674177,0.04430740909282119
88.15754813782095,1.1820403272795517e-06,0.0007677019990888444,88.15911336566299,0.04471120127792264
88.31066751165662,1.1574487758057358e-06,0.0007678811096447427,88.31223269436626,0.044828765076458436
88.46378688549227,1.1328572061748534e-06,0.0007680564547468783,88.46535202304881,0.0449463560119969
88.98998033866935,1.0483482452003184e-06,0.0007686303228009278,88.99154532090486,0.045350655183092205
89.51617379184646,9.638383771394735e-07,0.0007691597225543256,89.51773861853776,0.045755244620250414
89.6692931656821,9.392462027843836e-07,0.0007693054221226927,89.67085794707145,0.04587302906649745
89.82241253951776,9.146538587509733e-07,0.0007694473561237922,89.82397727558833,0.04599083553385276
90.34860599269484,8.301408278445105e-07,0.0007699064060389605,90.35017057290482,0.04639583637978412
90.87479944587193,7.456245003025757e-07,0.0007703209848832232,90.87636387004426,0.04680106707451417
91.0279188197076,7.210299585121831e-07,0.0007704332715037181,91.02948319844303,0.046919026774401906
91.18103819354324,6.96435043411107e-07,0.0007705417921809507,91.18260252682893,0.04703700337917963
91.70723164672033,6.119117012094384e-07,0.0007708860141544149,91.70879582372513,0.047442549899441536
92.23342509989743,5.273831659824365e-07,0.0007711857591323033,92.23498912049065,0.04784826584525
92.38654447373308,5.027847888644708e-07,0.0007712646284791514,92.38810844878935,0.04796635540039205
92.53966384756873,4.781859303041746e-07,0.0007713397312925433,92.54122777707909,0.048084456743533885
93.06585730074582,3.936483909189225e-07,0.0007715691083178139,93.06742107367482,0.048490392919025085
93.5920507539229,3.0910471169119686e-07,0.0007717540006279389,93.5936143701864,0.04889643808738987
93.74517012775856,2.845017599025846e-07,0.0007717994469645667,93.74673369841992,0.04901461209244739
93.8982895015942,2.598982314985116e-07,0.0007718411260559971,93.89985302664843,0.04913279276772806
94.42448295477129,1.7534382691425937e-07,0.000771955637158385,94.4260463230639,0.049538962553351544
94.95067640794838,9.078163328568853e-08,0.0007720256542373705,94.9522396194418,0.049945180887721013
95.10379578178404,6.617291218540277e-08,0.0007720376706465322,95.10535894764519,0.050063393928832294
95.2569151556197,4.1563426479930056e-08,0.0007720459189094718,95.25847827584752,0.050181608521309484
95.78310860879678,-4.301306443133589e-08,0.0007720455379612183,95.78467157220312,0.050587855840383465
96.30930206197388,-1.2759974351525242e-07,0.0007720006507366791,96.31086486856783,0.05099409124955286
96.46242143580953,-1.5221602133582563e-07,0.0007719792281487608,96.46398419677615,0.05111229790209363
96.61554080964518,-1.768332245473627e-07,0.0007719540362519109,96.61710352498739,0.051230500985736796
97.14173426282227,-2.6143727154919005e-07,0.0007718387292160296,97.14329682140365,0.0516366697207529
97.66792771599935,-3.460526528239713e-07,0.0007716789011024929,97.66949011787574,0.05204276606863334
97.82104708983502,-3.7067741221747747e-07,0.0007716240284872053,97.82260944612408,0.052160920894186016
97.97416646367067,-3.953031424948791e-07,0.000771565385266421,97.97572877437925,0.052279067028888675
98.50035991684776,-4.799366767604487e-07,0.0007713351130446134,98.50192207097666,0.052685001012090144
99.02655337002486,-5.645818330187181e-07,0.0007710603041534472,99.0281153676765,0.0530908021101436
99.17967274386051,-5.892153112912527e-07,0.0007709719698197563,99.18123469599985,0.05320885965474754
99.33279211769616,-6.138498004207462e-07,0.000770879863540436,99.334354024334,0.053326903384757214
99.85898557087324,-6.985138621932537e-07,0.0007705345855033369,99.86054732123291,0.05373244639409126
100.38517902405033,-7.831903899825612e-07,0.0007701447545114449,100.38674061828077,0.054137795998703456
100.538298397886,-8.078331897899209e-07,0.0007700229462622619,100.53985994671415,0.054255710792231834
100.69141777172165,-8.324770783205605e-07,0.0007698973646381029,100.69297927516223,0.0543736066455471
101.21761122489873,-9.171740142122914e-07,0.0007694370377271786,101.21917257248263,0.05477860240233433
101.74380467807583,-1.0018838166876765e-06,0.000768932140457927,101.74536586999834,0.05518334421187446
101.89692405191148,-1.0265362829407516e-06,0.0007687768452615492,101.89848519857654,0.055301070767024924
102.05004342574713,-1.0511897875679927e-06,0.0007686177752254463,102.0516045271734,0.055418773254356825
102.57623687892422,-1.1359190881198338e-06,0.0007680423545374468,102.57779782503486,0.055823065419713706
103.1024303321013,-1.220659743120519e-06,0.0007674223468588857,103.10399112313777,0.056227043071873185
103.25554970593697,-1.2453208173803222e-06,0.0007672335521624076,103.25711045189551,0.056344535883740096
103.40866907977262,-1.2699827605022768e-06,0.0007670409813253565,103.41022978067578,0.05646199949828562
103.93486253294971,-1.354739650171025e-06,0.0007663504258583752,103.93642307919731,0.05686543167429789
104.46105598612681,-1.4395058323224277e-06,0.0007656152694261163,104.46261637800617,0.057268488750286485
104.61417535996246,-1.4641739704328174e-06,0.0007653929646122124,104.61573570697797,0.05738570229814954
104.76729473379811,-1.4888428295452636e-06,0.0007651668825855838,104.76885503597615,0.05750288151758007
105.2934881869752,-1.5736225215469744e-06,0.0007643611583207508,105.29504833527596,0.057905297255378636
105.81968164015228,-1.658410066094519e-06,0.0007635108214710444,105.82124163490873,0.05830727728904616
105.97280101398793,-1.6830841602375199e-06,0.000763254997721166,105.9743609641288,0.05842416603905593
106.12592038782358,-1.707758835890708e-06,0.0007629953958625817,106.12748029337912,0.05854101532818699
106.65211384100067,-1.792557308007034e-06,0.0007620744743836838,106.65367359357465,0.05894225813662637
107.17830729417776,-1.877361266769489e-06,0.0007611089310603997,107.17986689414832,0.05934300462249551
107.33142666801342,-1.9020396001867617e-06,0.0007608195813055571,107.33298622365064,0.05945952302991303
107.48454604184907,-1.9267182515151607e-06,0.0007605264528195931,107.48610555318703,0.059575996842954115
108.01073949502616,-2.011528154555889e-06,0.0007594903131686975,108.01229885439463,0.059975910196812685
108.53693294820326,-2.096340042579741e-06,0.000758409546579814,108.53849215602513,0.06037526659972963
108.69005232203891,-2.121020017230221e-06,0.0007580866668018574,108.69161148584337,0.06049136911214295
108.84317169587456,-2.1457000365987805e-06,0.000757760008056253,108.84473081569945,0.06060742189609701
109.36936514905165,-2.2305126697192747e-06,0.00075660864079545,109.37092411803432,0.06100584924928718
109.89555860222873,-2.3153247802345788e-06,0.0007554126458198473,109.89711742083641,0.06140365901933356
110.0486779760644,-2.3400044511996768e-06,0.000755056235264376,110.05023675100378,0.06151930008119169
110.20179734990005,-2.3646840315675114e-06,0.0007546960457897892,110.20335608121279,0.06163488628040198
110.72799080307713,-2.4494944021566315e-06,0.0007534294511348679,110.72954938478885,0.06203167108116148
111.25418425625423,-2.534303226642353e-06,0.0007521182302249551,111.25574268887578,0.06242777766727653
111.40730363008988,-2.558981776274587e-06,0.0007517282899137068,111.40886201942529,0.06254291172339049
111.56042300392554,-2.583660141604573e-06,0.0007513345708628217,111.56198135002002,0.06265798578282918
112.08661645710262,-2.668465530147331e-06,0.0007499527536587089,112.08817465494963,0.06305297148319083
112.61280991027971,-2.7532679028407105e-06,0.0007485263132078105,112.6143679604332,0.06344721834036372
112.76592928411537,-2.777944257604442e-06,0.0007481028453257344,112.76748729139716,0.06356179983767654
112.91904865795102,-2.8026202877887178e-06,0.0007476755990497756,112.92060662241003,0.06367631620463565
113.44524211112811,-2.887416529048628e-06,0.00074617856879358,113.446799928804,0.06406934626612759
113.97143556430521,-2.9722083114678386e-06,0.0007446369204834851,113.97299323579438,0.06446157686145809
114.12455493814086,-2.9968813690916453e-06,0.0007441799288382595,114.12611256720477,0.06457556025097619
114.27767431197651,-3.0215540399503827e-06,0.0007437191592988482,114.2792318986676,0.06468947337704861
114.8038677651536,-3.106338530630088e-06,0.0007421069306357807,114.80542520663496,0.06508039127783916
115.33006121833068,-3.191118759866826e-06,0.0007404500900499575,115.33161851524048,0.06547044909744808
115.48318059216635,-3.215788589763583e-06,0.0007399595792287084,115.48473784712866,0.06558378883606604
115.636299966002,-3.240458102125751e-06,0.0007394652909989393,115.63785717907275,0.06569705317883694
116.16249341917909,-3.3252323956802956e-06,0.0007377378791681089,116.16405048872065,0.06608570241805904
116.68868687235619,-3.4100031985567424e-06,0.0007359658605773977,116.69024379904765,0.06647343096884277
116.84180624619184,-3.4346703838001752e-06,0.0007354418345077074,116.84336313144439,0.06658608151932141
116.99492562002749,-3.459337261319993e-06,0.0007349140314401862,116.99648246390053,0.06669865154215038
117.52111907320457,-3.544102364422735e-06,0.0007330714492243152,117.52267577533404,0.06708487563787706
118.04731252638166,-3.6288634656967486e-06,0.0007311842652190009,118.04886908748678,0.06747011844458363
118.20043190021731,-3.653527675330745e-06,0.0007306267276251836,118.20198842042228,0.06758203427473244
118.35355127405296,-3.6781915144343192e-06,0.0007300654134941657,118.35510775342057,0.06769386444600933
118.87974472723005,-3.7629456521913337e-06,0.0007281076744649997,118.88130106674262,0.06807750693376696
119.40593818040713,-3.847695262391045e-06,0.000726105339554601,119.40749438082314,0.06846010753931013
119.5590575542428,-3.872356083123081e-06,0.000725514294836094,119.56061371432696,0.06857124312244402
119.71217692807845,-3.89701653765666e-06,0.0007249194740936937,119.71373304789681,0.06868228791615603
120.23837038125554,-3.981759327567778e-06,0.0007228465937819873,120.23992636320804,0.06906319235146385
120.76456383443264,-4.066498194023697e-06,0.0007207291234012732,120.76611967931603,0.06944299431950916
120.91768320826829,-4.091156032920474e-06,0.0007201045759462004,120.91923901341694,0.06955330413504612
121.07080258210394,-4.115813548481321e-06,0.0007194762529251902,121.07235834758711,0.06966351803127771
121.59699603528102,-4.200546439460958e-06,0.0007172882456525822,121.5985516649856,0.07004152799023733
122.12318948845811,-4.285275165080384e-06,0.0007150556535833639,122.12474498321824,0.07041837490427966
122.27630886229377,-4.30992990373442e-06,0.0007143976073646129,122.2778643179444,0.070527813437233
122.42942823612943,-4.3345842237781455e-06,0.0007137357860698683,122.43098365274292,0.07063715092161892
122.95562168930651,-4.419305145991429e-06,0.0007114326661774855,122.95717697232429,0.07101210999923353
123.48181514248361,-4.504020269307228e-06,0.0007090849682161572,123.48337029277604,0.07138584546220443
123.63493451631926,-4.5286707234192925e-06,0.0007083934282087817,123.63648962815472,0.07149436720349452
123.78805389015491,-4.553320638879667e-06,0.0007076981137850145,123.78960896360877,0.07160278276773203
124.314247343332,-4.638025611647994e-06,0.0007052799003888783,124.31580228546582,0.07197453458142518
124.84044079650909,-4.722724092182384e-06,0.0007028171174987047,124.84199560822842,0.07234500222129218
124.99356017034475,-4.747369679486798e-06,0.0007020920900789119,124.99511494428606,0.07245256166964556
125.1466795441804,-4.772014748561642e-06,0.0007013632889786476,125.14823428042203,0.07256000981343162
125.67287299735749,-4.856703524946202e-06,0.0006988300044696825,125.67442760464469,0.0729283980094188
126.19906645053459,-4.941386600870566e-06,0.0006962521587807983,126.20062092980695,0.07329544148411005
126.35218582437024,-4.966027869638609e-06,0.0006954936502272538,126.35374026656918,0.07340199314703208
126.50530519820589,-4.990668663886031e-06,0.000694731368654847,126.5068596034126,0.0735084283788249
127.03149865138298,-5.075342918632205e-06,0.0006920830337012012,127.03305293008778,0.07387329663287795
127.55769210456006,-5.160011324203585e-06,0.0006893901452479535,127.55924625773538,0.07423675962887315
127.71081147839573,-5.18464821900114e-06,0.0006885981613424781,127.71236559522694,0.07434225802196068
127.86393085223138,-5.209284586459057e-06,0.0006878024050940842,127.86548493280239,0.07444763485824998
128.39012430540848,-5.293943093182736e-06,0.0006850390399900011,128.39167826201384,0.07480882687348861
128.91631775858556,-5.3785951470225064e-06,0.0006822311298316562,128.91787159222932,0.07516855310478662
129.0694371324212,-5.403227212557812e-06,0.0006814056768804207,129.07099093047398,0.0752729527517821
129.22255650625686,-5.4278587554617995e-06,0.0006805764523159579,129.22411026880516,0.07537722571727426
129.74874995943395,-5.512500989021935e-06,0.0006776980792414775,129.7503036006334,0.07573458522577722
130.27494341261104,-5.597137794784675e-06,0.0006747751694058707,130.27649693349582,0.07609041843608697
130.4280627864467,-5.62176571915706e-06,0.000673916253667323,130.42961627251637,0.07619367386945022
130.58118216028237,-5.646393261977931e-06,0.0006730535669368849,130.5827356116259,0.07629679749754488
131.10737561345945,-5.731022957585163e-06,0.0006700602057999204,131.1089289461479,0.07665016826066712
131.63356906663654,-5.815648717855962e-06,0.0006670223141065564,131.63512228173303,0.07700195222126859
131.78668844047218,-5.840273637119204e-06,0.000666129940338518,131.78824162155124,0.07710401798101602
131.93980781430784,-5.864898220966839e-06,0.0006652337960451718,131.94136096146073,0.07720594681245295
132.46600126748493,-5.94951779417581e-06,0.0006621254616756443,132.46755429875,0.07755517261493124
132.992194720662,-6.034133048325141e-06,0.0006589726021770137,132.99374763712984,0.07790275111815928
133.14531409449768,-6.058754752799678e-06,0.0006580467744642648,133.14686697776636,0.07800358175009597
133.29843346833334,-6.083376055860976e-06,0.0006571171767249183,133.29998631849648,0.07810427033131816
133.82462692151043,-6.167983762555018e-06,0.0006538938838458478,133.82617965862278,0.07844919497729587
134.35082037468752,-6.252586575527074e-06,0.0006506260722329483,134.35237299986562,0.07879241183529481
134.50393974852315,-6.277204616107043e-06,0.0006496667953377152,134.50549234134002,0.07889196189119775
134.65705912235882,-6.301822268876026e-06,0.0006487037489687783,134.6586116829102,0.07899136477470921
135.1832525755359,-6.3864178578908765e-06,0.0006453655143511348,135.18480502593943,0.07933183208996403
135.709446028713,-6.471009475999361e-06,0.0006419827671331159,135.71099837010962,0.0796705311372666
135.86256540254865,-6.495624481497428e-06,0.0006409900456972615,135.8641177124404,0.07976875517547645
136.01568477638432,-6.520239174875219e-06,0.000639993555251719,136.01723705486896,0.07986682692031923
136.5418782295614,-6.604825033571037e-06,0.0006365403936479176,136.54343040086303,0.08020268075247854
137.0680716827385,-6.6894069174171945e-06,0.0006330427245648085,137.069623748021,0.08053670584420745
137.22119105657413,-6.714018960895206e-06,0.0006320165624663936,137.2227430912254,0.08063355842876321
137.3743104304098,-6.7386305978983895e-06,0.0006309866318286524,137.37586243452947,0.08073025359958336
137.90050388358688,-6.823204900448652e-06,0.0006274185570517267,137.9020557835462,0.08106133781499554
138.42669733676397,-6.9077734839198725e-06,0.0006238059813351626,138.4282491337481,0.08139053282513986
138.5798167105996,-6.93238130820369e-06,0.0006227463834043284,138.58136847784215,0.08148596852578134
138.73293608443527,-6.956988607150803e-06,0.0006216830175807444,138.73448782203758,0.08158124169307328
139.25912953761235,-7.041547240976024e-06,0.0006180000483552004,139.26068117413055,0.08190740017981885
139.78532299078944,-7.12609978875617e-06,0.000614272586531346,139.78687452742827,0.08223160900678492
139.9384423646251,-7.150703030339893e-06,0.0006131795589755546,139.93999387242675,0.08232558240089044
140.09156173846077,-7.175305831187545e-06,0.00061208276420998,140.09311321752824,0.082419388142968
140.61775519163785,-7.259850099832074e-06,0.0006082849217533238,140.61930657274658,0.08274046481712154
141.14394864481494,-7.344390185757628e-06,0.0006044425937564625,141.1454999291875,0.08305953138780998
141.29706801865058,-7.3689901981259575e-06,0.0006033161419640839,141.2986192751039,0.0831519970609107
141.45018739248624,-7.393589913310682e-06,0.0006021859234483863,141.45173862112472,0.08324428996410858
141.97638084566333,-7.478124482419721e-06,0.000598273223928459,141.97793197951304,0.0835601287676748
142.50257429884041,-7.5626557755203525e-06,0.0005943160437336059,142.50412533914,0.08387389703201986
142.65569367267608,-7.587253306699468e-06,0.000593156171434624,142.6572446859864,0.08396480957573693
142.80881304651174,-7.611850572084657e-06,0.0005919925327907569,142.8103640329385,0.08405554423224525
143.33500649968883,-7.69637680635294e-06,0.0005879649881573011,143.33655739453678,0.0843659891257773
143.86119995286592,-7.780900296777367e-06,0.0005838929670946473,143.86275075738783,0.08467430305045615
144.01431932670155,-7.805495732933311e-06,0.0005826996774979811,144.015870105175,0.08476361706106224
144.16743870053722,-7.830091041177716e-06,0.0005815026218504874,144.168989453069,0.08485274806762717
144.6936321537143,-7.91461202049013e-06,0.0005773602420339245,144.69518281791233,0.08515764302680168
145.2198256068914,-7.999133457512457e-06,0.000573173387710969,145.22137618402078,0.08546034659210425
145.37294498072706,-8.023729070896797e-06,0.0005719466823925462,145.37449553275803,0.0855480166694211
145.52606435456272,-8.048324927576988e-06,0.0005707162109610972,145.52761488160309,0.08563549862605935
146.0522578077398,-8.132850895547003e-06,0.0005664589967844643,146.0538082497217,0.08593468763500274
146.5784512609169,-8.217381761740736e-06,0.000562157304308155,146.58000161911573,0.08623162482398375
146.73157063475253,-8.241980883903399e-06,0.0005608971806769213,146.7331209688109,0.08631760556731365
146.8846900085882,-8.266580533109423e-06,0.000559633290384328,146.88624031861465,0.08640339307289784
147.41088346176528,-8.351121323083568e-06,0.0005552612277352422,147.41243369003365,0.08669672010663138
147.93707691494237,-8.435669244336116e-06,0.0005508446783997292,147.93862706273643,0.08698773488567685
148.09019628877803,-8.460273647727737e-06,0.000549551130316184,148.09174641339587,0.0870719808881356
148.2433156626137,-8.484878734657158e-06,0.0005482538147497947,148.2448657641645,0.08715602853483059
148.76950911579078,-8.569439323524991e-06,0.0005437668799092428,148.77105913890384,0.08744333754188677
149.29570256896787,-8.65400937101563e-06,0.0005392354473518986,149.29725251493323,0.08772827384635205
149.4488219428035,-8.67862076369358e-06,0.0005379084666409808,149.45037186656177,0.08781073969131971
149.60194131663917,-8.703233142959326e-06,0.0005365777173405951,149.60349121829995,0.08789300206121897
150.12813476981626,-8.787821627381952e-06,0.0005319758787156266,150.1296845963742,0.0881741369530511
150.65432822299334,-8.872424472048066e-06,0.000527329526405807,150.65587797574267,0.08845283867646563
150.80744759682898,-8.89704642480946e-06,0.0005259691013155203,150.8089973283435,0.08853347893408643
150.96056697066464,-8.921669791503834e-06,0.0005246049059919087,150.9621166810543,0.08861391059548651
151.48676042384173,-9.006299150703188e-06,0.0005198881168466786,151.4883100624726,0.0888887152311359
152.01295387701882,-9.090946705010822e-06,0.0005151267914996176,152.01450344518713,0.08916102620622507
152.16607325085448,-9.115582201777377e-06,0.0005137329053747847,152.16762279876193,0.08923979542725156
152.31919262469015,-9.14021929279924e-06,0.0005123352469445112,152.32074215244674,0.08931835092834052
152.84538607786723,-9.224896682338132e-06,0.0005075034458917485,152.84693553721257,0.08958666909245422
153.37157953104432,-9.309593313045451e-06,0.0005026270830886895,153.3731289232745,0.0898524330707651
153.52469890487995,-9.334243231512924e-06,0.0005011997168248847,153.52624827782319,0.08992928578131877
153.67781827871562,-9.358894852931539e-06,0.0004997685760304548,153.6793676324818,0.09000591964528736
154.2040117318927,-9.443623152030639e-06,0.0004948216960458933,154.20556102059305,0.09026759503459371
154.7302051850698,-9.528373211174178e-06,0.0004898302268600503,154.7317544099979,0.09052665567708566
154.88332455890546,-9.553039339289077e-06,0.0004883693599314322,154.88487376551876,0.0906015463765112
155.03644393274112,-9.577707523640094e-06,0.0004869047159508571,155.03799312114927,0.09067621309951884
155.5626373859182,-9.662496028087965e-06,0.0004818426825568465,155.56418651259773,0.09093108931565112
156.0888308390953,-9.747311427878138e-06,0.0004767360269308138,156.0903799053351,0.09118329018329899
156.24195021293093,-9.771997542457347e-06,0.00047524163479555705,156.24349926182478,0.09125617334065027
156.3950695867666,-9.796686075246062e-06,0.0004737434625341406,156.39661861842347,0.09132882738795144
156.92126303994368,-9.881546823414329e-06,0.00046856618515702975,156.92281201319517,0.09157674792087374
157.44745649312077,-9.96643684386224e-06,0.0004633442469083597,157.4490054092486,0.09182193245450608
157.60057586695643,-9.991144891504046e-06,0.00046181630073257,157.60212476670173,0.09189276250228053
157.7536952407921,-1.001585541911867e-05,0.00046028457108097454,157.75524412426324,0.09196335830196063
158.27988869396918,-1.0100791767811127e-05,0.0004549919483454778,158.28143752233782,0.09220416650983991
158.80608214714627,-1.0185757519855168e-05,0.00044965462492343636,158.80763092168468,0.09244217801397073
158.9592015209819,-1.0210487649704174e-05,0.00044809309481414394,158.96075028009423,0.09251090934448507
159.11232089481757,-1.0235220340480285e-05,0.00044652777782927414,159.11386963861128,0.09257940128427912
159.63851434799466,-1.0320233892587867e-05,0.0004411197065079213,159.64006303996229,0.09281294038601676
160.16470780117174,-1.0405279392820162e-05,0.0004356668932065707,160.16625644257357,0.09304362202484023
160.3178271750074,-1.0430033382346072e-05,0.00043407174823503525,160.31937580193068,0.0931102089893581
160.47094654884307,-1.0454790230831685e-05,0.0004324728127152497,160.47249516139414,0.09317655141576128
160.99714000202016,-1.0539889292455939e-05,0.0004269491827758702,160.99868856598857,0.09340266448648962
161.52333345519725,-1.0625022994712133e-05,0.0004213807651535553,161.52488197182876,0.09362585927607918
161.67645282903288,-1.0649802936952365e-05,0.00041975197117847916,161.6780013321226,0.09369025618172312
161.82957220286855,-1.0674585729908589e-05,0.00041811938271476006,161.83112069252147,0.09375440339663718
162.35576565604563,-1.0759772994702588e-05,0.00041248007448413675,162.35731410031983,0.09397293335456601
162.88195910922272,-1.084499187554139e-05,0.0004067959329544066,162.88350750934683,0.09418848415018254
163.03507848305836,-1.0869795745860806e-05,0.0004051334556246158,163.03662687056465,0.09425064525688831
163.18819785689402,-1.0894602062514334e-05,0.000403467180188032,163.18974623188592,0.09431255151505198
163.7143913100711,-1.0979866651963833e-05,0.00039771208023704774,163.71593964284187,0.0945233411178837
164.2405847632482,-1.1065157778991273e-05,0.00039191210763535713,164.24213305500675,0.09473109061919165
164.39370413708386,-1.1089981787363417e-05,0.00039021591709830205,164.3952524171338,0.09479097014300607
164.54682351091952,-1.1114807899433871e-05,0.00038851592539020286,164.5483717793625,0.09485058965593735
165.0730169640966,-1.1200138509072275e-05,0.0003826449370760795,165.07456519342298,0.09505348151862968
165.5992104172737,-1.1285492835156143e-05,0.0003767290421140893,165.60075860866988,0.09525327229114233
165.75232979110933,-1.131033475819023e-05,0.0003749991126407452,165.75387797168938,0.0953108244106204
165.905449164945,-1.1335178485890077e-05,0.0003732653793014963,165.90699733480855,0.09536811135297185
166.43164261812208,-1.1420566865164386e-05,0.0003672784179382365,166.43319075191332,0.09556294796785725
166.95783607129917,-1.1505972341227078e-05,0.0003612465212707157,166.95938417017928,0.09575462246075063
167.11095544513483,-1.1530827466785837e-05,0.0003594828310619592,167.1125035340724,0.09580980132177398
167.2640748189705,-1.155568349393083e-05,0.0003577153350776478,167.26562289806296,0.09586470983620243
167.79026827214759,-1.1641106077208914e-05,0.0003516123358248068,167.79181631814464,0.09605133359160292
168.31646172532467,-1.1726532096994466e-05,0.00034546438686375725,168.3180097393594,0.09623473416282992
168.4695810991603,-1.1751390415144425e-05,0.0003436669244073064,168.47112910410524,0.09628749388780929
168.62270047299597,-1.1776248423473826e-05,0.00034186565577915364,168.62424846894598,0.096339978095111
169.14889392617306,-1.1861668550632015e-05,0.00033564659677435453,169.15044189192977,0.09651823131838379
169.67508737935015,-1.1947078973218052e-05,0.0003293825928111161,169.6766353160157,0.09669320028883682
169.8282067531858,-1.1971930511832677e-05,0.0003275513608773368,169.829754681591,0.0967434949942586
169.98132612702148,-1.1996780798554994e-05,0.00032571632387337325,169.98287404725852,0.09679350901144312
170.50751958019856,-1.208216804783968e-05,0.0003193812303788021,170.50906747306215,0.09696323403328935
171.03371303337565,-1.2167535379161489e-05,0.00031300121191302324,171.0352608999341,0.09712961375097116
171.18683240721128,-1.2192372387241876e-05,0.0003111362249282542,171.18838026631354,0.09717739756537928
171.33995178104695,-1.2217207084146738e-05,0.00030926743521548253,171.3414996327822,0.09722489552331309
171.86614523422404,-1.2302531630563348e-05,0.0003028163706144294,171.8676930613158,0.09738593473480597
172.39233868740112,-1.238781949678196e-05,0.0002963204184460963,172.39388649088062,0.09754356762872383
172.5454580612368,-1.2412629740221476e-05,0.000294421703688471,172.5470058580366,0.09758879470827418
172.69857743507245,-1.2437435954481838e-05,0.0002925191904619159,172.70012522527853,0.09763373076749195
173.22477088824954,-1.2522648530436693e-05,0.000285952271382391,173.22631865644425,0.0977859266788682
173.75096434142662,-1.2607802812177525e-05,0.00027934052934028693,173.75251208860118,0.0979346553277842
173.90408371526226,-1.2632570163628527e-05,0.0002774081341386788,173.90563145650384,0.09797727987869508
174.05720308909792,-1.2657331809453165e-05,0.00027547194713501766,174.0587508244888,0.0980196082528442
174.583396542275,-1.2742379303843286e-05,0.0002687893630156021,174.58494425818085,0.09816280358165186
175.1095899954521,-1.282735224285236e-05,0.00026206204707670573,175.11113769282096,0.09830247080977765
175.26270936928773,-1.2852064185089623e-05,0.00026009603886005723,175.2642570614378,0.09834244711680545
175.4158287431234,-1.2876769277636108e-05,0.00025812624740741613,175.41737643013332,0.09838212210107757
175.94202219630048,-1.2961614350158113e-05,0.0002513282493642928,175.9435698662377,0.09851615986670613
176.46821564947757,-1.304637070294949e-05,0.00024448562974134454,176.46976330324387,0.09864660883059141
176.62133502331324,-1.3071016649008878e-05,0.00024248609056881995,176.6228826725404,0.09868389128036782
176.7744543971489,-1.3095654190034037e-05,0.00024048277842622035,176.77600204191148,0.0987208672741199
177.300647850326,-1.3180253748586954e-05,0.00023356966817859653,177.30219548030604,0.09884559087059133
177.82684130350307,-1.3264741998325245e-05,0.00022661207148210507,177.8283889195527,0.09896666512956977
177.9799606773387,-1.3289305333473975e-05,0.00022457910170692682,177.98150828949176,0.09900120823165973
178.13308005117437,-1.3313858273576602e-05,0.00022254237174933222,178.13462765950098,0.09903543976004722
178.65927350435146,-1.3398151726494849e-05,0.0002155145235629718,178.66082110005502,0.0991506930377449
179.18546695752855,-1.348231302859534e-05,0.00020844235548198747,179.18701454140827,0.09926223664740384
179.3385863313642,-1.3506777868152785e-05,0.0002063760789279767,179.34013391195015,0.09929399506376545
179.49170570519988,-1.3531231075428362e-05,0.0002043060572923276,179.49325328255762,0.09932543680781002
180.01789915837696,-1.3615174752349758e-05,0.00019716392065029646,180.01944672513196,0.09943106417936519
180.54409261155405,-1.3698978630526586e-05,0.00018997765017562558,180.54564016844932,0.09953292179398394
180.69721198538969,-1.3723338638639105e-05,0.00018787820598488314,180.69875953955196,0.09956185036673745
180.85033135922535,-1.3747686626723475e-05,0.00018577503278135419,180.85187891071533,0.0995904571898714
181.37652481240244,-1.3831265751462735e-05,0.00017851909425366399,181.3780723551621,0.09968630370843261
181.90271826557952,-1.3914698141237694e-05,0.00017121921554320236,181.90426580029225,0.0997783206391866
182.0558376394152,-1.3938948306012517e-05,0.0001690867488844923,182.0573851719111,0.09980437440378231
182.20895701325085,-1.3963185562121326e-05,0.0001669505701018515,182.21050454358542,0.0998301013637572
182.73515046642794,-1.4046376086559521e-05,0.00015958133922193982,182.73669798974805,0.09991601275751019
183.26134391960503,-1.4129409323663748e-05,0.00015216837541448498,183.26289143653108,0.09999803500427856
183.41446329344066,-1.4153541721549898e-05,0.00015000304134681522,183.41601080861884,0.10002116919959698
183.56758266727633,-1.4177660938119391e-05,0.00014783401307263418,183.5691301807566,0.10004397155903107
184.0937761204534,-1.4260446086762666e-05,0.00014035203371956574,184.09532362846969,0.10011979427274824
184.6199695736305,-1.4343083355633098e-05,0.00013282653226994498,184.6215170767367,0.10019166856743071
184.77308894746616,-1.436710398568735e-05,0.0001306284892647289,184.77463644924362,0.10021183864750827
184.92620832130183,-1.4391113509954147e-05,0.00012842676884730609,184.92775582179476,0.10023167188438664
185.45240177447891,-1.4473542323322155e-05,0.00012083256748319257,185.45394927088392,0.10029725310029208
185.978595227656,-1.455585938447497e-05,0.00011319502201877355,185.98014272045705,0.10035882689349593
186.13171460149164,-1.457979440726496e-05,0.00011096440553448028,186.13326209333064,0.10037598851523984
186.2848339753273,-1.4603721662268562e-05,0.0001087301244193095,186.28638146624246,0.10039280830675718
186.8110274285044,-1.4685891940993507e-05,0.00010102411974117715,186.81257491652428,0.10044799585677562
187.33722088168147,-1.4767988876254627e-05,9.327489689675913e-05,187.3387683672166,0.10049911718704489
187.4903402555171,-1.4791867235615666e-05,9.101180367073116e-05,187.49188774040192,0.10051322616539604
187.64345962935278,-1.4815741792804741e-05,8.874505394924659e-05,187.6450071136191,0.10052698834078218
188.16965308252986,-1.4897763195975249e-05,8.092752780226998e-05,188.1712005649012,0.10057163053401781
188.69584653570695,-1.4979778921622818e-05,7.306684402366228e-05,188.69739401651694,0.1006121478415567
188.8489659095426,-1.5003649693796585e-05,7.07713225477569e-05,188.8505133899563,0.10062316009314491
189.00208528337828,-1.5027525488108143e-05,6.847214453159496e-05,189.00363276342077,0.10063382057528004
189.52827873655536,-1.5109630343011336e-05,6.054316371992073e-05,189.52982621550169,0.10066776597660756
190.05447218973245,-1.5191877415923697e-05,5.257094245402966e-05,190.05601966783559,0.10069752782372729
190.2075915635681,-1.5215848022241354e-05,5.024293746838977e-05,190.20913904146857,0.10070539926972377
190.36071093740375,-1.523983894848307e-05,4.791125924043494e-05,190.3622584151198,0.10071291396942836
190.88690439058084,-1.5322466916018293e-05,3.987043129274074e-05,190.88845186778863,0.10073601095521698
191.41309784375792,-1.540542971677153e-05,3.178603695595652e-05,191.41464532062642,0.10075486544781037
191.5662172175936,-1.5429643865158575e-05,2.94253144686083e-05,191.56776469439006,0.10075955181871803
191.71933659142925,-1.545389213558118e-05,2.7060880928424217e-05,191.72088406816462,0.10076387642923328
192.24553004460634,-1.553750159829123e-05,1.8907166274118897e-05,192.2470775212013,0.10077597240627865
192.77172349778343,-1.562155780528707e-05,1.0709339330952657e-05,192.77327097431908,0.10078376634625583
192.92484287161906,-1.5646103905233514e-05,8.315497598194598e-06,192.9263903481475,0.10078522293205881
193.07796224545473,-1.5670687523966392e-05,5.9178947341682956e-06,193.07950972197924,0.10078631268204416
193.6041556986318,-1.575545515913216e-05,-2.3502024225718756e-06,193.60570317515408,0.1007872532908469
194.1303491518089,-1.5840635855025768e-05,-1.0663012428902963e-05,194.1318966283184,0.10078383151725116
194.28346852564457,-1.5865494847577192e-05,-1.3090423859323221e-05,194.28501600214295,0.10078201301230406
194.43658789948023,-1.5890383217510017e-05,-1.5521642948621714e-05,194.4381353759629,0.10077982252869408
194.96278135265732,-1.5976116903703614e-05,-2.390560303474161e-05,194.9643288290363,0.10076945133059714
195.4889748058344,-1.6062119318550587e-05,-3.2334746326882354e-05,195.49052228200378,0.10075465666003881
195.64209417967004,-1.6087186840918978e-05,-3.4796087553528064e-05,195.6436416557529,0.10074951719478784
195.7952135535057,-1.6112270450850392e-05,-3.726126731130805e-05,195.79676102948912,0.10074400055464502
196.3214070066828,-1.619857154733881e-05,-4.576213863640156e-05,196.32295448221143,0.10072215936099775
196.84760045985988,-1.6284996657906567e-05,-5.4308453661167574e-05,196.8491479347282,0.10069583310842896
197.00071983369554,-1.6310162943890864e-05,-5.68039292187292e-05,197.00226730832722,0.10068732642900505
197.1538392075312,-1.6335335885561157e-05,-5.93032581028288e-05,197.15538668190484,0.10067843734806253
197.6800326607083,-1.6421881634679566e-05,-6.792157287084278e-05,197.6815801340159,0.10064496690891972
198.20622611388538,-1.6508471482642392e-05,-7.658543904770474e-05,198.2077735858179,0.10060694958455246
198.35934548772101,-1.653367382354228e-05,-7.911513553770293e-05,198.36089295918927,0.10059502924679356
198.51246486155668,-1.6558877742710725e-05,-8.164869068760883e-05,198.5140123325302,0.10058272126789747
199.03865831473377,-1.6645496263955122e-05,-9.038465317835194e-05,199.04020578375926,0.10053746185679271
199.56485176791085,-1.673210609255833e-05,-9.916619148089224e-05,199.56639923457146,0.10048759364859007
199.7179711417465,-1.6757304216632634e-05,-0.00010173013050532951,199.71951860763434,0.10047221313829527
199.87109051558215,-1.67824990056919e-05,-0.0001042979271587645,199.87263798065754,0.1004564397443371
200.39728396875924,-1.686904537444717e-05,-0.00011315154151890376,200.3988314307232,0.10039923149711347
200.92347742193633,-1.695551901537553e-05,-0.00012205067687722502,200.92502488026,0.1003373525595808
201.076596795772,-1.6980665319216844e-05,-0.00012464882086278125,201.07814425293046,0.10031846537208323
201.22971616960766,-1.7005803374917325e-05,-0.00012725081431921653,201.2312636255516,0.1002991800646222
201.75590962278474,-1.7092120629975804e-05,-0.00013622187143322146,201.7574570741614,0.10022986325398384
202.28210307596183,-1.717832557228934e-05,-0.00014523831857261876,202.28365052212624,0.1001558139899008
202.43522244979746,-1.7203388752826515e-05,-0.00014787057204598212,202.43676989431725,0.10013337371347658
202.58834182363313,-1.7228442254162364e-05,-0.0001505066624146352,202.58988926644886,0.1001105300954273
203.11453527681022,-1.7314464385760756e-05,-0.00015959479296524286,203.11608271329953,0.1000289454014621
203.6407287299873,-1.7400375072639027e-05,-0.00016872815847758478,203.64227615938483,0.09994256669159023
203.79384810382297,-1.742535427749478e-05,-0.00017139440548739383,203.79539553100602,0.0999165270629364
203.94696747765863,-1.7450324529282358e-05,-0.0001740644766640451,203.94851490255746,0.0998900788885207
204.47316093083572,-1.7536067581806135e-05,-0.00018326928640955063,204.47470834733465,0.09979606752284628
204.9993543840128,-1.762170787513059e-05,-0.00019251918655234046,205.00090179122168,0.09969720078349166
205.15247375784844,-1.764660962078527e-05,-0.0001952193179938478,205.1540211621795,0.09966751569328908
205.3055931316841,-1.7671502781455708e-05,-0.00019792326177642353,205.30714053305678,0.09963741686980143
205.8317865848612,-1.7756982202216563e-05,-0.00020724438452116828,205.83333397543498,0.09953082056022647
206.35798003803828,-1.7842363159971248e-05,-0.00021661046007220397,206.35952741679392,0.09941930771005637
206.51109941187394,-1.7867190678637556e-05,-0.00021934437239230683,206.51264678699158,0.09938593119283853
206.6642187857096,-1.789201065509365e-05,-0.00022208208587728268,206.66576615709764,0.0993521357705438
207.1904122388867,-1.797724944947906e-05,-0.00023151917407800076,207.19195959674002,0.09923279673077308
207.71660569206378,-1.8062413395683768e-05,-0.00024100109468196967,207.71815303522976,0.09910848016184894
207.86972506589942,-1.8087183473352713e-05,-0.00024376869643577922,207.87127240456712,0.09907136638678518
208.02284443973508,-1.811194878357907e-05,-0.00024654009086037517,208.02439177380148,0.09903382854848873
208.54903789291217,-1.8197023405084513e-05,-0.0002560928642437481,208.55058521036,0.09890158942723438
209.07523134608925,-1.8282060289723604e-05,-0.00026569039340754256,209.07677864562794,0.09876431192423195
209.22835071992492,-1.8306800442039043e-05,-0.0002684916250190859,209.22989801400166,0.09872341516477001
209.38147009376058,-1.8331538776034913e-05,-0.0002712966449109875,209.38301738226045,0.09868208919269793
209.90766354693767,-1.841654182055973e-05,-0.00028096494499154327,209.90921081537545,0.09853679293922472
210.43385700011476,-1.8501536491443394e-05,-0.0002906779709145503,210.43540424705748,0.09838639752252436
210.5869763739504,-1.852626924301181e-05,-0.0002935128080347525,210.58852361436075,0.09834167210830075
210.74009574778606,-1.855100232767387e-05,-0.00029635143245875314,210.74164298153684,0.09829651233560302
211.26628920096314,-1.863600312775501e-05,-0.00030613521104438663,211.26783641083713,0.0981380020357467
211.79248265414023,-1.8721022658291465e-05,-0.0003159637214224589,211.79402983855752,0.09797433180710499
211.94560202797587,-1.8745768229923717e-05,-0.0003188321670414184,211.94714920468013,0.09792573208188353
212.09872140181153,-1.8770516948029676e-05,-0.00032170440220361045,212.1002685706629,0.09787669285157605
212.62491485498862,-1.885559484769635e-05,-0.00033160370653330287,212.6264619957654,0.09770481159346099
213.1511083081657,-1.8940730171516893e-05,-0.0003415477934049166,213.15265541913644,0.09752770960436355
213.30422768200137,-1.896551717239208e-05,-0.0003444498835950559,213.3057747839647,0.09747518988673438
213.45734705583703,-1.899031073097302e-05,-0.00034735576992816407,213.45889414864004,0.09742222551149811
213.98354050901412,-1.9075569066897123e-05,-0.00035737077411692505,213.9850875691497,0.09723681623674797
214.5097339621912,-1.91609227465785e-05,-0.0003674306657685083,214.51128098777153,0.09704612532295295
214.66285333602684,-1.9185779867664276e-05,-0.00037036647707683096,214.66440035118816,0.09698963985501999
214.8159727098625,-1.9210646242722845e-05,-0.000373306095403868,214.81751971443845,0.09693270456497466
215.3421661630396,-1.929617310869717e-05,-0.00038343710822231304,215.3437131299479,0.09673360988476604
215.86835961621668,-1.93818209396909e-05,-0.00039361315654320495,215.86990654340846,0.09652917248363783
216.02147899005234,-1.9406767958095723e-05,-0.0003965827985385395,216.0230259052926,0.09646867537964603
216.174598363888,-1.9431726220667905e-05,-0.0003995562614590765,216.17614526699663,0.09640772327208803
216.7007918170651,-1.951758410907238e-05,-0.0004098036910832821,216.70233867708606,0.09619478530647034
217.22698527024218,-1.9603588554159163e-05,-0.00042009633712485284,217.2285320849607,0.09597644331463494
217.38010464407782,-1.9628644521186197e-05,-0.0004230999443236329,217.38165144518794,0.09591188852293175
217.53322401791348,-1.9653714163176038e-05,-0.00042610738933247474,217.53477080522075,0.09584687352536658
218.05941747109057,-1.9739974297515637e-05,-0.0004364717320861474,218.06096420945767,0.09561993378147314
218.58561092426766,-1.9826410684545663e-05,-0.00044688151072928535,218.58715761130873,0.09538752843476313
218.73873029810332,-1.98515978283291e-05,-0.00044991924633110364,218.7402769697507,0.09531886970198684
218.89184967193899,-1.9876800906077638e-05,-0.0004529608399436543,218.8933963279836,0.09524974553583503
219.41804312511607,-1.996353573650008e-05,-0.0004634426934592866,219.4195897259225,0.09500864477793185
219.94423657829316,-2.0050467632448148e-05,-0.00047397023812214385,219.94578312129937,0.09476201651673398
220.0973559521288,-2.0075802087213752e-05,-0.0004770422924995108,220.09890247782403,0.09468920734838561
220.25047532596446,-2.0101153651685708e-05,-0.00048011822746550566,220.25202183412443,0.0946159274899171
220.77666877914154,-2.0188405670775737e-05,-0.0004907182695899731,220.77821522530647,0.09436050561109342
221.30286223231863,-2.0275864054289576e-05,-0.000501364277449466,221.30440861374515,0.09409949396673914
221.4559816061543,-2.0301353195044054e-05,-0.0005044708562388109,221.4575279682166,0.0940224875979168
221.60910097998996,-2.0326860213884446e-05,-0.0005075813393536031,221.61064732244813,0.09394500525070618
222.13529443316705,-2.041465266052854e-05,-0.0005183002885126106,222.13684070640096,0.09367510119254836
222.66148788634413,-2.050266208856638e-05,-0.0005290654905693747,222.66303408742382,0.09339954472529147
222.81460726017977,-2.052831376166926e-05,-0.0005322068089493374,222.81615343970188,0.093318294105348
222.96772663401543,-2.055398426107732e-05,-0.0005353520565992112,222.96927279172408,0.09323656218571032
223.49392008719252,-2.0642345929070382e-05,-0.0005461906662945273,223.49546616796144,0.09295201389092729
224.0201135403696,-2.0730933943614966e-05,-0.0005570758308720895,224.02165954107676,0.09266175014309652
224.17323291420524,-2.0756755340724025e-05,-0.0005602521151101268,224.17477889101738,0.09257620792142693
224.3263522880409,-2.078259593546655e-05,-0.0005634323545624338,224.3278982406857,0.09249017904409866
224.852545741218,-2.0871543210320747e-05,-0.0005743914123863475,224.85409160870736,0.09219082340662349
225.37873919439508,-2.0960714757219715e-05,-0.0005853973326892079,225.38028497340937,0.09188568885625698
225.53185856823075,-2.098670486665874e-05,-0.0005886088137941454,225.5334043208643,0.09179580737033442
225.6849779420664,-2.1012713567753244e-05,-0.0005918242758560443,225.68652366802996,0.0917054338375218
226.2111713952435,-2.1102232782865136e-05,-0.0006029045709303477,226.2127170273212,0.09139110667545693
226.73736484842058,-2.1191967530800074e-05,-0.0006140320271355563,226.73891038308943,0.09107093672778756
226.89048422225622,-2.1218119920443254e-05,-0.0006172789299513914,226.89202972790622,0.09097666800457184
227.04360359609188,-2.124429029093644e-05,-0.0006205298385319278,227.04514907241622,0.09088190180889955
227.56979704926897,-2.1334361008781225e-05,-0.0006317321331162442,227.57134242244757,0.09055243788550375
228.09599050244606,-2.1424641425804378e-05,-0.0006429818774937805,228.09753576874687,0.09021706690533068
228.24910987628172,-2.1450951595749793e-05,-0.0006462644192697961,228.25065511076863,0.09011836267180681
228.4022292501174,-2.147727920310081e-05,-0.0006495509909032313,228.4037744524657,0.09001915550705408
228.92842270329447,-2.1567885894101883e-05,-0.000660876024145416,228.92996779269282,0.08967438856653916
229.45461615647156,-2.1658693051746734e-05,-0.0006722487867773369,229.45616112897304,0.08932364991153323
229.6077355303072,-2.1685154303526912e-05,-0.0006755671780039289,229.60928046803858,0.0892204616037864
229.76085490414286,-2.1711631814934056e-05,-0.0006788896220775815,229.76239980676095,0.08911676487395592
230.28704835731995,-2.180274297856696e-05,-0.000690338103666308,230.2885931366243,0.08875652767383443
230.81324181049703,-2.1894036105489876e-05,-0.0007018345752267948,230.81478646231997,0.08839025373308626
230.9663611843327,-2.1920634925757014e-05,-0.0007051890126149537,230.9679057982637,0.08828253250950463
231.11948055816836,-2.1947248311835173e-05,-0.0007085475237787596,231.12102513384528,0.08817429734306799
231.64567401134545,-2.2038813498521196e-05,-0.000720120105486624,231.64721845276998,0.08779842171299053
232.17186746452253,-2.2130542198351527e-05,-0.0007317409112160339,232.17341176730005,0.08741644398018218
232.32498683835817,-2.2157264593192545e-05,-0.000735131571727536,232.32653109995175,0.08730414074525823
232.47810621219384,-2.2184000221743708e-05,-0.0007385263248559459,232.47965043222177,0.08719131801975287
233.00429966537092,-2.2275976136717947e-05,-0.0007502235925539013,233.00584373961723,0.0867996349498565
233.530493118548,-2.236810133884383e-05,-0.0007619692966531264,233.53203704238516,0.0864017841125547
233.68361249238367,-2.239493649216274e-05,-0.0007653963407157154,233.68515637156997,0.08628484954211228
233.83673186621934,-2.242178360177305e-05,-0.0007688274945419328,233.8382757003532,0.08616738990892481
234.36292531939642,-2.251413245546826e-05,-0.0007806499811946173,234.36446899561304,0.0857597296302288
234.8891187725735,-2.2606612855464877e-05,-0.0007925210958189254,234.8906622860062,0.08534583564449533
235.04223814640915,-2.2633547662609437e-05,-0.0007959846682928912,235.04378161154483,0.08522422020661616
235.1953575202448,-2.2660492659446438e-05,-0.000799452365632611,235.19690093666136,0.08510207411184363
235.7215509734219,-2.2753163408326533e-05,-0.000811400545096134,235.72309421916322,0.08467826616931878
236.24774442659898,-2.2845943402036614e-05,-0.0008233975160429754,236.249287496553,0.0842481583381773
236.40086380043462,-2.287296122876025e-05,-0.0008268977410382402,236.40240681826126,0.08412181231766026
236.5539831742703,-2.2899987520696135e-05,-0.0008304021035066115,236.55552613952634,0.08399493002728585
237.08017662744737,-2.2992925315744457e-05,-0.0008424763745995199,237.0817194086317,0.08355480337248514
237.60637008062446,-2.3085955426034868e-05,-0.0008545995732395725,237.60791267237317,0.08310831044486541
237.75948945446012,-2.3113043261465462e-05,-0.000858136554072706,237.76103199006212,0.08297718397261161
237.9126088282958,-2.31401383774403e-05,-0.0008616776830342101,237.9141513072865,0.08284551560182069
238.43880228147287,-2.3233304462312667e-05,-0.0008738783805576212,238.4403445623403,0.08238889869055581
238.96499573464996,-2.332655010049405e-05,-0.0008861281223951648,238.96653781177224,0.0819258489511879
239.1181151084856,-2.335369825200821e-05,-0.0008897019475660894,239.11965712524844,0.08178989202832822
239.27123448232126,-2.3380852513558767e-05,-0.0008932799299960698,239.27277643823777,0.08165338756481341
239.79742793549835,-2.347421233201522e-05,-0.0009056073413956864,239.79896967856865,0.08118010843087606
240.32362138867543,-2.3567635671178496e-05,-0.0009179838948326538,240.32516291301314,0.0807003297673219
240.4767407625111,-2.3594832279866913e-05,-0.0009215946386208671,240.47828222207806,0.08055949228406248
240.62986013634676,-2.3622033529922035e-05,-0.0009252095469797577,240.63140153063344,0.08041810160681157
241.15605358952385,-2.3715543421913692e-05,-0.0009376639064402512,241.1575947555533,0.07992798792816759
241.68224704270094,-2.3809100752766148e-05,-0.0009501674826747262,241.6837879743158,0.07943130790122675
241.83536641653657,-2.3836333628728455e-05,-0.0009538152022162702,241.83690727876606,0.07928553965844451
241.98848579037224,-2.3863570087540433e-05,-0.0009574670918406019,241.99002658268353,0.07913921255969061
242.51467924354932,-2.3957194019350612e-05,-0.0009700485766568347,242.5162197914875,0.07863209173602377
243.0408726967264,-2.4050856338263675e-05,-0.0009826793358725671,243.04241299385652,0.07811833765660334
243.19399207056208,-2.407811838847755e-05,-0.0009863640750965642,243.19553229348384,0.07796758838734698
243.34711144439774,-2.4105383398996057e-05,-0.0009900529888337882,243.3486515925546,0.07781627459345447
243.87330489757483,-2.41991011193925e-05,-0.0010027617392381401,243.87484478452075,0.07729197381129317
244.3994983507519,-2.429284967217921e-05,-0.0010155198114053113,244.40103796976783,0.07676097279484564
244.55261772458755,-2.432013523762454e-05,-0.0010192416063177477,244.554157264359,0.07660519217809555
244.7057370984232,-2.434742295154692e-05,-0.0010229675792620414,244.70727655836927,0.07644884136261546
245.2319305516003,-2.4441211610877044e-05,-0.0010358037084765995,245.2334697327587,0.07590718763591182
245.7581240047774,-2.4535019279355708e-05,-0.0010486891936709233,245.75966290013812,0.07535876664028521
245.91124337861305,-2.4562319666043757e-05,-0.0010524480706017264,245.91278218947497,0.0751979043121897
246.06436275244872,-2.4589621186998153e-05,-0.0010562111277670689,246.06590147820606,0.07503646610735061
246.5905562056258,-2.468344985016406e-05,-0.0010691747110605871,246.59209463426254,0.07447728632071209
247.1167496588029,-2.4777287756875396e-05,-0.0010821876688143293,247.11828778301154,0.07391127219506251
247.26986903263852,-2.4804595440193386e-05,-0.0010859836422864868,247.27140706687067,0.07374527776421601
247.4229884064742,-2.4831903685583646e-05,-0.0010897837970953047,247.42452635009863,0.07357870177644034
247.94918185965128,-2.492575197310491e-05,-0.0011028748732268417,247.95071948704853,0.07300182273875855
248.47537531282836,-2.5019604707301057e-05,-0.0011160153328827692,248.4769126163867,0.07241804227407522
248.628494686664,-2.5046915917141217e-05,-0.0011198484100411795,248.63003189453985,0.07224686533496513
248.78161406049966,-2.507422726814814e-05,-0.0011236856690334648,248.78315117203576,0.07207510115767898
249.30780751367675,-2.5168082831946116e-05,-0.001136904256457651,249.30934428908805,0.07148034964029644
249.83400096685384,-2.526193610143056e-05,-0.0011501722294614246,249.8355373982174,0.07087862960007063
249.9871203406895,-2.5289245922895103e-05,-0.0011540424121734337,249.9886566704311,0.07070221974088892
250.14023971452517,-2.531655510851097e-05,-0.001157916776430377,250.1417759419609,0.07052521696208677
250.66643316770225,-2.5410396471945764e-05,-0.001171262871899501,250.66796903830672,0.06991241972458036
251.19262662087934,-2.550422509885322e-05,-0.0011846583427287617,251.19416212641158,0.06929258687334325
251.34574599471497,-2.553152579345084e-05,-0.0011885656238924617,251.34728139244712,0.06911089368538727
251.49886536855064,-2.555882508786526e-05,-0.0011924770851663815,251.5004006577716,0.0689286018975405
252.02505882172773,-2.5652627279587435e-05,-0.0012059506514810478,252.02659373258442,0.06829758572642518
252.5512522749048,-2.5746410475772767e-05,-0.0012194735708972275,252.5527867988314,0.06765946687344981
252.70437164874048,-2.5773697106495937e-05,-0.0012234179342388216,252.70590605844507,0.06747243996436299
252.85749102257614,-2.580098201373233e-05,-0.0012273664755342252,252.8590253173197,0.06728480877762627
253.38368447575323,-2.5894732972363702e-05,-0.0012409674498798885,253.38521836975508,0.06663540052947846
253.9098779289303,-2.5988462170940298e-05,-0.0012546177496412124,253.9114114132927,0.06597882256583877
254.06299730276595,-2.6015732571473478e-05,-0.0012585991745470552,254.0645306662353,0.0657864115687741
254.21611667660162,-2.604300094306967e-05,-0.001262584774885487,254.21764991841053,0.06559339061948188
254.7423101297787,-2.6136692268166343e-05,-0.0012763130825567213,254.74384294760588,0.06492541724491058
255.2685035829558,-2.6230356387379536e-05,-0.001290090682832061,255.27003596756458,0.06425020716189131
255.42162295679145,-2.6257606621720046e-05,-0.0012941091449065621,255.42315521358177,0.06405236174030039
255.57474233062712,-2.6284854268620216e-05,-0.0012981317792867062,255.57627445880263,0.06385390069570025
256.1009357838042,-2.6378469899073754e-05,-0.0013119873289247999,256.10246746387736,0.06316718925690278
256.62712923698126,-2.6472052728628765e-05,-0.0013258921298649432,256.62866045936937,0.06247317416702557
256.78024861081695,-2.649927850826323e-05,-0.0013299475984464527,256.7817796982015,0.06226984402170554
256.9333679846526,-2.6526501491373757e-05,-0.0013340072356091844,256.93489893620773,0.06206589258730686
257.4595614378297,-2.6620031748550094e-05,-0.0013479899159422185,257.46109191626283,0.061360270285183205
257.98575489100676,-2.6713529894037215e-05,-0.001362021802835771,257.9872848863821,0.060647277448822284
258.1388742648424,-2.6740731469354906e-05,-0.0013661142443721808,258.14040411776426,0.060438412324932016
258.29199363867804,-2.6767930458645868e-05,-0.0013702108508140784,258.2935233482902,0.06022892025098829
258.8181870918551,-2.6861380318292588e-05,-0.001384320548218941,258.81971630240827,0.05950421444158974
259.3443805450322,-2.695480075340113e-05,-0.0013984794105866493,259.3459092462302,0.05877207127377638
259.4974999188679,-2.6981980126333286e-05,-0.001402608793670443,259.4990284698918,0.05855762096088938
259.65061929270354,-2.7009157023831263e-05,-0.0014067423382560752,259.6521476926666,0.05834253804176831
260.1768127458806,-2.710253113367692e-05,-0.0014209789475854732,260.1783406199117,0.057598576229732086
260.7030061990577,-2.7195875483127925e-05,-0.0014352646819303047,260.7045335364931,0.056847110290017135
260.8561255728934,-2.722303254036278e-05,-0.0014394309765262243,260.8576527521585,0.05662702461911016
261.00924494672904,-2.725018709987257e-05,-0.0014436014292187997,261.0107719669055,0.05640630069039223
261.5354383999061,-2.7343484574052365e-05,-0.0014579648467502224,261.5369648663229,0.05564291052136259
262.0616318530832,-2.7436754190132976e-05,-0.0014723773494723803,262.0631577547018,0.05487194950995667
262.21475122691885,-2.7463890177576624e-05,-0.0014765805256254446,262.2162769620896,0.05464617835298785
262.3678706007545,-2.749102407738753e-05,-0.0014807878567097816,262.3693961685269,0.05441976329116624
262.8940640539316,-2.758425454237177e-05,-0.0014952779831498046,262.89558903914303,0.05363677255043984
263.42025750710866,-2.767746404445781e-05,-0.0015098171613348677,263.42178189833857,0.05284614430323013
263.57337688094435,-2.7704583969003224e-05,-0.001514057193582564,263.57490109716196,0.052614637570419606
263.72649625478,-2.773170239921893e-05,-0.0015183013783410236,263.72802029500224,0.05238248128953968
264.2526897079571,-2.7824884149590286e-05,-0.001532918135074715,264.25421313582444,0.0515797178846989
264.77888316113416,-2.7918050568727404e-05,-0.001547583919401809,264.7804059648365,0.050769250348211094
264.93200253496985,-2.794515877812026e-05,-0.0015518607892225356,264.9335251548031,0.05053195797956643
265.0851219088055,-2.7972265784928902e-05,-0.0015561418097658722,265.0866443437533,0.05029401042244817
265.6113153619826,-2.806540973820406e-05,-0.0015708851393421576,265.6128371537697,0.04947130235236979
266.13750881515966,-2.8158540452606083e-05,-0.0015856774771737536,266.13902995157883,0.04864082355446719
266.29062818899536,-2.8185638633499272e-05,-0.001589991169887296,266.29214913239053,0.048397695512132716
266.443747562831,-2.8212735862404956e-05,-0.0015943090118208702,266.44526831215177,0.04815390664315095
266.9699410160081,-2.8305848617654183e-05,-0.001609178866746954,266.97146109033116,0.0473110819773531
267.49613446918517,-2.8398953209486476e-05,-0.0016240977148474873,267.4976538558984,0.04646042001144736
267.6492538430208,-2.8426044996114177e-05,-0.0016284482188973599,267.6507730272515,0.04621140627572696
267.80237321685644,-2.8453136409906137e-05,-0.0016328028712449783,267.80389219751953,0.045961726076887734
268.3285666700335,-2.8546234101660506e-05,-0.0016477992190818472,268.3300849428108,0.04509861294079695
268.8547601232106,-2.863933093440257e-05,-0.0016628445540886182,268.85627767507765,0.044227595947019825
269.0078794970463,-2.8666421775519634e-05,-0.0016672318645495035,269.0093968366626,0.043972646509723
269.16099887088194,-2.8693512742004645e-05,-0.0016716233231788803,269.1625159971273,0.043717024973539464
269.687192324059,-2.8786612106440873e-05,-0.0016867461557578433,269.68870870845956,0.04283345152033119
270.2133857772361,-2.8879714037939367e-05,-0.0017019179772882523,270.21490140634745,0.041941907654132575
270.3665051510718,-2.890680671579919e-05,-0.0017063420952185913,270.36802055784887,0.041680972509288775
270.51962452490744,-2.8933899630722303e-05,-0.001710770361594493,270.5211397081942,0.041419359629629615
271.04581797808453,-2.9027006038884794e-05,-0.0017260196859889736,271.0473323844768,0.04051515401146007
271.5720114312616,-2.9120116034348646e-05,-0.0017413180033096839,271.57352504688697,0.03960291142072253
271.7251308050973,-2.9147211340805974e-05,-0.0017457789316364038,271.7266441879839,0.03933594055935132
271.87825017893294,-2.9174307108595267e-05,-0.0017502440088440316,271.87976332788804,0.03906828632677377
272.40444363211003,-2.926742560854045e-05,-0.0017656198370674587,272.4059559680098,0.038143276682863325
272.9306370852871,-2.9360552104356018e-05,-0.0017810446657396126,272.93214859382334,0.037210163499578584
273.08375645912275,-2.9387653202725547e-05,-0.0017855424099130568,273.08526772418844,0.0369371069074181
273.2368758329584,-2.9414755187165003e-05,-0.0017900443038844885,273.2383868533237,0.03666336130677601
273.7630692861355,-2.9507898434237258e-05,-0.0018055466606392767,273.76457945615306,0.03571737575270979
274.28926273931256,-2.960105388019067e-05,-0.0018210980319703658,274.2907720442305,0.034763220077753766
274.44238211314826,-2.9628163997217544e-05,-0.0018256326023259966,274.4438911635309,0.034484027729851784
274.5955014869839,-2.9655275164725105e-05,-0.001830171323846093,274.59701028156337,0.03420414073460291
275.121694940161,-2.974845034171701e-05,-0.001845800249066603,275.12320284594824,0.03323700734126345
275.64788839333806,-2.9841637090125465e-05,-0.0018614782054996448,275.6493953951294,0.0322616372238731
275.80100776717376,-2.98687559719107e-05,-0.0018660496144947605,275.8025145030258,0.03197625907925695
275.9541271410094,-2.9895875761819465e-05,-0.0018706251759826136,275.9556336096158,0.031690180646550464
276.4803205941865,-2.998907943732561e-05,-0.0018863807111933505,276.4818261343832,0.030701727427846943
277.00651404736357,-3.0082293923924944e-05,-0.0019021852924123125,277.0080186434869,0.029704970860594183
277.1596334211992,-3.010942092122914e-05,-0.0019067935512389808,277.1611377396341,0.029413356862188204
277.31275279503484,-3.013654892163665e-05,-0.0019114059638241795,277.3142568344356,0.029121036933228223
277.8389462482119,-3.0229782107367976e-05,-0.001927288147336959,277.84044931839156,0.028111091849652076
278.365139701389,-3.0323028454335446e-05,-0.0019432193930043653,278.36664178621567,0.02709277677254273
278.5182590752247,-3.0350165228900358e-05,-0.001947864513692647,278.5197608702624,0.026794876847893924
278.67137844906034,-3.037730317706134e-05,-0.0019525137896374003,278.6728799529234,0.02649626534836475
279.1975719022374,-3.0470571665517222e-05,-0.0019685226657340776,279.1990723948527,0.025464656305152523
279.7237653554145,-3.056385370659987e-05,-0.0019845806226644184,279.7252648201738,0.02442461059948598
279.8768847292502,-3.0591000689845336e-05,-0.0019892626191649458,279.8783838917624,0.024120374658320565
280.03000410308584,-3.06181486852516e-05,-0.0019939487724526888,280.0315029619247,0.023815421495840726
280.55619755626293,-3.071144966516052e-05,-0.0020100843885808898,280.5576953605906,0.022761976334620317
281.08239100944,-3.0804760697265085e-05,-0.002026269101718592,281.0838877421638,0.02170002781774723
281.2355103832757,-3.083191539413509e-05,-0.002030987986346001,281.2370068009305,0.021389405751498926
281.38862975711135,-3.0859070851657e-05,-0.002035711028932769,281.3901258582294,0.02107806081565405
281.91482321028843,-3.095239594478338e-05,-0.0020519734231213313,281.91631821237405,0.020002607319168215
282.4410166634655,-3.104572995976405e-05,-0.0020682849267102225,282.44251054893266,0.018918583754848263
282.59413603730115,-3.1072891365188796e-05,-0.0020730407088972082,282.59562959450733,0.01860152544044729
282.7472554111368,-3.11000535804706e-05,-0.002077800650087425,282.74874863857207,0.01828373860671356
283.2734488643139,-3.119340276042199e-05,-0.0020941898540961976,283.27494094691554,0.017186104511739842
283.79964231749096,-3.128676202952068e-05,-0.00211062818048674,283.8011332371714,0.016079833619915836
283.95276169132666,-3.131393097090064e-05,-0.0021154208699314687,283.9542522691776,0.015756288921615222
284.1058810651623,-3.1341100727886336e-05,-0.00212021771951545,284.10737129963104,0.015432010052760773
284.6320745183394,-3.143447539095106e-05,-0.002136733767747942,284.63356356087155,0.01431202305144617
285.15826797151647,-3.152785812902933e-05,-0.0021532989512413397,285.1597558035145,0.013183332506222438
285.31138734535216,-3.1555033269357354e-05,-0.0021581285576659226,285.31287482156927,0.012853251274761883
285.4645067191878,-3.158220889929653e-05,-0.002162962325144056,285.4659938380277,0.012522430220082703
285.9907001723649,-3.167560079509611e-05,-0.002179605247630297,285.9921860508416,0.011379917959335234
286.51689362554197,-3.1768996693587016e-05,-0.0021962973133737808,286.5183782445392,0.010228635393137018
286.6700129993776,-3.179617499198706e-05,-0.002201163843023407,286.6714972482532,0.009891967468157329
286.82313237321324,-3.1823353576047106e-05,-0.002206034534212299,286.8246162503267,0.009554554066366646
287.3493258263903,-3.1916754655577446e-05,-0.0022228043478865205,287.35080841336793,0.008389344161317673
287.8755192795674,-3.201015924527423e-05,-0.0022396233095208226,287.87700055676555,0.007215297181267214
288.0286386534031,-3.2037340169445216e-05,-0.0022445267660164323,288.030119545743,0.006871992396142197
288.18175802723874,-3.20645214183093e-05,-0.0022494343844598028,288.18323853303497,0.00652793648004811
288.70795148041583,-3.2157932197163276e-05,-0.002266331101620429,288.70943064493525,0.005339856527444872
289.2341449335929,-3.225134660411884e-05,-0.002283276971875884,289.23562273665596,0.004142872723740375
289.3872643074286,-3.2278530271717295e-05,-0.0022882173590491385,289.3887417104945,0.003792880906912107
289.54038368126425,-3.230571412815273e-05,-0.002293161908559432,289.5418606826018,0.0034421323043900874
290.06657713444133,-3.2399132116660195e-05,-0.0023101855418038515,290.06805274197023,0.0022310098836820663
290.5927705876184,-3.2492550036898596e-05,-0.0023272583309642695,290.5942447806143,0.0010109168297898882
290.7458899614541,-3.2519733847821294e-05,-0.0023322356510852263,290.74736373890516,0.0006541878051450939
290.89900933528975,-3.254691746794664e-05,-0.0023372171335372693,290.90048269541813,0.00029669633978445566
291.42520278846683,-3.264033174216002e-05,-0.0023543676855722864,291.4266747008413,-0.0009376409812490804
291.9513962416439,-3.273374253798014e-05,-0.0023715673906716723,291.95286668498653,-0.0021810157174437196
292.10451561547956,-3.2760923839176604e-05,-0.0023765816418332922,292.1059856273139,-0.0025445321262450938
292.2576349893152,-3.278810483877984e-05,-0.0023816000549534274,292.25910456781634,-0.002908816630479924
292.7838284424923,-3.2881509892520336e-05,-0.0023988775157666323,292.7852965178578,-0.0041665412781148135
293.31002189566937,-3.29749117291623e-05,-0.002416204124861199,293.31148844605883,-0.005433370117072472
293.46314126950506,-3.300209058403316e-05,-0.00242125530350224,293.4646073720008,-0.0058037240821891475
293.6162606433407,-3.302926917217007e-05,-0.002426310643724902,293.6177262960696,-0.006174851796921381
294.1424540965178,-3.312266616734273e-05,-0.002443715001540061,294.1439181892701,-0.0074561361814646
294.66864754969487,-3.32160592893843e-05,-0.0024611685032236157,294.6701100600589,-0.008746591527353412
294.82176692353056,-3.324323529543377e-05,-0.002466256606025206,294.82322896918635,-0.009123833216316038
294.9748862973662,-3.3270410827431256e-05,-0.002471348869942034,294.97634787639186,-0.00950185430853887
295.5010797505433,-3.336379506260411e-05,-0.0024888801117231227,295.5025397112691,-0.010806870824284576
296.02727320372037,-3.345717171292763e-05,-0.0025064604896818375,296.02873152315414,-0.012121125063636277
296.18039257755606,-3.348434218835886e-05,-0.0025115855110504144,296.1818504150314,-0.0125053046382631
296.3335119513917,-3.351151193291564e-05,-0.002516714692681282,296.3349693049372,-0.01289026926890372
296.8597054045688,-3.3604874741219995e-05,-0.002534372794693197,296.86116107998544,-0.014219190285717196
297.3858988577459,-3.369822894056289e-05,-0.0025520800213386205,297.38735283145206,-0.015557415774852465
297.5390182315815,-3.372539294581201e-05,-0.0025572419527251583,297.54047170563666,-0.015948583387040936
297.69213760541714,-3.375255630134839e-05,-0.0025624080434070097,297.69359057779957,-0.016340541706702613
298.21833105859423,-3.384589833536095e-05,-0.0025801929758381163,298.2197822914897,-0.01769353955646153
298.7445245117713,-3.3939233670476375e-05,-0.0025980270224739664,298.7459739809998,-0.01905590861182229
298.897643885607,-3.39663925600813e-05,-0.002603225855958978,298.8990928370425,-0.01945411440188518
299.05076325944265,-3.399355090573635e-05,-0.002608428847951618,299.05221169101236,-0.01985311654968133
299.57695671261973,-3.408687619128333e-05,-0.002626340585776689,299.57840334179184,-0.0212303635263682
300.1031501657968,-3.418019438224865e-05,-0.0026443014288894664,300.10459496778344,-0.022617048429123043
300.2562695396325,-3.420734799818256e-05,-0.0026495371577405754,300.2577138052279,-0.02302234252763117
300.40938891346815,-3.423450090498884e-05,-0.0026547770442722444,300.41083264054777,-0.023428438633076108
300.93558236664524,-3.432780582455259e-05,-0.0026728155631425814,300.9370242268402,-0.02483010699826091
301.4617758198223,-3.442110156649078e-05,-0.0026909031760361368,301.4632157877279,-0.026241279996505558
301.61489519365796,-3.444824835487998e-05,-0.002696175791916615,301.6163346061111,-0.026653712523990375
301.7680145674936,-3.4475394399685394e-05,-0.002701452564448687,301.76945342231704,-0.027066952706329413
302.2942080206707,-3.456867607031033e-05,-0.002719617833711625,302.29564494252213,-0.028493214683989614
302.82040147384777,-3.466195017111754e-05,-0.002737832185187351,302.8218364366964,-0.029929047985383105
302.97352084768346,-3.4689091169377765e-05,-0.002743141679194613,302.9749552355482,-0.03034866905021097
303.1266402215191,-3.471623165814072e-05,-0.0027484553289914954,303.12807403216937,-0.030769103416479336
303.6528336746962,-3.480949632636176e-05,-0.0027667473206517677,303.654265484663,-0.03222013118916568
304.17902712787327,-3.490275611736421e-05,-0.002785088386286688,304.1804569104901,-0.03368079696242106
304.33214650170896,-3.4929893354648074e-05,-0.0027904347520666672,304.3335756893334,-0.034107656662402085
304.4852658755446,-3.4957030187124465e-05,-0.002795785273050645,304.4866944658918,-0.03453533530944313
305.0114593287217,-3.505028246565824e-05,-0.002814203968090083,305.0128858490253,-0.03601130102791234
305.53765278189877,-3.514352919729467e-05,-0.0028326717304086057,305.5390772048474,-0.03749697141413726
305.69077215573446,-3.517066233183946e-05,-0.0028380549629119707,305.69219596319783,-0.03793111983968208
305.8438915295701,-3.519779493473693e-05,-0.0028434423499819773,305.84531471920843,-0.038366092857109804
306.3700849827472,-3.529103166829647e-05,-0.002861987729790868,306.37150603130897,-0.03986716864769759
306.8962784359243,-3.538426227718864e-05,-0.00288058216854717,306.8976973154436,-0.041378015762956216
307.0493978097599,-3.54113907969745e-05,-0.0028860022615821157,307.05081605281,-0.04181950299683114
307.20251718359555,-3.543851890282283e-05,-0.0028914265085048956,307.2039347877806,-0.042261820466473386
307.72871063677263,-3.553174167903981e-05,-0.0029100985518905383,307.73012602715085,-0.0437881784275771
308.2549040899497,-3.562496123018447e-05,-0.002928819647642205,308.256317237891,-0.04532437435952599
308.4080234637854,-3.565208718598456e-05,-0.002934276596142332,308.4094359537746,-0.04577325047639831
308.56114283762105,-3.567921298575651e-05,-0.002939737698152117,308.56255466720603,-0.046222962472177775
309.08733629079813,-3.5772429780042917e-05,-0.0029585363915273183,309.08874583212366,-0.04777477467741382
309.6135297439752,-3.586564533955777e-05,-0.002977384134644532,309.6149369677376,-0.049336491493510014
309.7666491178109,-3.589277031614865e-05,-0.0029828779364823223,309.7680556616329,-0.049792806563196214
309.91976849164655,-3.591989514654062e-05,-0.0029883758916635864,309.9211743530184,-0.05024996315459481
310.44596194482364,-3.601310797979797e-05,-0.0030073012294350087,310.4473654417363,-0.05182740166537203
310.9721553980007,-3.610631818594523e-05,-0.0030262756144978564,310.973556500467,-0.05341481142407472
311.12527477183636,-3.613344126493044e-05,-0.003031806267873402,311.1266751718608,-0.05387861551409027
311.278394145672,-3.6160564103580016e-05,-0.003037341074303471,311.2797938406866,-0.05434326676832709
311.8045875988491,-3.625376967979571e-05,-0.003056393048571674,311.8059848514325,-0.0559465036376196
312.33078105202617,-3.634697316465157e-05,-0.003075494066453649,312.33217583149815,-0.057559778387370156
312.48390042586186,-3.6374094609061234e-05,-0.00308106156862623,312.4852944798701,-0.058031121561912286
312.6370197996975,-3.640121600755414e-05,-0.0030866332236328935,312.6384131256148,-0.058503317542787286
313.1632132528746,-3.649441862009736e-05,-0.0031058118264401828,313.16460405659126,-0.060132524811425364
313.68940670605167,-3.6587622278078384e-05,-0.0031250394721270597,313.69079495618433,-0.06177183658958679
313.84252607988736,-3.66147443735298e-05,-0.003130643822386779,313.8439135810066,-0.06225076891014396
313.995645453723,-3.6641866633609145e-05,-0.0031362523255837322,313.99703220314177,-0.06273055967905869
314.5218389069001,-3.6735073493737476e-05,-0.0031555575582537607,314.52322305252574,-0.06438590938275919
315.0480323600772,-3.682828228230563e-05,-0.003174911836270744,315.04941386981346,-0.06605143022653147
315.20115173391287,-3.685540582801148e-05,-0.0031805530363656635,315.2025324705509,-0.06653800175549401
315.3542711077485,-3.688252947853216e-05,-0.0031861983896070045,315.3556510685404,-0.06702543737509009
315.8804645609256,-3.6975740209456125e-05,-0.0032056302585533464,315.8818418344833,-0.0687071015559084
316.4066580141027,-3.7068951854027955e-05,-0.003225111174616441,316.408032567607,-0.07039900351048138
316.5597773879383,-3.7096076113647176e-05,-0.003230789225935614,316.56115114371676,-0.07089326431258051
316.71289676177395,-3.71232005176588e-05,-0.0032364714305309294,316.71426971701703,-0.07138839484779812
317.23909021495103,-3.7216414688507665e-05,-0.0032560299398026243,317.2404603976443,-0.0730965455547624
317.7652836681281,-3.7309632163864636e-05,-0.0032756374986301654,317.7666510447194,-0.07481500067141289
317.9184030419638,-3.7336758770881646e-05,-0.0032813524029293756,317.9197695956513,-0.07531700081308787
318.07152241579945,-3.736388582506588e-05,-0.0032870714608946197,318.0728881437112,-0.07581987633067237
318.59771586897654,-3.745711173185999e-05,-0.0033067566201293586,318.59907873712245,-0.07755468562055237
319.1239093221536,-3.75503445390549e-05,-0.0033264908360413894,319.1252692962385,-0.07929986596229395
319.2770286959893,-3.757747619350629e-05,-0.003332242598458159,319.27838782143465,-0.07980965551445279
319.43014806982495,-3.7604608484384354e-05,-0.003337998515310833,319.43150634369545,-0.08032032608611304
319.95634152300204,-3.769785325177716e-05,-0.003357810346179432,319.9576968479639,-0.08208196603698152
320.4825349761791,-3.779110527685021e-05,-0.003377671243743646,320.48388731718387,-0.08385404369399163
320.6356543500148,-3.781824240618173e-05,-0.0033834598717267265,320.6370058160787,-0.08437167273641286
320.78877372385045,-3.784538011796138e-05,-0.003389252654978048,320.7901243119739,-0.08489018844305055
321.31496717702754,-3.7938642993469336e-05,-0.0034091911830671506,321.3163147251465,-0.0866788311662036
321.8411606302046,-3.8031913149037114e-05,-0.0034291787873861274,321.84250510250695,-0.08847797826305263
321.99428000404026,-3.8059055714189944e-05,-0.003435004288124029,321.9956235745272,-0.08900349688548756
322.1473993778759,-3.808619901052894e-05,-0.0034408339449896568,322.14874204348274,-0.08952990781796434
322.673592831053,-3.8179482755457945e-05,-0.003460899195758254,322.6749323635796,-0.0913457254586351
323.1997862842301,-3.827277687859876e-05,-0.0034810135345531915,323.2011226470904,-0.09317211415448456
323.35290565806577,-3.8299927093745605e-05,-0.003486875916769709,323.354241091655,-0.0937055724570804
323.5060250319014,-3.832707830364043e-05,-0.003492742456297842,323.5073595330889,-0.09423992871690778
324.0322184850785,-3.842039120877549e-05,-0.0035129344637609746,324.0335497581036,-0.0960830934596723
324.5584119382556,-3.851371641827482e-05,-0.003533175575101121,324.55973994574776,-0.09793689595799894
324.71153131209127,-3.8540875831079116e-05,-0.0035390748505472604,324.71285836226775,-0.09847834405486765
324.8646506859269,-3.856803622298994e-05,-0.0035449782846902846,324.8659767755902,-0.09902069575794148
325.390844139104,-3.866137979264493e-05,-0.0035652970907920703,325.392166903489,-0.10089137983988657
325.9170375922811,-3.875473358533131e-05,-0.0035856650163587477,325.9183569932226,-0.10277276839971296
326.0701569661167,-3.878190079259635e-05,-0.003591601196811697,326.07147538110115,-0.10332225642137423
326.22327633995235,-3.880906878031998e-05,-0.00359754153714147,326.2245937657144,-0.10387265369998086
326.74946979312944,-3.890243709302047e-05,-0.0036179871795603735,326.7507837944366,-0.1057710294133045
327.2756632463065,-3.89958144056183e-05,-0.003638481954141994,327.27697378418793,-0.10768017634582723
327.4287826201422,-3.902298839327345e-05,-0.0036444550492469078,327.4300921428204,-0.1082377544372332
327.58190199397785,-3.9050163170809235e-05,-0.003650432305276709,327.5832104981189,-0.1087962474377982
328.10809544715494,-3.9143555280417365e-05,-0.0036710048162197366,328.1094004255762,-0.11072248712117104
328.634288900332,-3.923695699740701e-05,-0.0036916264720070857,328.6355903132466,-0.11265956478193516
328.7874082741677,-3.9264138179863766e-05,-0.0036976364912664314,328.78870864202014,-0.11322528310076091
328.94052764800335,-3.929132012590938e-05,-0.0037036506725333512,328.94182696739017,-0.11379192198240633
329.46672110118044,-3.9384736295052646e-05,-0.0037243500851123863,329.46801679146694,-0.11574619801848862
329.9929145543575,-3.94781599036865e-05,-0.003745098654625347,329.9942065749298,-0.11771137880735197
330.1460339281932,-3.950534680939247e-05,-0.0037511456071815477,330.14732487322374,-0.1182852875241847
330.29915330202886,-3.9532534133094776e-05,-0.0037571967225814647,330.3004431680436,-0.11886012245884642
330.82534675520594,-3.962596558197208e-05,-0.003778023064624049,330.82663288659637,-0.12084260727296059
331.351540208383,-3.9719399633210005e-05,-0.0037988985703680217,331.35282256369766,-0.12283606362841681
331.50465958221866,-3.974658869181936e-05,-0.003804982461568861,331.5059408308829,-0.12341821292397316
331.6577789560543,-3.9773777849194845e-05,-0.003811070515931322,331.6590590945228,-0.1240012940931409
332.1839724092314,-3.9867213605967376e-05,-0.003832023800064415,332.1852487053802,-0.12601216013825378
332.7101658624085,-3.996064984229642e-05,-0.0038530262496071803,332.71143827393774,-0.12803406451851027
332.86328523624417,-3.9987839319376216e-05,-0.00385914708090942,332.8645565093774,-0.12862450457777364
333.0164046100798,-4.001502880933734e-05,-0.0038652720754375155,333.01767474119936,-0.1292158821666468
333.5425980632569,-4.010846535382927e-05,-0.0038863523044957585,333.5438642421623,-0.13125530190483223
334.068791516434,-4.020190141767535e-05,-0.003907481699125541,334.0700536999658,-0.13330582677297356
334.22191089026967,-4.0229090587205865e-05,-0.003913639470701326,334.2231719030147,-0.1339046077818172
334.3750302641053,-4.0256279585788605e-05,-0.003919801405426028,334.3762901023727,-0.1345043319762697
334.9012237172824,-4.034971251226823e-05,-0.0039410085782823874,334.9024794912136,-0.13657247787071114
335.4274171704595,-4.04431410615863e-05,-0.00396226491378135,335.4286688360252,-0.13865179568843908
335.5805365442951,-4.0470327142061295e-05,-0.003968459623601118,335.58178700602997,-0.13925896783174918
335.73365591813075,-4.049751264635008e-05,-0.003974658496066046,335.7349051722697,-0.13986708881630283
336.25984937130784,-4.059093036391164e-05,-0.003995992600355478,336.26109444673324,-0.14196413332199184
336.7860428244849,-4.068433966017298e-05,-0.004017375858220683,336.7872836762862,-0.14407241653609995
336.9391621983206,-4.071151955026158e-05,-0.004023607499736121,336.94040181258526,-0.14468802999293295
337.09228157215625,-4.073869868948093e-05,-0.004029843302955974,337.0935199450442,-0.14530459794561848
337.61847502533334,-4.083209380979928e-05,-0.004051304311831571,337.6197091028465,-0.14743071349003184
338.1446684785104,-4.0925480177389365e-05,-0.004072814462305223,338.145898214846,-0.14956813451302614
338.2977878523461,-4.0952653481456505e-05,-0.00407908302659044,338.2990163167695,-0.15019223945143223
338.45090722618176,-4.097982605652089e-05,-0.004085355751574367,338.4521344147768,-0.15081730453894007
338.97710067935884,-4.1073198899634e-05,-0.0041069436342429655,338.9783234536057,-0.15297266350896482
339.5032941325359,-4.116656271312209e-05,-0.004128580646714647,339.50451244572855,-0.15513939471149762
339.6564135063716,-4.1193729268436434e-05,-0.004134886124900625,339.65763051259825,-0.15577204128734404
339.80953288020726,-4.122089495057919e-05,-0.0041411957627282975,339.81074857547486,-0.15640565366415993
340.33572633338434,-4.1314242413600645e-05,-0.00416291048772449,340.33693749298936,-0.15859042840473953
340.86191978656143,-4.140757785505986e-05,-0.004184674328381758,340.8631263628837,-0.16078664211449872
341.01503916039707,-4.143473552282775e-05,-0.004191016709983478,341.01624439401314,-0.16142788047076756
341.1681585342327,-4.1461892087303505e-05,-0.004197363249858968,341.1693624210717,-0.1620700902782342
341.6943519874098,-4.1555206752089466e-05,-0.004219204777386293,341.6955512149024,-0.16428445308640832
342.2205454405869,-4.164850837674827e-05,-0.004241095403048497,342.2217399601874,-0.16651032157851994
342.37366481442257,-4.1675656247805876e-05,-0.004247474675013902,342.37485795488186,-0.16716020184194483
342.5267841882582,-4.170280310026213e-05,-0.004253858103779054,342.5279759454265,-0.16781105920480752
343.0529776414353,-4.179608561207902e-05,-0.0042758263885463105,343.0541646131751,-0.1700551823183009
343.5791710946124,-4.18893573311392e-05,-0.004297843755121039,343.5803532314412,-0.17231087780688906
343.73229046844807,-4.1916496988424274e-05,-0.004304259905091168,343.7334711889973,-0.17296945008648143
343.8854098422837,-4.194363580575229e-05,-0.004310680210611033,343.8865891423239,-0.17362900511187931
344.4116032954608,-4.203689191556408e-05,-0.004332775212980598,344.412777681563,-0.17590306070969836
344.9377967486379,-4.213013824403479e-05,-0.004354919283531173,344.93896617037177,-0.17818875535353723
345.0909161224736,-4.215727054046872e-05,-0.004361372301171707,345.0920840900778,-0.17885606974294815
345.2440354963092,-4.2184401972561026e-05,-0.0043678294732273516,345.2452020054735,-0.17952437252293807
345.7702289494863,-4.227763209522319e-05,-0.004390051158366471,345.77139041374664,-0.18182853273415017
346.2964224026634,-4.2370851844361274e-05,-0.00441232189785653,346.2975787706302,-0.18414439864383758
346.449541776499,-4.239797636077082e-05,-0.004418811772812796,346.45069665176595,-0.18482050522281088
346.60266115033465,-4.242510008292047e-05,-0.004425305801016848,346.60381452850964,-0.18549760583555047
347.12885460351174,-4.251830479142899e-05,-0.00444765413311325,347.1300028033311,-0.18783204274099755
347.6550480566888,-4.261150200444849e-05,-0.004470051506945031,347.6561910257922,-0.1901782519787619
347.8081674305245,-4.263862072960543e-05,-0.004476578229639333,347.8093088676288,-0.1908632008130461
347.96128680436016,-4.266573903173863e-05,-0.004483109104735328,347.96242670499066,-0.19154914932286077
348.48748025753724,-4.275892836041392e-05,-0.004505584055213327,348.48861484384497,-0.19391403495789752
349.01367371071433,-4.2852115016142405e-05,-0.004528108040602734,349.01480292935696,-0.19629075954549036
349.16679308455,-4.2879231536311026e-05,-0.004534671605639663,349.167920731157,-0.1969846006903423
349.31991245838566,-4.2906347961657127e-05,-0.004541239322752633,349.3210385283986,-0.19767944715169203
349.84610591156274,-4.299953290466292e-05,-0.0045638408788196555,349.8472265287408,-0.20007495352319057
350.37229936473983,-4.309271747396246e-05,-0.0045864914680952985,350.37341447474694,-0.20248236546200787
350.52541873857547,-4.311983365017101e-05,-0.00459309187401401,350.52653223576414,-0.2031851489682366
350.6785381124111,-4.314694984168674e-05,-0.004599696431962897,350.6796499921384,-0.20388894343170627
351.2047315655882,-4.324013466499664e-05,-0.004622424591053274,351.2058378513934,-0.20631524253696376
351.7309250187653,-4.3333320921870214e-05,-0.004645201783764775,351.732025655307,-0.20875351382341523
351.88404439260097,-4.3360438069095015e-05,-0.004651839030794407,351.88514337478665,-0.20946528974101408
352.0371637664366,-4.338755552773701e-05,-0.004658480430041922,352.0382610895376,-0.21017808225665457
352.5633572196137,-4.34807475057234e-05,-0.0046813351959337605,352.5644488051003,-0.21263534609305867
353.0895506727908,-4.3573945882152786e-05,-0.00470423900051771,353.09063646430434,-0.21510464872764992
353.2426700466265,-4.360106760642341e-05,-0.004710913092226627,353.24375414148255,-0.21582546710874842
353.3957894204621,-4.362819008668903e-05,-0.004717591336884254,353.3968718138455,-0.21654730772928146
353.9219828736392,-4.372140275891955e-05,-0.00474057272835847,353.9230593830801,-0.21903570830828586
354.4481763268163,-4.381462620227712e-05,-0.004763603170564411,354.4492468949271,-0.22153621431408904
354.601295700652,-4.384175586329408e-05,-0.004770314115709851,354.60236452903126,-0.22226612521915448
354.7544150744876,-4.386888648747038e-05,-0.004777029215013742,354.7554821582326,-0.22299706400639485
355.2806085276647,-4.3962128003437965e-05,-0.004800137266924901,355.28166957847276,-0.22551677337649093
355.8068019808418,-4.4055380793248236e-05,-0.004823294384877434,355.8078569402843,-0.22804865482109893
355.9599213546774,-4.408251893331962e-05,-0.004830042194875569,355.9609745305327,-0.2287877083246803
356.11304072851306,-4.410965802990872e-05,-0.004836794160328353,356.1140921157896,-0.22952779535490536
356.63923418169014,-4.420292866995156e-05,-0.0048600289122786135,356.64027938433804,-0.23207898561617116
357.1654276348672,-4.429621132936544e-05,-0.004883312745791291,357.1664665934048,-0.23464241462045488
357.3185470087029,-4.432335843886853e-05,-0.004890097432285682,357.31958413900696,-0.23539066081269158
357.47166638253856,-4.435050666660044e-05,-0.004896886275627458,357.4727016795278,-0.23613994617783068
357.99785983571564,-4.444381027534523e-05,-0.004920247769125159,357.998888793656,-0.2387227894845781
358.52405328889273,-4.4537128237557845e-05,-0.004943658362147286,358.52507584723736,-0.24131793822523012
358.6771726627284,-4.456428603426827e-05,-0.004950479938505342,358.67819334739335,-0.2420754272129721
358.83029203656406,-4.459144506474499e-05,-0.004957305673337189,358.8313108423774,-0.24283396102192403
359.35648548974115,-4.468478632004257e-05,-0.004980793956973276,359.3574977993255,-0.24544862958925212
359.88267894291823,-4.4778141336376044e-05,-0.005004331359787292,359.8836846946492,-0.24807567030728025
360.0357983167539,-4.480530954087664e-05,-0.005011189840737754,360.0368021485501,-0.24884245221669876
360.18891769058956,-4.483247873719919e-05,-0.005018052481716514,360.18991959718727,-0.2496102845978434
360.71511114376665,-4.492585238146182e-05,-0.005041667604400781,360.71610639416366,-0.25225695070839027
361.24130459694373,-4.5019235537925424e-05,-0.005065331862187984,361.2422931284261,-0.2549160557110812
361.39442397077937,-4.504641107571525e-05,-0.005072227259902031,361.3954105352538,-0.2556921806869885
361.547543344615,-4.507358727514758e-05,-0.0050791268187461575,361.5485279367249,-0.25646936178694696
362.0737367977921,-4.516698273180518e-05,-0.005102868817025501,362.0747145709065,-0.2591481977819661
362.5999302509692,-4.5260384915399044e-05,-0.005126659961152524,362.60090114127223,-0.2618395394283331
362.7530496248049,-4.528756559945551e-05,-0.0051335922838950995,362.75401850019927,-0.26262505762919003
362.9061689986405,-4.5314746775317264e-05,-0.005140528768544905,362.9071358536758,-0.2634116376076641
363.4323624518176,-4.5408158257677846e-05,-0.0051643976676861774,363.4333223222077,-0.2661228158693228
363.9585559049947,-4.5501574290008727e-05,-0.005188315720534997,363.9595087258093,-0.2688465665539592
364.1116752788304,-4.5528758499183975e-05,-0.005195284974323163,364.11262603599874,-0.26964152814775166
364.264794652666,-4.555594289781544e-05,-0.005202258390515334,364.265743340643,-0.27043755717360396
364.7909881058431,-4.564936259671493e-05,-0.005226254207882353,364.79192964063805,-0.27318125011305444
365.3171815590202,-4.574278129449269e-05,-0.005250299181819936,365.31811587457616,-0.27593758225482296
365.4703009328558,-4.576996502570963e-05,-0.005257305369059144,365.47123313518205,-0.27674203741555375
365.62342030669146,-4.579714836275876e-05,-0.00526431571857865,365.62435039014696,-0.27754756566307665
366.14961375986854,-4.589055968086951e-05,-0.005288438454771104,366.1505365186861,-0.28032394570479696
366.67580721304563,-4.598396329610222e-05,-0.005312610341360994,366.67672258002943,-0.2831130317260002
366.8289265868813,-4.601114149789927e-05,-0.005319653457812119,366.8298397901966,-0.2839270306265115
366.98204596071696,-4.603831887821471e-05,-0.005326700735681781,366.9829569946256,-0.2847421082678422
367.50823941389405,-4.613170699219117e-05,-0.0053509503682643575,367.50914294875804,-0.28755134782088965
368.03443286707113,-4.622508401167012e-05,-0.00537524913814218,368.0353288345427,-0.2903733601168414
368.1875522409068,-4.625225399565383e-05,-0.005382329174208671,368.1884459934064,-0.29119695292010805
368.34067161474246,-4.6279422940473254e-05,-0.005389413370423523,368.3415631464338,-0.2920216301167299
368.86686506791955,-4.637278059070102e-05,-0.005413789862490744,368.86774892317624,-0.2948639015483414
369.39305852109663,-4.646612439921834e-05,-0.005438215475100606,369.3939346304072,-0.29771901246578164
369.5461778949323,-4.6493284116230756e-05,-0.005445332418343881,369.5470517370932,-0.2985522493196223
369.69929726876796,-4.6520442475958083e-05,-0.005452453520131086,369.7001688378441,-0.2993865762174078
370.22549072194505,-4.661376083817576e-05,-0.00547695682497204,370.22635443418136,-0.3022620518379776
370.75168417512214,-4.670706060103559e-05,-0.005501509228430819,370.75253995983064,-0.30515043366124184
370.9048035489578,-4.6734206561190966e-05,-0.005508663062629903,370.90565701345577,-0.3059933646941566
371.0579229227934,-4.676135079837752e-05,-0.005515821053253121,371.0587740610455,-0.3068373914190749
371.5841163759705,-4.685461815366423e-05,-0.005540451109161305,371.58495947393,-0.3097462434655386
372.1103098291476,-4.6947864517018245e-05,-0.005565130236218322,372.1111448149376,-0.3126680683975136
372.2634292029833,-4.6974994759582955e-05,-0.00557232094094076,372.2642618146091,-0.31352074371277244
372.4165485768189,-4.700212328541827e-05,-0.005579515799707882,372.4173788081439,-0.3143745203649672
372.942742029996,-4.7095337398376005e-05,-0.0056042725344311786,372.94356403449603,-0.31731692098143577
373.4689354831731,-4.71885324211316e-05,-0.005629078312787883,373.46974918776954,-0.3202723611280791
373.6220548570088,-4.7215648220165446e-05,-0.005636305867310605,373.622866132585,-0.3211348308003901
373.7751742308444,-4.72427625075191e-05,-0.005643537573684908,373.77598307116165,-0.32199840745142183
374.3013676840215,-4.7335929301909235e-05,-0.005668420918656409,374.3021681078692,-0.3249745286847462
374.8275611371986,-4.7429078960156416e-05,-0.005693353282876703,374.8283530702841,-0.32796375605752875
374.9806805110342,-4.7456181823414724e-05,-0.0057006176687501965,374.98146995933206,-0.3288360701348656
375.13379988486986,-4.748328326607931e-05,-0.0057078862045004675,375.13458684203783,-0.32970949682988493
375.65999333804695,-4.757640626620658e-05,-0.005732896098357614,375.660771685956,-0.33271951063874383
376.18618679122403,-4.766951305914442e-05,-0.005757954988663705,376.1869564543548,-0.33574269716434596
376.3393061650597,-4.7696603697016014e-05,-0.005765256188713266,376.340073286714,-0.3366249056705272
376.49242553889536,-4.772369311820148e-05,-0.005772561536804625,376.49319011262656,-0.3375082324307369
377.01861899207245,-4.781677693904176e-05,-0.005797697922238986,377.0193747605779,-0.34055231069272296
377.54481244524953,-4.790984923028605e-05,-0.005822883284737065,377.54555933177045,-0.34360962821935176
377.6979318190852,-4.7936930965074165e-05,-0.0058302212842042305,377.6986761065102,-0.3445017811559897
377.85105119292086,-4.796401203747753e-05,-0.005837563430409919,377.85179287469776,-0.3453950579808035
378.37724464609795,-4.8057071915350605e-05,-0.005862826263462288,378.37797732347184,-0.34847337250268845
378.90343809927504,-4.815012766788129e-05,-0.005888138062927779,378.90416169423474,-0.35156499281615217
379.05655747311073,-4.817720599005634e-05,-0.005895512853408878,379.05727841041465,-0.3524671401686848
379.20967684694637,-4.820428422832008e-05,-0.005902891790141036,379.21039511993587,-0.3533704170423096
379.73587030012345,-4.8297338463152994e-05,-0.005928281051120751,379.7365793662889,-0.3564831395868135
380.26206375330054,-4.8390394086773525e-05,-0.005953719276995006,380.2627635333656,-0.3596092344417405
380.4151831271362,-4.8417473250895626e-05,-0.0059611308569901865,380.4158801900355,-0.3605214261889804
380.5683025009718,-4.8444552711863466e-05,-0.005968546583392696,380.568996839939,-0.3614347530900253
381.0944959541489,-4.853761384561378e-05,-0.005994062273678562,381.09518088059383,-0.36458205540802785
381.620689407326,-4.8630681202336327e-05,-0.0060196269337609905,381.6213648406938,-0.3677427965575776
381.7738087811617,-4.865776481195228e-05,-0.006027075306694537,381.7744814368937,-0.36866508267965353
381.9269281549973,-4.868484926547873e-05,-0.006034527826774901,381.9275980262185,-0.36958850958881667
382.4531216081744,-4.877793226309846e-05,-0.00606016996493324,382.4537818578637,-0.37277056344400816
382.9793150613515,-4.887102953790572e-05,-0.006085861086511805,382.97996560766245,-0.37596612266379736
383.1324344351872,-4.889812350955714e-05,-0.006093346262205648,383.13308214242255,-0.37689855314935855
383.2855538090228,-4.892521905713491e-05,-0.006100835586689292,383.2861986701975,-0.37783213005686656
383.8117472621999,-4.90183459023305e-05,-0.006126604217037939,383.81238228948746,-0.3810491072541697
384.337940715377,-4.9111495156112284e-05,-0.006152421856018463,384.33856582562584,-0.38427965637534933
384.4910600892127,-4.913860564274747e-05,-0.006159943852923354,384.4916822979661,-0.3852222812321081
384.6441794630483,-4.916571825707128e-05,-0.006167470001170501,384.64479876321025,-0.38616605814853994
385.1703729162254,-4.9258907321205935e-05,-0.00619336519678639,385.17098216676465,-0.3894181305728368
385.6965663694025,-4.93521235113438e-05,-0.006219309435014494,385.69716548584904,-0.3926838415209065
385.8496857432381,-4.93792542096697e-05,-0.006226868278336444,385.8502818947795,-0.39363671078652
386.00280511707376,-4.940638738116372e-05,-0.006234431276120957,386.0033982965014,-0.3945907377534077
386.52899857025085,-4.949964974579478e-05,-0.006260453129325795,386.529581480905,-0.3978780774027457
387.05519202342794,-4.959294410882273e-05,-0.006286524064994997,387.0557645795062,-0.40117912222573154
387.2083113972636,-4.96200986125813e-05,-0.006294119784422414,387.2088809240262,-0.40214228597505086
387.36143077109926,-4.96472561143985e-05,-0.006301719662007608,387.36199726122425,-0.4031066130718336
387.88762422427635,-4.974060649912053e-05,-0.006327868281617362,387.88818022302615,-0.4064293920799117
388.41381767745344,-4.98339958010455e-05,-0.006354066031827391,388.4143630976795,-0.40976594297080293
388.56693705128913,-4.986117924766461e-05,-0.006361698663146097,388.5674793767782,-0.4107394513227944
388.72005642512477,-4.988836622759434e-05,-0.006369335457080994,388.7205956484405,-0.4117141286739623
389.24624987830185,-4.998182176079385e-05,-0.006395610974711344,389.24677838415397,-0.41507251933702616
389.77244333147894,-5.0075320924649944e-05,-0.006421935679510505,389.7729610313588,-0.4184447486633929
389.9255627053146,-5.010253699168402e-05,-0.00642960526489127,389.92607724401506,-0.41942865179009575
390.0786820791502,-5.0129756810896274e-05,-0.006437279017879316,390.0791934491191,-0.4204137295741451
390.6048755323273,-5.0223326170603334e-05,-0.00646368158355528,390.6053759552213,-0.42380790438071486
391.1310689855044,-5.0316940218182245e-05,-0.006490133396572968,391.13155837144063,-0.4272159847108148
391.2841883593401,-5.034418982930903e-05,-0.006497839981122157,391.28467451662243,-0.4282103328438838
391.4373077331757,-5.0371443285926476e-05,-0.006505550738423198,391.4377906541351,-0.42920586129936095
391.9635011863528,-5.0465129154021014e-05,-0.006532080508504332,391.96397292706655,-0.43263599294664334
392.4896946395299,-5.055886173254203e-05,-0.006558659587765268,392.49015510872675,-0.43608009706024176
392.6428140133656,-5.058614632944375e-05,-0.0065664032178528375,392.6432711853915,-0.4370849404932625
392.7959333872012,-5.061343499691577e-05,-0.006574151026065942,392.79638725426895,-0.438090969920863
393.3221268403783,-5.07072437814776e-05,-0.006600808162837213,393.3225692904335,-0.4415572313214897
393.8483202935554,-5.080110162155233e-05,-0.00662751467408311,393.8487512339239,-0.44503753221736364
394.0014396673911,-5.082842299269957e-05,-0.006635295398612626,394.0018672410183,-0.4460529213084618
394.1545590412267,-5.08557484887061e-05,-0.006643080306876101,394.1549832402061,-0.44706950207378465
394.6807524944038,-5.0949683648912406e-05,-0.00666986498074954,394.6811650359702,-0.45057206636643116
395.2069459475809,-5.10436660367145e-05,-0.006696699095114722,395.20734673764304,-0.4540887372729554
395.3600653214165,-5.107102301778486e-05,-0.006704516963706019,395.36046267410285,-0.4551147224475299
395.51318469525216,-5.1098383776854355e-05,-0.006712339021436714,395.5135786025353,-0.4561419049835059
396.03937814842925,-5.1192436920183465e-05,-0.006739251399674429,396.0397601542282,-0.4596809455376983
396.56557160160634,-5.1286532201624875e-05,-0.006766213279146809,396.565941610398,-0.4632341599108613
396.71869097544203,-5.131392105276919e-05,-0.006774068337700607,396.71905747514813,-0.46427079165948393
396.87181034927767,-5.134131327707502e-05,-0.006781927590240551,396.8721733317491,-0.46530862646364307
397.39800380245475,-5.143547166334863e-05,-0.006808967824274664,397.39835463566243,-0.4688843168656371
397.92419725563184,-5.152966774702549e-05,-0.0068360576137532535,397.9245358426065,-0.4724742483694932
398.07731662946753,-5.1557085102933436e-05,-0.006843949903256176,398.07765163456077,-0.47352157724156
398.23043600330317,-5.158450540179126e-05,-0.006851846391058636,398.23076741824275,-0.4745701148695098
398.75662945648025,-5.167875681303333e-05,-0.0068790146159708595,398.75694847063073,-0.47818262889963503
399.28282290965734,-5.177303908792916e-05,-0.00690623244347875,399.28312942458837,-0.4818094513835688
399.435942283493,-5.180047996255611e-05,-0.006914161999678316,399.4362451426498,-0.48286752798072385
399.5890616573286,-5.182792295302927e-05,-0.006922095757676254,399.5893608523146,-0.48392681903946255
400.1152551105057,-5.1922245056893535e-05,-0.006949392086478458,400.11554164939344,-0.48757633064772116
400.6414485636828,-5.201658504516552e-05,-0.006976738051659528,400.64172234656644,-0.49124021811751417
400.7945679375185,-5.204403995857711e-05,-0.006984704900576705,400.79483798962707,-0.492309093083942
400.9476873113541,-5.207149570588039e-05,-0.0069926759533210725,400.94795362416545,-0.49337918822146704
401.4738807645312,-5.216585147990148e-05,-0.007020100458064866,401.474134162114,-0.497065871485455
402.0000742177083,-5.226020928501511e-05,-0.007047574612733586,402.0003145986668,-0.5007669980511203
402.153193591544,-5.228766638638004e-05,-0.007055578765427899,402.15343016560763,-0.50184672205643
402.3063129653796,-5.231512297663858e-05,-0.007063587122171976,402.30654572389943,-0.5029276719438726
402.8325064185567,-5.2409471440981515e-05,-0.007091139820787173,402.83272599885925,-0.5066517010024328
403.3586998717338,-5.2503805524177575e-05,-0.0071187421611629866,403.3589061709189,-0.510390240806363
403.5118192455695,-5.253125252700481e-05,-0.007126783612414135,403.5120216606103,-0.5114808645240516
403.6649386194051,-5.2558697485781046e-05,-0.007134829266021169,403.6651371415247,-0.5125727198339233
404.1911320725822,-5.265299377065113e-05,-0.007162510119129619,404.19131714960025,-0.516334268811449
404.7173255257593,-5.2747254934572525e-05,-0.007190240581085614,404.717497053257,-0.5201103959506298
404.87044489959493,-5.277467647938292e-05,-0.007198319307257671,404.87061246455863,-0.521211970034938
405.02356427343057,-5.280209396444481e-05,-0.007206402231698867,405.0237278669543,-0.5223147814176132
405.54975772660765,-5.2896279500148255e-05,-0.007234211130455651,405.5499076042134,-0.5261140243395004
406.07595117978474,-5.299040363228554e-05,-0.007262069572869624,406.07608723552124,-0.5299279127733865
406.22907055362043,-5.3017780181636605e-05,-0.007270185526415606,406.22920256728213,-0.5310404878307272
406.38218992745607,-5.304515038468001e-05,-0.007278305671157961,406.3823178900067,-0.5321543058850651
406.90838338063315,-5.3139155991663394e-05,-0.007306242418441084,406.90849735248145,-0.535991416570073
407.43457683381024,-5.3233073560412336e-05,-0.007334228607696585,407.4346767074587,-0.5398432400039199
407.58769620764593,-5.326038507129939e-05,-0.007342381713753853,407.58779195851787,-0.5409668665574833
407.74081558148157,-5.328768802093765e-05,-0.007350539000877817,407.740907200409,-0.5420917417949607
408.26700903465866,-5.338144576444326e-05,-0.007378603305823748,408.2670863840965,-0.5459668937296459
408.79320248783574,-5.347508904907353e-05,-0.007406716915366736,408.7932654587268,-0.5498568254873908
408.94632186167144,-5.3502315692794846e-05,-0.0074149070722220635,408.94638062791284,-0.5509915539402408
409.0994412355071,-5.352953143000798e-05,-0.007423101396950577,409.0994957877983,-0.5521275367480829
409.62563468868416,-5.362297108827828e-05,-0.007451292875924402,409.62567468866115,-0.5560409029606889
410.15182814186124,-5.37162667199234e-05,-0.007479533484341733,410.15185347889434,-0.5599691158585903
410.3049475156969,-5.374338643938636e-05,-0.0074877605620325815,410.3049685650261,-0.5611149964566287
410.4580668895325,-5.3770492635853445e-05,-0.007495991791019268,410.4580836417237,-0.5622621370605423
410.9842603427096,-5.386353555262837e-05,-0.007524309959170996,410.9842622556915,-0.5662138899902289
411.5104537958867,-5.3956403648616034e-05,-0.007552677039901611,411.51044075744426,-0.5701805562011678
411.6635731697224,-5.398339329789157e-05,-0.007560940877274217,411.66355575933153,-0.5713376389925824
411.816692543558,-5.40103669824903e-05,-0.007569208845864713,411.8166707516497,-0.572495987415811
412.3428859967351,-5.410293651724556e-05,-0.007597653110943013,412.3428490746196,-0.5764862987692696
412.8690794499122,-5.4195304753232075e-05,-0.00762614603254341,412.86902728377714,-0.5804915896778062
413.0221988237479,-5.422214423865159e-05,-0.007634446438815299,413.0221422002202,-0.5816599244710864
413.1753181975835,-5.424896568907711e-05,-0.007642750953177139,413.1752571069583,-0.5828295304926959
413.7015116507606,-5.434099678838911e-05,-0.007671320626689965,413.7014351347965,-0.5868585711042934
414.2277051039377,-5.44328033779858e-05,-0.00769993866729696,414.2276130472131,-0.5909026571735543
414.38082447777333,-5.445947515526775e-05,-0.007708275426388239,414.38072787700327,-0.5920822935002724
414.53394385160897,-5.448612698748286e-05,-0.00771661626775984,414.5338426969518,-0.593263206618552
415.06013730478605,-5.4577560564369286e-05,-0.007745310577750477,415.06002042549443,-0.5973311463291829
415.58633075796314,-5.466874770569826e-05,-0.007774052934654276,415.586198036995,-0.6014141969855916
415.73945013179883,-5.469523524754168e-05,-0.007782425807301311,415.7393127789152,-0.6026051840677226
415.89256950563447,-5.4721701177838725e-05,-0.007790802733937172,415.8924275108562,-0.6037974534678447
416.41876295881156,-5.4812483909398226e-05,-0.007819620830975262,416.41860493591037,-0.6079044610156782
416.94495641198864,-5.4903004560383815e-05,-0.00784848662833981,416.94478224229084,-0.6120266445433099
417.09807578582434,-5.492929577029821e-05,-0.007856895355193304,417.0978968951158,-0.6132290312632969
417.25119515965997,-5.4955564511256335e-05,-0.007865308105983689,417.2510115378229,-0.6144327057879292
417.77738861283706,-5.504566454068869e-05,-0.00789424908096511,417.7771886551675,-0.618578948712729
418.30358206601414,-5.5135497813483706e-05,-0.007923237395809343,418.3033656521963,-0.6227404321691491
418.45670143984984,-5.516158871668356e-05,-0.007931681706508265,418.4564802146925,-0.6239542670481945
418.6098208136855,-5.518765718125754e-05,-0.00794013001054732,418.6095947669314,-0.625169395177188
419.13601426686256,-5.52770704179991e-05,-0.007969192930269316,419.1357715723178,-0.6293550397624391
419.66220772003965,-5.536622168724587e-05,-0.007998302829728314,419.66194825573575,-0.6335559889399925
419.8153270938753,-5.539211550682328e-05,-0.008006782453592032,419.8150627266619,-0.63478132013052
419.9684464677109,-5.5417987680877814e-05,-0.008015266040759679,419.96817718719035,-0.6360079499749773
420.494639920888,-5.550673341582451e-05,-0.008044449982619531,420.49435367634277,-0.6402331612394546
421.0208333740651,-5.559523190576293e-05,-0.00807368055685475,421.0205300418633,-0.6444737406746213
421.1739527479008,-5.562093924981189e-05,-0.008082195232272634,421.1736444199701,-0.6457106159662042
421.3270721217364,-5.564662683821011e-05,-0.00809071384270402,421.32675878753787,-0.6469487952758927
421.8532655749135,-5.57347548165682e-05,-0.008120017929088771,421.85293495615343,-0.6512137370103317
422.3794590280906,-5.58226668636977e-05,-0.008149368331027971,422.3791109994631,-0.6554941100398999
422.5325784019263,-5.5848210497943476e-05,-0.00815791781849565,422.5322252834932,-0.6567425768796742
422.6856977757619,-5.5873737838677544e-05,-0.008166471216309083,422.6853395568421,-0.6579923530654952
423.211891228939,-5.5961344049615805e-05,-0.008195894667551976,423.21151540058963,-0.6622971879271591
423.7380846821161,-5.604878423075595e-05,-0.008225364172927617,423.73769111734623,-0.6666175168125207
423.89120405595173,-5.607420088495789e-05,-0.00823394827349621,423.8908053060342,-0.6678776223474728
424.04432342978737,-5.609960616516771e-05,-0.008242536265464905,424.04391948389775,-0.6691390425265449
424.57051688296445,-5.618683242951364e-05,-0.008272078464298534,424.5700949984175,-0.6734839322161805
425.09671033614154,-5.627395837155655e-05,-0.00830166653462693,425.09627038424946,-0.6778443783538112
425.24982970997723,-5.629929677023097e-05,-0.008310285107592132,425.2493844763208,-0.6791161694982127
425.40294908381287,-5.632463003774504e-05,-0.00831890756058569,425.4024985574233,-0.6803892805639941
425.92914253698996,-5.641165852506864e-05,-0.008348568109832847,425.92867373832416,-0.6847743860865537
426.45533599016704,-5.649866971374765e-05,-0.00837827444834905,426.4548487888275,-0.6891751102986295
426.60845536400274,-5.652399144883195e-05,-0.008386927427521965,426.607962782998,-0.6904586338240879
426.7615747378384,-5.654931600618962e-05,-0.008395584284937294,426.7610767660546,-0.6917434825389656
427.28776819101546,-5.663637820491786e-05,-0.008425363066730316,427.28725160891133,-0.6961689645414052
427.81396164419255,-5.672352821717841e-05,-0.008455187683185773,427.81342631964685,-0.7006101274462272
427.96708101802824,-5.674891131689091e-05,-0.008463875097042719,427.96654021462234,-0.7019054300960258
428.1202003918639,-5.67743070154501e-05,-0.008472566399430054,428.1196540983372,-0.703202063208759
428.64639384504096,-5.686169097674589e-05,-0.008502463649207854,428.6458285986873,-0.7076680824085946
429.17258729821805,-5.694928740528905e-05,-0.008532406935753432,429.1720029651767,-0.7121498448885754
429.3257066720537,-5.6974824748679765e-05,-0.008541128929319278,429.3251167596507,-0.7134569735214047
429.4788260458893,-5.7000385892550136e-05,-0.008549854836004503,429.4782305427161,-0.7147654379141383
430.0050194990664,-5.708842566045958e-05,-0.008579871213441576,430.0044046960546,-0.7192721556293007
430.5312129522435,-5.717681715238152e-05,-0.00860993400936557,430.530578713775,-0.7237946793965118
430.6843323260792,-5.720261277892684e-05,-0.008618690861708737,430.68369240642807,-0.7251136811572771
430.8374516999148,-5.7228444600625326e-05,-0.008627451667780735,430.8368060875228,-0.7264340240190048
431.3636451530919,-5.731751112573644e-05,-0.008657588311579093,431.36297988929675,-0.7309816027828508
431.889838606269,-5.7407083864866956e-05,-0.008687771954783105,431.889153553675,-0.7355450510219901
432.0429579801047,-5.743325316257831e-05,-0.008696564093792198,432.0422671431724,-0.7368759735339127
432.1960773539403,-5.745947240715263e-05,-0.008705360244902602,432.19538072096003,-0.7382082425548628
432.7222708071174,-5.754997738561582e-05,-0.008735618825048546,432.72155416656204,-0.7427968468017719
433.2484642602945,-5.764115788646107e-05,-0.008765925206049355,433.2477274729678,-0.7474013848837152
433.4015836341302,-5.766782747929005e-05,-0.00877475322439633,433.40084095795754,-0.7487442764613543
433.5547030079658,-5.769456172020199e-05,-0.008783585332625491,433.55395443108387,-0.7500885200484073
434.0808964611429,-5.778694975454453e-05,-0.008813968102933674,434.08012751584477,-0.7547183168724556
434.60708991432,-5.788018939182564e-05,-0.008844399711274618,434.6063004595827,-0.7593641131389629
434.76020928815564,-5.790749136802992e-05,-0.008853264378192283,434.7594138386933,-0.7607190230209878
434.9133286619913,-5.793487289008318e-05,-0.00886213323296051,434.9125272057849,-0.7620752905321478
435.43952211516836,-5.8029598805752836e-05,-0.008892643060848172,435.43869992496536,-0.7667464505040472
435.96571556834544,-5.812535132679029e-05,-0.008923203002989011,435.9648725012665,-0.7714336770972402
436.11883494218114,-5.815341725242203e-05,-0.00893210526725935,436.1179857731047,-0.7728006556892619
436.2719543160168,-5.818157738335451e-05,-0.008941011837442846,436.2710990327653,-0.7741689976769041
436.79814776919386,-5.8279090612447825e-05,-0.008971652205453165,436.797271381547,-0.7788816956810517
437.32434122237095,-5.8377801477786936e-05,-0.009002344199380398,437.3234435855603,-0.7836105293794449
437.47746059620664,-5.840676003288323e-05,-0.009011285186841831,437.47655674870805,-0.7849896284965833
437.6305799700423,-5.843582685643765e-05,-0.009020230617876069,437.62966989951656,-0.786370096949604
438.15677342321936,-5.8536562067243026e-05,-0.009051005611026479,438.1558418729936,-0.7911245130125046
438.68296687639645,-5.86386536611072e-05,-0.009081833967245254,438.6820136997765,-0.7958951360510983
438.8360862502321,-5.8668624740034094e-05,-0.009090814973658393,438.8351267527884,-0.79728640915458
438.9892056240677,-5.869871651279721e-05,-0.009099800579437356,438.9882397932964,-0.7986790577337749
439.5153990772448,-5.880306561191018e-05,-0.009130714848413494,439.5144113864657,-0.8034753778218698
440.0415925304219,-5.8908903194676566e-05,-0.009161684416817601,440.04058283097515,-0.8082879786663144
440.1947119042576,-5.8939987289875247e-05,-0.00917070688888187,440.19369577237615,-0.8096914810830746
440.3478312780932,-5.8971201703795466e-05,-0.009179734131196878,440.3468087011048,-0.8110963653376954
440.8740247312703,-5.907947747569139e-05,-0.00921079280905579,440.8729799088576,-0.8159347820749107
441.4002181844474,-5.918933604423145e-05,-0.009241908877345618,441.3991509659417,-0.8207895560904167
441.5533375582831,-5.922160565591437e-05,-0.009250974379947898,441.55226379422425,-0.8222053451972307
441.7064569321187,-5.9254011715090675e-05,-0.00926004483444985,441.7053766096626,-0.823622522744037
442.2326503852958,-5.936642389179124e-05,-0.009291253411224156,442.23154742677673,-0.828503235985547
442.7588438384729,-5.948046756825217e-05,-0.00932252156779214,442.7577180911679,-0.8334003859415842
442.9119632123086,-5.951396129393531e-05,-0.009331631742156536,442.9108308047906,-0.8348285212980752
443.06508258614423,-5.954759317022744e-05,-0.00934074705553683,443.06394350539307,-0.8362580519478416
443.5912760393213,-5.966422356220007e-05,-0.009372111223260336,443.59011392652707,-0.8411812691635103
444.1174694924984,-5.978247380270022e-05,-0.009403537187309375,444.1162841928363,-0.8461210055317837
444.27058886633404,-5.9817185578010634e-05,-0.009412693698240018,444.26939679022183,-0.8475615489499525
444.4237082401697,-5.985203136133283e-05,-0.009421855533809361,444.42250937440707,-0.849003494768751
444.94990169334676,-5.9972791982903806e-05,-0.009453380985459644,444.94867939409585,-0.8539694311874614
445.47609514652385,-6.0095083652965495e-05,-0.009484970383372237,445.4748492568097,-0.8589519721745091
445.62921452035954,-6.0130950135281435e-05,-0.009494174849783115,445.6279617363447,-0.8604049877055318
445.7823338941952,-6.0166939438306145e-05,-0.009503384816137554,445.78107420249535,-0.86185941299077
446.30852734737226,-6.029153339803235e-05,-0.009535076986615236,446.3072438151493,-0.8668682914317917
446.83472080054935,-6.041748234424848e-05,-0.009566835074111333,446.83341326863035,-0.8718938626691147
446.98784017438504,-6.0454374971599744e-05,-0.009576088985144705,446.9865256286653,-0.8733594164852196
447.1409595482207,-6.0491371544361684e-05,-0.009585348551082803,447.13963797512787,-0.8748263876346233
447.66715300139776,-6.061927098992863e-05,-0.009617212317195431,447.6658071750351,-0.8798784379564779
448.19334645457485,-6.0748253531831e-05,-0.009649143668118074,448.19197621352566,-0.884947271788598
448.3464658284105,-6.0785972168816506e-05,-0.009658448290596174,448.3450884523769,-0.8864254319448447
448.4995852022461,-6.082376721133772e-05,-0.009667758691540749,448.4982006774639,-0.8879050172039736
449.0257786554232,-6.095418666849709e-05,-0.009699798041792647,449.0243694587971,-0.8930004753259904
449.5519721086003,-6.10853081763466e-05,-0.0097319062026163,449.55053807642827,-0.8981128096542416
449.705091482436,-6.112357125266119e-05,-0.009741262477275373,449.70365019238045,-0.8996036457175257
449.8582108562716,-6.116187347526043e-05,-0.009750624610040337,449.85676229437325,-0.9010959147927753
450.3844043094487,-6.129373613793985e-05,-0.009782842271210837,450.38293065120183,-0.9062350212398447
450.9105977626258,-6.142580110967068e-05,-0.009815129370877999,450.90909884200767,-0.9113910978662411
451.0637171364615,-6.146423820497081e-05,-0.009824537795974062,451.06221083331815,-0.9128946803943746
451.2168365102971,-6.150266708826728e-05,-0.00983395210131748,451.21532281047155,-0.9143997039142204
451.7430299634742,-6.163458845744702e-05,-0.009866349128396427,451.7414907367795,-0.9195827018266267
452.2692234166513,-6.176609422813402e-05,-0.009898815462293558,452.2676584947166,-0.9247827642463673
452.422342790487,-6.18042460457686e-05,-0.009908275972182422,452.42077035962245,-0.9262991641044346
452.57546216432263,-6.18423323995671e-05,-0.009917742313387705,452.5738822101717,-0.9278170129172552
453.1016556174997,-6.197262476794842e-05,-0.009950317673754124,453.1000496998813,-0.9330441454961905
453.6278490706768,-6.210176699794772e-05,-0.00998296129051413,453.62621701885627,-0.9382884361250751
453.78096844451244,-6.213908659282481e-05,-0.009992473135981797,453.77932875558207,-0.939817723637861
453.9340878183481,-6.217627364450782e-05,-0.010001990679357507,453.9324404777509,-0.9413484679460639
454.46028127152516,-6.230294862377141e-05,-0.010034740842931761,454.45860752475386,-0.9466199753387284
454.98647472470225,-6.242762432664772e-05,-0.010067557136047706,454.9847743986562,-0.9519087321830004
455.13959409853794,-6.246347852740583e-05,-0.01007711876578453,455.13788600542426,-0.9534509761256077
455.2927134723736,-6.2499123803834e-05,-0.010086685862453414,455.29099759743553,-0.9549946844581813
455.81890692555066,-6.261990379525378e-05,-0.010119604398429018,455.8171641956308,-0.9603108000892187
456.34510037872775,-6.273773322915016e-05,-0.010152585711763347,456.34333061837407,-0.9656442528671276
456.49821975256344,-6.277141146722937e-05,-0.010162194660004707,456.4964420934168,-0.9671995192976148
456.6513391263991,-6.280479674742977e-05,-0.010171808734983984,456.6495535535051,-0.9687562573257826
457.17753257957617,-6.291715839598271e-05,-0.010204885944347297,457.17571969684343,-0.9741172037001543
457.70372603275325,-6.302554041086787e-05,-0.010238021230645867,457.7018856624118,-0.9794955694583205
457.85684540658895,-6.305627260195634e-05,-0.010247674023581973,457.85499700398634,-0.9810639204090175
458.0099647804246,-6.308662233073484e-05,-0.010257331484928795,458.00810833041214,-0.9826337496235056
458.53615823360167,-6.318786192025505e-05,-0.010290554110273019,458.5342740129473,-0.9880397336792442
459.06235168677875,-6.328404132989065e-05,-0.010323828675909679,459.0604395154495,-0.9934632120019258
459.2154710606144,-6.331101760541271e-05,-0.010333520764118117,459.2135507218529,-0.9950447040610414
459.36859043445,-6.333751885208531e-05,-0.010343216938417587,459.3666619129192,-0.9966276803436163
459.8947838876271,-6.342482308991514e-05,-0.0103765679657358,459.8928271288647,-1.0020788884721412
460.4209773408042,-6.350596764860385e-05,-0.010409963311380967,460.4189921625923,-1.007547656407494
460.5740967146399,-6.352836244251566e-05,-0.010419689031231728,460.5721032321797,-1.0091423392279533
460.72721608847553,-6.355018989114315e-05,-0.010429418128808786,460.7252142862489,-1.0107385113547485
461.2534095416526,-6.362073039064585e-05,-0.010462876698727527,461.25137903003906,-1.016235104222614
461.7796029948297,-6.368403989157094e-05,-0.010496370484143222,461.77754358952876,-1.0217493110718374
461.9327223686654,-6.370104667447996e-05,-0.01050612305871824,461.9306545207307,-1.0233572258528703
462.08584174250103,-6.371739858947076e-05,-0.010515878179939406,462.08376543624337,-1.0249666339766463
462.6120351956781,-6.376846404710293e-05,-0.010549419653418463,462.6099297025963,-1.030508741325715
463.1382286488552,-6.381131200107035e-05,-0.010582985835208685,463.1360937826937,-1.0360685034967572
463.29134802269084,-6.382218558028462e-05,-0.010592757428637285,463.2892045740356,-1.0376896815018484
463.4444673965265,-6.383232639129453e-05,-0.0106025306247034,463.4423153495288,-1.0393123556788169
463.97066084970356,-6.386146972846637e-05,-0.010636126841788647,463.96847913351087,-1.0449000713446166
464.49685430288065,-6.388155205282478e-05,-0.010669736009984297,464.49464272943305,-1.0505054675271668
464.64997367671634,-6.38856521886257e-05,-0.010679517840124006,464.6477533795528,-1.0521399287153015
464.803093050552,-6.388895647495533e-05,-0.010689300232491183,464.80086401367834,-1.053775887554188
465.32928650372907,-6.38941495830007e-05,-0.010722919974540607,465.32702731076336,-1.0594092649729454
465.85547995690615,-6.388964742209617e-05,-0.010756539898375952,465.8531904181574,-1.0650603319106617
466.00859933074184,-6.388648819579249e-05,-0.010766322411933734,466.0063009258219,-1.0667080837621867
466.1617187045775,-6.388249100778961e-05,-0.010776104375083926,466.15941141736215,-1.0683573332775946
466.68791215775457,-6.38623063828008e-05,-0.010809714053430942,466.68557422348664,-1.0740363817708731
467.21410561093165,-6.383208024566034e-05,-0.010843310468871447,467.21173683848036,-1.0797331109343884
467.36722498476735,-6.382138871622299e-05,-0.010853083590083955,467.36484720259955,-1.0813941475632864
467.520344358603,-6.38098449376837e-05,-0.010862855009180956,467.51795755048124,-1.0830566803267991
468.04653781178007,-6.37636628860659e-05,-0.01089641962086282,468.04411986208737,-1.088781362499094
468.57273126495716,-6.370746077788266e-05,-0.010929957295607378,468.57028198132735,-1.094523698015233
468.7258506387928,-6.368923696163306e-05,-0.010939710756746164,468.72339220096455,-1.096197999674641
468.87897001262843,-6.367018096731926e-05,-0.010949461367263442,468.87650240426854,-1.0978737943716332
469.4051634658055,-6.35983914787841e-05,-0.010982945731050573,469.4026642183325,-1.1036440249977295
469.9313569189826,-6.351704704903372e-05,-0.011016389805805065,469.92882583900564,-1.1094318632149092
470.0844762928183,-6.349162109390968e-05,-0.011026113556967242,470.0819359133818,-1.1111193963059565
470.23759566665393,-6.346542385292607e-05,-0.011035833363258902,470.23504597134684,-1.1128084178078388
470.763789119831,-6.3369623227441e-05,-0.011069203624670348,470.76120728538785,-1.1186240645829246
471.2899825730081,-6.326525447045286e-05,-0.011102521222172491,471.2873684052198,-1.124457255640513
471.4431019468438,-6.323334514180046e-05,-0.011112205919191275,471.4404783337115,-1.1261579733307299
471.59622132067943,-6.320077294700275e-05,-0.011121885691347623,471.59358824573115,-1.1278601733887517
472.1224147738565,-6.308396773362848e-05,-0.011155111099394667,472.1197490577937,-1.1337210599065097
472.6486082270336,-6.2960180543243e-05,-0.01118827320836783,472.64590967502136,-1.1395994116759702
472.80172760086924,-6.292295369710445e-05,-0.011197910781141584,472.79901945715056,-1.1413132552351262
472.9548469747049,-6.288522593415152e-05,-0.011207542632136176,472.9521292227618,-1.1430285739038246
473.48104042788196,-6.275202343781203e-05,-0.011240597588784004,473.4782895313682,-1.1489344852355603
474.00723388105905,-6.261408655027847e-05,-0.011273581209547478,474.00444964467863,-1.1548577700032105
474.16035325489474,-6.257320252652941e-05,-0.011283165503285824,474.15755928009224,-1.1565846709625183
474.3134726287304,-6.253203754003444e-05,-0.011292743537333656,474.31066889895436,-1.1583130388574832
474.83966608190747,-6.238879147594097e-05,-0.011325609876615591,474.8368287030211,-1.1642637300785161
475.36585953508455,-6.224376465770149e-05,-0.011358400372245808,475.36298831145257,-1.1702316942900381
475.51897890892025,-6.22014125017758e-05,-0.01136792784385915,475.5160977998907,-1.1719715775119957
475.6720982827559,-6.215906047891155e-05,-0.011377448857952766,475.6692072717516,-1.173712918986565
476.19829173593297,-6.201397470929394e-05,-0.011410118293333958,476.19536657046604,-1.179708126919572
476.72448518911006,-6.187079791199037e-05,-0.011442711887777384,476.7215256732677,-1.1857205042243888
476.87760456294575,-6.182971853733545e-05,-0.011452182341245815,476.87463501451964,-1.1874732919468305
477.0307239367814,-6.178898322026493e-05,-0.011461646563890161,477.027744339171,-1.1892275292487906
477.55691738995847,-6.165217393540614e-05,-0.011494123250250227,477.5539031318227,-1.1952669876160402
478.08311084313556,-6.152170484115518e-05,-0.01152652961654365,478.0800617282684,-1.2013235153744342
478.2362302169712,-6.148519631782316e-05,-0.011535946959143556,478.2331709221152,-1.2030891322704902
478.38934959080683,-6.144943744221963e-05,-0.011545358807090662,478.38628009933234,-1.2048561907175355
478.9155430439839,-6.133291759407432e-05,-0.01157766193940394,478.9124383850982,-1.2109396488105357
479.441736497161,-6.122787746938269e-05,-0.01160990678001361,479.4385964742526,-1.2170400881257575
479.5948558709967,-6.119977174274823e-05,-0.011619279766824968,479.591705520395,-1.2188184673876161
479.74797524483233,-6.11728784890061e-05,-0.011628648585760227,479.74481454986477,-1.2205982815644294
480.2741686980094,-6.109044168408606e-05,-0.011660814908368962,480.27097232754505,-1.2267255263987016
480.8003621511865,-6.1025261893400825e-05,-0.011692942393534592,480.7971299079812,-1.2328696855733134
480.9534815250222,-6.1009873315815184e-05,-0.011702285320841105,480.9502388059545,-1.234660775977019
481.10660089885783,-6.099620977292503e-05,-0.011711626070658326,481.10334768718735,-1.236453296905231
481.6327943520349,-6.096322036971667e-05,-0.011743712164196696,481.62950495489486,-1.242624178647255
482.158987805212,-6.095379588380911e-05,-0.01177578709877967,482.15566202436617,-1.248811939781724
482.3121071790477,-6.09558422857861e-05,-0.011785120409293278,482.30877077344115,-1.2506157136382312
482.46522655288334,-6.0960164981625427e-05,-0.011794454256884739,482.4618795056714,-1.2524209168187477
482.9914200060604,-6.0993245205902516e-05,-0.011826538473634308,482.9880362604759,-1.258635377096558
483.5176134592375,-6.105657135006331e-05,-0.011858648054583825,483.514192815544,-1.264866725371298
483.67073283307315,-6.108105799249172e-05,-0.011867998811641908,483.667301414616,-1.266683187216433
483.8238522069088,-6.110839509426987e-05,-0.011877353586915705,483.820409996689,-1.2685010813900608
484.35004566008587,-6.122497268115079e-05,-0.011909537469338176,484.3465662342229,-1.2747591839034627
484.87623911326295,-6.137863606131361e-05,-0.011941792451274452,484.8727222698505,-1.2810342388688165
485.02935848709865,-6.143069702527964e-05,-0.011951194626224113,485.02583071731885,-1.2828634346770784
485.1824778609343,-6.148618518973148e-05,-0.011960605084892684,485.1789391475701,-1.2846940710799064
485.70867131411137,-6.170389901764523e-05,-0.011993014071300333,485.7050948616036,-1.29099603367532
486.23486476728846,-6.196543312813115e-05,-0.01202554914627179,486.2312503707211,-1.2973150816118904
486.38798414112415,-6.205013481429774e-05,-0.01203504366398289,486.38435866436123,-1.299157108242155
486.5411035149598,-6.213881866697923e-05,-0.012044551502681917,486.53746694048766,-1.3010005900553934
487.0672969681369,-6.247479977631923e-05,-0.012077334739307465,487.063622122486,-1.307346817171299
487.59349042131396,-6.28609177749728e-05,-0.012110307957844589,487.5897770955457,-1.3137103433335726
487.7466097951496,-6.298302622052997e-05,-0.012119942451151323,487.7428852323793,-1.3155653578443882
487.89972916898523,-6.310962119484497e-05,-0.012129596025878035,487.8959933513098,-1.317421849468776
488.4259226221623,-6.357964171550525e-05,-0.012162925115307461,488.42214798998685,-1.3238129636234541
488.9521160753394,-6.410532852065954e-05,-0.01219651617207494,488.94830241452036,-1.3302216829472013
489.1052354491751,-6.426903435130382e-05,-0.012206344391693677,489.101410390688,-1.332089911350967
489.25835482301073,-6.443764697809247e-05,-0.012216198085295029,489.25451834845603,-1.3339596470668156
489.7845482761878,-6.505512412807402e-05,-0.012250264578973446,489.7806724293444,-1.3403965178149386
490.3107417293649,-6.573259099822402e-05,-0.012284671768184664,490.30682628954406,-1.3468514024131006
490.4638611032006,-6.594119677179158e-05,-0.012294752592141207,490.4599341001857,-1.3487331473623068
490.61698047703624,-6.615500852690641e-05,-0.012304865775710692,490.6130418918119,-1.350616438859977
491.1431739302133,-6.692989402954325e-05,-0.01233987723051919,491.13919539687015,-1.3571002073847755
491.6693673833904,-6.776743509998624e-05,-0.01237531290948092,491.66534867321747,-1.3636025089086903
491.8224867572261,-6.802301723363842e-05,-0.012385708909152547,491.81845631236934,-1.365498155739103
491.97560613106174,-6.828394420198375e-05,-0.01239614445619552,491.97156393176016,-1.3673953979383675
492.5017995842388,-6.92215383930878e-05,-0.012432318927824867,492.49771683904333,-1.3739274952360148
493.0279930374159,-7.022231990169427e-05,-0.012469003379755693,493.02386950801304,-1.3804787599965058
493.18111241125155,-7.052537174837447e-05,-0.012479778913666308,493.17697696852764,-1.3823887805043316
493.3342317850872,-7.08337056927814e-05,-0.012490601239162053,493.33008440839876,-1.384300455035275
493.86042523826427,-7.193340906926988e-05,-0.012528160120940853,493.8562366918224,-1.3908826115040256
494.38661869144136,-7.309420282028805e-05,-0.01256631373211435,494.3823887256888,-1.397484686118527
494.53973806527705,-7.344326368104805e-05,-0.012577532543873218,494.53549599918813,-1.3994096394133035
494.6928574391127,-7.379730053212951e-05,-0.01258880514554507,494.68860325102213,-1.4013363150970455
495.2190508922898,-7.50513362042959e-05,-0.012627964284411188,495.2147548802488,-1.4079705592319247
495.74524434546686,-7.636124979878942e-05,-0.012667797989936492,495.740906247031,-1.4146255844684477
495.89836371930255,-7.675253859808891e-05,-0.012679520302714457,495.89401332390173,-1.4165661142199513
496.0514830931382,-7.714821408144509e-05,-0.012691302799770241,496.0471203779483,-1.418508443866654
496.5776765463153,-7.854039506298186e-05,-0.012732261897860878,496.57327131843357,-1.4251970877134785
497.10386999949236,-7.997967679908935e-05,-0.012773965944523973,497.09942198201145,-1.4319074782001884
497.256989373328,-8.040675278549261e-05,-0.012786245073961384,497.2525288514526,-1.433864305606813
497.41010874716363,-8.083730722745178e-05,-0.012798589768522241,497.40563569678346,-1.4358230184620024
497.9363022003407,-8.234191756382729e-05,-0.01284152018148747,497.9317859100157,-1.4425686275665695
498.4624956535178,-8.388089376950693e-05,-0.01288525135210899,498.45793583045497,-1.4493370351700547
498.6156150273535,-8.433435879100213e-05,-0.012898129885107365,498.6110424805901,-1.451310947024522
498.76873440118914,-8.479004507543822e-05,-0.012911077896051408,498.76414910521794,-1.4532868362470122
499.2949278543662,-8.63708828857778e-05,-0.012956109014527298,499.29029854918906,-1.4600921820409936
499.8211213075433,-8.796908443710128e-05,-0.013001976527852928,499.8164476833114,-1.466921440960136
499.974240681379,-8.843634654885991e-05,-0.013015482135363453,499.9695541013728,-1.4689132722660654
500.12736005521464,-8.890420255425107e-05,-0.013029059175895549,500.1226604924459,-1.4709071769018094
500.6535535083917,-9.051387085884076e-05,-0.013076263663017899,500.6488091223899,-1.4777751697728065
501.1797469615688,-9.21194497958284e-05,-0.013124314071164668,501.1749574246247,-1.4846682217522267
501.3328663354045,-9.258457955615145e-05,-0.013138455059046367,501.32806359722457,-1.4866788324602511
501.48598570924014,-9.304829686500477e-05,-0.013152666966775443,501.4811697413063,-1.4886916134971453
502.0121791624172,-9.462785271929078e-05,-0.013202045263437894,502.0073175107399,-1.495625215251573
502.5383726155943,-9.617739570131885e-05,-0.013252246815761341,502.5334649342901,-1.5025850138550065
502.69149198942995,-9.662110442866679e-05,-0.013267007560597736,502.6865708477825,-1.5046152594579036
502.8446113632656,-9.70610216266091e-05,-0.013281835731402495,502.8396767312262,-1.506647769723785
503.37080481644267,-9.854007054791888e-05,-0.013333300379759867,503.3658235933214,-1.5136498848086681
503.89699826961976,-9.995888407659406e-05,-0.013385527446241923,503.8919700916715,-1.5206792784192218
504.05011764345545,-0.00010035864434611319,-0.013400863895796459,504.04507573261793,-1.5227299743688825
504.2032370172911,-0.00010075188517143472,-0.013416260804358005,504.19818134204286,-1.524783022263282
504.7294304704682,-0.00010204919556384393,-0.013469621242304478,504.7243272513536,-1.5318563679324488
505.25562392364526,-0.00010325215001842687,-0.013523639491747787,505.2504727801362,-1.5389579620198746
505.40874329748095,-0.00010358248688519748,-0.013539474941307215,505.4035781358752,-1.5410298421931117
505.5618626713166,-0.0001039032727712666,-0.013555359963987672,505.5566834587488,-1.5431041495125377
506.0880561244937,-0.00010492801882724666,-0.01361030856820037,506.0828283733024,-1.5502511060887798
506.61424957767076,-0.0001058210646387711,-0.013665761737175678,506.6089728925307,-1.5574271063198029
506.76736895150646,-0.00010605405036186972,-0.013681983136364529,506.7620779518536,-1.5595207760757486
506.9204883253421,-0.00010627421974761363,-0.01369823893586606,506.91518297717846,-1.5616169305145555
507.4466817785192,-0.00010692795757193082,-0.01375433924189285,507.4413268609255,-1.5688393740587196
507.97287523169626,-0.00010741040312915718,-0.013810738474048116,507.967470337576,-1.5760914130633625
508.1259946055319,-0.00010751637767017377,-0.013827193557635288,508.12057509150276,-1.5782072978091537
508.27911397936754,-0.00010760613265491772,-0.013843663326276092,508.2736798106031,-1.5803257010977414
508.8053074325446,-0.0001077855675841925,-0.01390034146650953,508.7998226361977,-1.5876248221408464
509.3315008857217,-0.00010775316484520438,-0.013957058290430924,509.32596504710415,-1.5949537741456132
509.4846202595574,-0.00010770169471777296,-0.013973553848197021,509.47906948974514,-1.597092064741974
509.63773963339304,-0.00010763058785216404,-0.013990039726892592,509.6321738971372,-1.5992328778022973
510.1639330865701,-0.00010723118194223945,-0.014046580192122985,510.15831564898946,-1.6066089912559485
510.6901265397472,-0.00010658007555847904,-0.014102844271007657,510.6844569839776,-1.6140147802881093
510.8432459135829,-0.00010634116837697946,-0.014119145892139402,510.83756111345986,-1.6161753770674379
510.99636528741854,-0.00010607934683909165,-0.014135408903118136,510.99066520778297,-1.6183384640099563
511.5225587405956,-0.00010499982339329421,-0.014190955809515824,511.5168058852915,-1.6257908169225794
512.0487521937728,-0.00010363141018410916,-0.014245858671792677,512.0429461504482,-1.633272225881964
512.2018715676084,-0.00010317699547062951,-0.014261692320024177,512.1960499698697,-1.635454683522322
512.354990941444,-0.00010269671157242462,-0.014277454170890175,512.3491537548414,-1.637639556782247
512.8811843946211,-0.000100844470552362,-0.014331019268577489,512.8752933756718,-1.6451661422574524
513.4073778477982,-9.867115497174189e-05,-0.014383525255500455,513.4014325965953,-1.6527206318223118
513.5604972216339,-9.797682136649859e-05,-0.014398581032523543,513.5545361149618,-1.6549241078086714
513.7136165954696,-9.725419733643849e-05,-0.014413528147582058,513.707639600309,-1.6571298772072536
514.2398100486466,-9.455158725840695e-05,-0.014464006776489078,514.2337782035396,-1.6647272644697695
514.7660035018238,-9.150336650954311e-05,-0.014512972380630363,514.7599164283744,-1.6723508124480053
514.9191228756594,-9.055033536559473e-05,-0.01452691081251171,514.9130196614573,-1.674574022323733
515.072242249495,-8.956736220893019e-05,-0.014540700923060588,515.0661228637595,-1.6767993513084969
515.5984357026721,-8.595873837576142e-05,-0.014586897032645419,515.592260512666,-1.684462543482236
516.1246291558492,-8.199054130859267e-05,-0.014631099705453409,516.1183978146788,-1.6921495167497813
516.2777485296848,-8.076785266259473e-05,-0.014643560858151047,516.2715007857181,-1.6943906997970808
516.4308679035205,-7.95145977217567e-05,-0.014655832453918913,516.4246037290898,-1.696633772546113
516.9570613566975,-7.497406701403002e-05,-0.014696493693587174,516.9507405133016,-1.7043561051553702
517.4832548098747,-7.007372153919955e-05,-0.014734671069635663,517.4768769927124,-1.7120991777067427
517.6363741837104,-6.858059008695893e-05,-0.014745286756323668,517.6299797328829,-1.7143560770838502
517.789493557546,-6.705756809795879e-05,-0.014755671654029752,517.7830824494056,-1.7166145805413244
518.3156870107231,-6.159723994537427e-05,-0.014789535355824553,518.3092184861263,-1.7243876750002374
518.8418804639002,-5.5793853049780586e-05,-0.014820435611060943,518.8353542708791,-1.7321778067811555
518.9949998377358,-5.404212523210762e-05,-0.014828844877728072,518.9884568194229,-1.7344476684532983
519.1481192115715,-5.2262761911391395e-05,-0.014836984082619213,519.1415593492347,-1.7367187936607587
519.6743126647485,-4.59412510404038e-05,-0.01486283465507849,519.6676947832001,-1.7445325809381251
520.2005061179257,-3.931373604764389e-05,-0.01488527838122049,520.1938300283452,-1.7523590728843013
520.3536254917612,-3.73303699790794e-05,-0.014891146355233434,520.3469324322765,-1.7546386678709662
520.5067448655969,-3.53234791148821e-05,-0.014896709288253526,520.5000348232226,-1.756919135128818
521.032938318774,-2.825438190579456e-05,-0.014913447178014504,521.0261698250729,-1.7647619652375792
521.5591317719511,-2.0939839386838936e-05,-0.014926400779246594,521.5523047104421,-1.7726126062119558
521.7122511457868,-1.8769318316062873e-05,-0.014929440853247414,521.7054070237336,-1.774898280713549
521.8653705196225,-1.6581501036820695e-05,-0.014932147902262176,521.8585093304897,-1.777184393130319
522.3915639727995,-8.941513290308953e-06,-0.014938869870624311,522.3846440932599,-1.7850432460344383
522.9177574259767,-1.1431007679744653e-06,-0.014941530046411937,522.9107788191607,-1.792904567074613
523.0708767998123,1.1503330284828975e-06,-0.014941529233710348,523.063881101337,-1.7951923249154182
523.223996173648,3.452482963099859e-06,-0.014941177447458221,523.216983383932,-1.797480054755005
523.750189626825,1.1416229060588424e-05,-0.014937267397757659,523.7431181174263,-1.8053408676106866
524.2763830800021,1.9422387577464366e-05,-0.014929155718429114,524.2692528981564,-1.8131985179415586
524.4295024538377,2.1752812458339576e-05,-0.01492600284575832,524.4223552122418,-1.8154841394312708
524.5826218276734,2.4080832118854283e-05,-0.014922494415945009,524.575457533932,-1.8177692513076378
525.1088152808504,3.204467656950758e-05,-0.014907723395434627,525.101592456849,-1.825617375509631
525.6350087340276,3.990400668991313e-05,-0.01488878934949035,525.6277275119392,-1.8334566330040547
525.7881281078633,4.2162350130262654e-05,-0.014882505569387763,525.7808299217445,-1.8357358337420409
525.941247481699,4.440449525001494e-05,-0.014875878562428118,525.9339323462262,-1.838014048104648
526.467440934876,5.1963873778258864e-05,-0.014850511929479704,526.4600676760215,-1.8458348473108268
526.9936343880531,5.923977077709455e-05,-0.014821242184102062,526.9862032192515,-1.8536412734493461
527.1467537618887,6.129292821057461e-05,-0.014812013102189587,527.1393057860223,-1.8559099057668456
527.2998731357244,6.33133680519695e-05,-0.014802473714078853,527.2924083740115,-1.8581771052623777
527.8260665889014,6.998065270695138e-05,-0.014767382805076161,527.8185443146344,-1.865956702401014
528.3522600420786,7.615332534265307e-05,-0.014728913745340742,528.3446805410126,-1.8737169482623994
528.5053794159143,7.784402383786111e-05,-0.01471712225674151,528.4977833195051,-1.8759712469064296
528.65849878975,7.948279848493636e-05,-0.014705077661723196,528.6508861247555,-1.8782237270801128
529.184692242927,8.468789147065115e-05,-0.01466185258111418,529.1770228525343,-1.8859499042469503
529.7108856961041,8.915615704672903e-05,-0.01461608247153243,529.7031599235683,-1.89365266958678
529.8640050699397,9.030371342071292e-05,-0.014602341190532279,529.8562629576552,-1.89588954187579
530.0171244437754,9.137760089625152e-05,-0.014588431845083651,530.0093660225199,-1.8981243062699487
530.5433178969524,9.44717686799744e-05,-0.014539491298076142,530.5355036705876,-1.9057875563496447
531.0695113501296,9.655825611645997e-05,-0.014489187737638598,531.0616416982616,-1.9134246983891106
531.2226307239652,9.696035669384028e-05,-0.014474369716569936,531.2147450161966,-1.9156420574231134
531.3757500978008,9.726477477759224e-05,-0.014459499795371488,531.3678483668594,-1.9178571554548287
531.9019435509779,9.752813388809754e-05,-0.014408193273558592,531.8939870085592,-1.92545187833171
532.428137004155,9.648827997029447e-05,-0.0143570910449877,532.4201260384535,-1.9330196605982648
532.5812563779907,9.59238893685074e-05,-0.014342357319283907,532.5732296479124,-1.9352167982230934
532.7343757518264,9.523593724978422e-05,-0.01432772180393813,532.726333289412,-1.9374117023155606
533.2605692050034,9.188893743196887e-05,-0.014278418920211165,533.2524729210629,-1.944937531806144
533.7867626581806,8.692409000738782e-05,-0.014231302856285566,533.7786129149367,-1.9524379963734568
533.9398820320162,8.515757281748741e-05,-0.01421812522080735,533.9317167979177,-1.9546159905170755
534.0930014058519,8.324029215028634e-05,-0.014205232034124073,534.0848207090306,-1.9567920068578548
534.6191948590289,7.54594300011352e-05,-0.014163393398010727,534.6109612322352,-1.9642552471316326
535.145388312206,6.573421743967587e-05,-0.014126160552849144,535.1371020501251,-1.9716976860447717
535.2985076860416,6.252070316426926e-05,-0.014116337893467033,535.2902061576942,-1.97385983481179
535.4516270598773,5.912858145453698e-05,-0.014107023399417705,535.4433102856565,-1.9760205398677775
535.9778205130543,4.606636624883971e-05,-0.0140792472442573,535.9694514889452,-1.983435682341489
536.5040139662315,3.073026263806898e-05,-0.01405894259381811,536.4955928703757,-1.9908381761670442
536.6571333400672,2.5822215324954333e-05,-0.01405460910291625,536.6486971170988,-1.992990448790926
536.8102527139029,2.0707884608343093e-05,-0.014051045307636838,536.8018013719809,-1.9951421414249424
537.3364461670799,1.5168210233699115e-06,-0.01404508421796725,537.3279429110054,-2.002533425296429
537.862639620257,-2.0270452023513598e-05,-0.014049904394526538,537.8540844542467,-2.009924409027038
538.0157589940926,-2.7115589048065083e-05,-0.014053528110066365,538.0071887119396,-2.012075901567134
538.1688783679283,-3.419359871216933e-05,-0.014058220023946346,538.1602929602842,-2.014228058406559
538.6950718211053,-6.033356919158496e-05,-0.014082962653028762,538.6864343349973,-2.021631030621988
539.2212652742825,-8.937344728450354e-05,-0.0141222229196442,539.2125754724534,-2.029050840118235
539.374384648118,-9.838472869094309e-05,-0.014136593258546184,539.365679562626,-2.031214221811537
539.5275040219537,-0.00010765338109858358,-0.014152365120454717,539.518783619691,-2.033379941577827
540.0536974751308,-0.00014150468083253033,-0.014217778668557971,540.0449241460078,-2.0408429656464535
540.5798909283079,-0.0001785287086146961,-0.014301839283326595,540.5710641128456,-2.0483453118980566
540.7330103021436,-0.00018991251305448253,-0.014330042523012027,540.724167796924,-2.0505372464529965
540.8861296759793,-0.00020157504004811931,-0.014360011877707113,540.8772714165809,-2.052733667382883
541.4123231291563,-0.0002438103920647852,-0.014477042146320417,541.4034101890014,-2.0603193253703225
541.9385165823335,-0.00028944785358924233,-0.014617191464532501,541.929547981112,-2.0679726393632305
542.0916359561691,-0.0003033784535880731,-0.014662573518960095,542.0826509472286,-2.0702141642967615
542.2447553300048,-0.00031760494206920837,-0.014710112557973908,542.2357538082769,-2.0724628376645735
542.7709487831818,-0.00036877534593974295,-0.014890540143964716,542.761889648976,-2.080249166377661
543.2971422363589,-0.0004235220994203222,-0.015098834187344153,543.2880239654298,-2.088137755119102
543.4502616101946,-0.0004401328209748203,-0.01516495086461704,543.4411258103142,-2.090454601839147
543.6033809840303,-0.00045705148516896385,-0.01523363534347398,543.5942274977189,-2.0927818043196598
544.1295744372073,-0.0005175571770777041,-0.015489890096755618,544.1203588867991,-2.10086330695236
544.6557678903845,-0.0005817481020731998,-0.015778952121761416,544.6464880512638,-2.109088263394488
544.8088872642201,-0.00060112358832518,-0.015869508115101114,544.7995882555907,-2.11151110174795
544.9620066380558,-0.0006208131554043317,-0.015963055169331275,544.9526882349851,-2.1139480705292995
545.4882000912328,-0.0006908783313647514,-0.016307993789150328,545.478813216119,-2.1224364500978905
546.0143935444099,-0.0007646634314627055,-0.016690778945719187,546.0049350714113,-2.1311162658874427
546.1675129182455,-0.0007868329479668794,-0.0168095570244492,546.1580329669108,-2.1336808588160974
546.3206322920812,-0.0008093160991704674,-0.0169317533551305,546.3111305506794,-2.136263935329548
546.8468257452582,-0.0008889674258433108,-0.017378405091597573,546.8372466064257,-2.145288502970943
547.3730191984354,-0.0009722926815398729,-0.01786793543339661,547.3633583766942,-2.154559339759364
547.5261385722711,-0.0009972251187592726,-0.01801871750096587,547.5164531034769,-2.157306595704164
547.6792579461068,-0.0010224638133836794,-0.018173339707349415,547.6695474068973,-2.1600772658866623
548.2054513992838,-0.0011115173863292698,-0.018734627685219822,548.1956512987342,-2.16978498475777
548.7316448524609,-0.00120411696406752,-0.019343708012409633,548.7217494147836,-2.179800569507059
548.8847642262965,-0.0012317196618870324,-0.019530191785006094,548.8748398676786,-2.1827764836083436
549.0378836001322,-0.00125961442533437,-0.019720922897396076,549.0279297539709,-2.185781306331821
549.5640770533092,-0.0013576768098404481,-0.020409377213188026,549.5540173234804,-2.1963364476338323
550.0902705064864,-0.0014590788188261767,-0.021150309957978626,550.0800972083626,-2.2072675774377206
550.243389880322,-0.00148919999859328,-0.02137602668970102,550.2331819715698,-2.210523059162447
550.3965092541576,-0.001519592648961502,-0.02160637427444635,550.3862659852225,-2.213813481257848
550.9227027073347,-0.0016260720752511507,-0.02243385416328197,550.9123319148122,-2.2253968930571215
551.4488961605118,-0.0017356120424649286,-0.02331816804742797,551.43838772898,-2.2374305585272274
551.6020155343475,-0.0017680450534492355,-0.023586404962380198,551.5914649990176,-2.241021149736514
551.7551349081832,-0.001800723106961164,-0.023859624221514362,551.744541287457,-2.2446532121694873
552.2813283613602,-0.0019148458110138074,-0.024837059088472398,552.2705788215345,-2.2574612201377238
552.8075218145374,-0.0020316858299537473,-0.025875259491813744,552.7966031695935,-2.2707993710980783
552.960641188373,-0.002066175426723872,-0.02618898910853676,552.9496706673531,-2.2747848621924627
553.1137605622087,-0.0021008787682607485,-0.026508013208566408,553.102736891866,-2.27881880538821
553.6399540153857,-0.0022217154652441947,-0.027645171687524665,553.6287375223613,-2.2930617757419434
554.1661474685628,-0.0023448763472999697,-0.028846525130823652,554.1547211264605,-2.307919765150205
554.3192668423984,-0.0023811291455517304,-0.029208345873747096,554.3077760000419,-2.3123637210489703
554.4723862162341,-0.002417560915353854,-0.029575728182299463,554.4608292377136,-2.316863501803851
554.9985796694111,-0.0025440672977383037,-0.030881033042834627,554.9867823606448,-2.332764115148094
555.5247731225883,-0.002672472925617194,-0.03225340441883816,555.5127137081148,-2.3493688795182917
555.677892496424,-0.002710170859082276,-0.032665497737702734,555.6657524288115,-2.3543380942904735
555.8310118702597,-0.0027480110986258816,-0.033083370994557826,555.8187890679139,-2.3593708338414587
556.3572053234367,-0.0028790757548750696,-0.034563775051495285,556.344681619826,-2.377162142659717
556.8833987766138,-0.003011601648188965,-0.036113528919182444,556.8705465945143,-2.395750198691803
557.0365181504494,-0.0030504160457757077,-0.036577635383203966,557.0235648488003,-2.401314103052006
557.1896375242851,-0.0030893357084861607,-0.037047689927706004,557.176580480522,-2.4069494908650158
557.7158309774621,-0.0032238272827813377,-0.03870861741520967,557.7023965649947,-2.4268728469565315
558.2420244306393,-0.0033593457779208316,-0.04044058366812752,558.2281780728241,-2.447688191951751
558.395143804475,-0.003398950054527494,-0.040957997389572315,558.3811706534497,-2.4539182390338934
558.5482631783107,-0.003438623508189982,-0.04148147751331797,558.5341599630874,-2.460227917623545
559.0744566314877,-0.0035754322024267333,-0.04332682580661867,559.0598804781224,-2.4825308549258875
559.6006500846648,-0.0037128521761559978,-0.04524432276479794,559.5855580776984,-2.5058228532973046
559.7537694585004,-0.0037529331494801587,-0.04581590199846259,559.7385187770298,-2.512791905933002
559.9068888323361,-0.0037930494254066007,-0.046393618285729195,559.891475437767,-2.5198488596399256
560.4330822855131,-0.003931125472139982,-0.048425813348849184,560.4170777146288,-2.5447830088439893
560.9592757386903,-0.0040694311231424946,-0.050530723531932435,560.9426272630943,-2.5708043382032577
561.1123951125259,-0.004109700468581687,-0.05115691656584116,561.0955487715665,-2.5785860786803156
561.2655144863616,-0.0041499747748265136,-0.051789273529967,561.2484653436487,-2.5864640472617246
561.7917079395386,-0.004288368783524944,-0.05400937862026987,561.7739228063255,-2.614283153607456
562.3179013927157,-0.004426659660471498,-0.05630227859828242,562.299316128669,-2.643287882127055
562.4710207665514,-0.0044668652122150715,-0.056983165487548004,562.4521899405285,-2.6519562654910387
562.6241401403871,-0.004507049903098867,-0.05767020497068082,562.6050577779135,-2.6607292036222003
563.1503335935641,-0.004644946413218723,-0.060078081913103425,563.1303396294771,-2.6916873207615213
563.6765270467413,-0.004782462762416844,-0.06255841907727294,563.655544216271,-2.723929186691883
563.8296464205769,-0.004822394012686148,-0.06329376537490364,563.808360543809,-2.7335579573504027
563.9827657944126,-0.004862283313945698,-0.06403522106562064,563.9611697093957,-2.7432995591623506
564.5089592475896,-0.004999011227418823,-0.06662972175651817,564.4862406483743,-2.7776494778112504
565.0351527007667,-0.005135137602301089,-0.0692960095175176,565.0112193841646,-2.8133804165551406
565.1882720746023,-0.005174625877833395,-0.07008532325496915,565.1639670809583,-2.824042698430413
565.341391448438,-0.005214055831718087,-0.07088067772970572,565.3167062708469,-2.834825996084012
565.867584901615,-0.005349087825758393,-0.07365983983290902,565.8415262387922,-2.8728179288510707
566.3937783547922,-0.005483353916616808,-0.07650985338072568,566.3662371616557,-2.9122868574772904
566.5468977286279,-0.005522273268380234,-0.07735244215187108,566.5189036548225,-2.924054819036994
566.7000171024636,-0.005561122894768431,-0.07820098410374987,566.6715601315459,-2.9359518562349063
567.2262105556406,-0.005694081745160091,-0.08116222980383024,567.1960840908855,-2.977832380717832
567.7524040088177,-0.005826169382181766,-0.0841932083671428,567.7204801809996,-3.0212842432718325
567.9055233826533,-0.0058644381996566354,-0.08508823889450963,567.8730514115725,-3.0342288391837906
568.058642756489,-0.0059026306583362005,-0.0859891228679461,568.0256109452777,-3.0473104216371816
568.584836209666,-0.006033287846123183,-0.08912946450103697,568.549788683009,-3.093321690898421
569.1110296628432,-0.006163020376113491,-0.09233831381651225,569.0738176746113,-3.140996772933079
569.2641490366788,-0.006200596396261935,-0.09328486957820495,569.2262780442301,-3.1551875639020786
569.4172684105145,-0.006238093345347692,-0.0942371728083941,569.3787248599674,-3.1695230875857177
569.9434618636915,-0.006366345342725799,-0.09755340045324556,569.9025008107815,-3.2199023027118994
570.4696553168686,-0.00649366037215701,-0.10093686694627445,570.4261050213289,-3.272035795671327
570.6227746907043,-0.006530532675944832,-0.10193399607524843,570.5784373435548,-3.287540837910459
570.77589406454,-0.0065673263909616615,-0.1029367652265835,570.7307540730274,-3.303198185503655
571.302087517717,-0.006693170430352443,-0.10642559857099072,571.2540671565783,-3.358177290124397
571.8282809708942,-0.006818101396087841,-0.10998040999835677,571.7771833281934,-3.4149990594032147
571.9814003447298,-0.006854286395334409,-0.11102716453833099,571.9293687830412,-3.4318848501017922
572.1345197185655,-0.00689039624112289,-0.11207945435395963,572.0815364193915,-3.448930342155633
572.6607131717425,-0.0070139209671655125,-0.11573767229353277,572.6043198865401,-3.5087358968164555
573.1869066249196,-0.007136588290894828,-0.11946066255551294,573.1268790338861,-3.570470419504583
573.3400259987552,-0.007172126535141099,-0.12055613391941285,573.2788971237009,-3.588801890243291
573.4931453725909,-0.007207595318669337,-0.12165704212064121,573.4308949774061,-3.6073002836432173
574.0193388257679,-0.007328963563835074,-0.12548159741745912,573.9530762583847,-3.6721534980278623
574.5455322789451,-0.007449550979004693,-0.12936981045649074,574.4750035158276,-3.739019948841562
574.6986516527808,-0.007484499209202181,-0.13051315715252812,574.6268320205081,-3.7588604998608535
574.8517710266165,-0.007519385000384739,-0.13166185097643532,574.7786376744538,-3.7788750258958057
575.3779644797935,-0.007638804911028644,-0.13564995148499548,575.3001382231604,-3.8489919160034263
575.9041579329706,-0.007757532410326608,-0.13970070779755678,575.821352686817,-3.921204359309152
576.0572773068062,-0.007791956593945199,-0.1408911721574646,575.9729676173953,-3.942615920809505
576.2103966806419,-0.007826326254442368,-0.14208690408467867,576.1245568802376,-3.964208348652999
576.7365901338189,-0.007944034431076852,-0.14623606038158607,576.6452920122507,-4.039799969038558
577.2627835869961,-0.008061149135639168,-0.15044699780986434,577.165706575001,-4.117567610080615
577.4159029608318,-0.008095123148088218,-0.15168391715799212,577.317082125001,-4.14061071836177
577.5690223346675,-0.00812905137594808,-0.15292603586320255,577.4684289822103,-4.163841432555518
578.0952157878445,-0.008245310390739854,-0.15723409821260018,577.988307703879,-4.245114152399509
578.6214092410216,-0.008361082088057714,-0.16160320708282172,578.5078288797878,-4.328641627687763
578.7745286148572,-0.008394685437601627,-0.16288602346858128,578.6589373731566,-4.353375512177682
578.9276479886929,-0.008428252059444193,-0.16417398315646198,578.8100139344887,-4.3783036006829885
579.4538414418699,-0.008543337580717819,-0.16863916953020308,579.3289387587361,-4.465459413385921
579.9800348950471,-0.008658042380940253,-0.1731648129853314,579.8474664930612,-4.55494710793964
580.1331542688827,-0.008691355188748681,-0.17449307739413675,579.9982783277779,-4.5814297843454685
580.2862736427184,-0.008724640217196985,-0.17582644130120118,580.1490547703954,-4.608113131848542
580.8124670958954,-0.008838825954827993,-0.18044734382325317,580.6669215175885,-4.701349975004799
581.3386605490725,-0.008952736554633906,-0.1851282577450315,581.1843489820427,-4.79699433855494
581.4917799229082,-0.00898583815786547,-0.18650162925191335,581.3348325695005,-4.825282699653931
581.6448992967439,-0.009018921041039256,-0.1878800686309835,581.4852770768728,-4.853778077788946
582.171092749921,-0.009132481642444927,-0.19265565054589534,582.0019746611563,-4.953290138222763
582.6972862030981,-0.009245876086787515,-0.19749094359042613,582.5181880340263,-5.055283983533027
582.8504055769337,-0.009278848198585906,-0.1989091903892421,582.6683097337891,-5.085433884919001
583.0035249507694,-0.009311810982110182,-0.20033248597511397,582.818388429835,-5.115797037682179
583.5297184039464,-0.009425030921441582,-0.20526209011015975,583.3337986278082,-5.221775043398221
584.0559118571235,-0.009538196957841248,-0.21025125565436578,583.8486768542556,-5.330307836949562
584.2090312309591,-0.009571123806077692,-0.21171425884634432,583.9984009026168,-5.3623741816029336
584.3621506047948,-0.009604050918062552,-0.2131823046499344,584.1480777794794,-5.39465990988167
584.8883440579718,-0.009717221427984113,-0.2182656655083592,584.6620749758403,-5.507291420195715
585.414537511149,-0.009830452357035693,-0.2234085918442726,585.1754895037676,-5.622549570781346
585.5676568849847,-0.009863419748440556,-0.22491634796618826,585.3247779350073,-5.65658639257447
585.7207762588204,-0.009896397316168265,-0.22642915372310565,585.474014773446,-5.690848637399884
586.2469697119974,-0.010009817526346054,-0.23166640570043492,585.986465680772,-5.810318326486528
586.7731631651745,-0.0101234198711645,-0.23696338656884527,586.4982801697394,-5.932485465448142
586.9262825390101,-0.01015651886198597,-0.23851601158648325,586.6470927292715,-5.968546010190199
587.0794019128458,-0.01018963892121257,-0.24007370732406444,586.795849010771,-6.004837933729327
587.6055953660228,-0.010303633644863341,-0.24546540630273717,587.3066123591517,-6.131327869567402
588.1317888192,-0.010417946514974128,-0.25091717226198373,587.816682355673,-6.260585134169432
588.2849081930356,-0.010451278671840732,-0.25251491265328063,587.9649764025988,-6.2987219435511905
588.4380275668713,-0.010484644075649242,-0.25411776051406865,588.1132092104893,-6.3370960139102355
588.9642210200483,-0.01059957671175253,-0.2596649293956829,588.6221353961289,-6.4707859578102696
589.4904144732254,-0.01071497891404933,-0.2652726986192993,589.1303079629714,-6.607312304895598
589.6435338470611,-0.010748657361986836,-0.2669159467080886,589.27803835833,-6.647577310711498
589.7966532208968,-0.010782382573181632,-0.2685643564580122,589.425702264231,-6.688085397464459
590.3228466740738,-0.010898656647658449,-0.2742685389242179,589.9326329449464,-6.82915314244348
590.849040127251,-0.01101556885630659,-0.28003407193819885,590.4387462334579,-6.973125702231464
591.0021595010866,-0.011049719490282257,-0.2817233820533057,590.5858652112223,-7.015570332190396
591.1552788749223,-0.011083932121504816,-0.2834179274736136,590.7329121439026,-7.058263813506375
591.6814723280993,-0.011202000451473973,-0.28928124694221385,591.2376797717052,-7.2068855624351755
592.2076657812764,-0.011320899813984842,-0.29520691183501263,591.7415625266464,-7.358480033872622
592.3607851551121,-0.011355666466901866,-0.2969430208714525,591.8880195440851,-7.403155330194358
592.5139045289478,-0.01139051264996232,-0.29868446108402597,592.0343986371817,-7.448085213211991
593.0400979821248,-0.011510895571632226,-0.304709700490747,592.536825913804,-7.604436007440141
593.566291435302,-0.011632330516620416,-0.31079856138661627,593.0382968936897,-7.763827112432057
593.7194108091376,-0.011667878048559713,-0.3125824159252881,593.1840384556277,-7.810783869292193
593.8725301829733,-0.011703524957988487,-0.31437172292333027,593.3296958685954,-7.8580009299658675
594.3987236361503,-0.011826814324954565,-0.32056242119352013,593.8295951039419,-8.022255148874493
594.9249170893274,-0.011951402925198074,-0.326818335345476,594.3284623970549,-8.189617160321017
595.078036463163,-0.011987915990145122,-0.3286511195980285,594.473431848533,-8.238906082686622
595.2311558369987,-0.012024550437564402,-0.3304895060320445,594.6183105554828,-8.288461026797535
595.7573492901757,-0.012151404544261243,-0.3368500517035361,595.1154829121823,-8.460792956819327
596.2835427433529,-0.012279830993869964,-0.34327776085375317,595.611543133507,-8.636300289770062
596.4366621171886,-0.01231751366989715,-0.3451609229402524,595.7556804168731,-8.687972169166933
596.5897814910243,-0.012355342029913527,-0.3470498683581816,595.8997199594053,-8.7399158096848
597.1159749442013,-0.012486488132592741,-0.35358559041774656,596.3939545702201,-8.920500265263668
597.6421683973784,-0.012619507432102696,-0.36019081352990523,596.8869919253635,-9.104328114800316
597.795287771214,-0.012658584590006218,-0.36212609298289655,597.0302332974475,-9.158434017956695
597.9484071450497,-0.012697833937669368,-0.36406737148443297,597.1733694969973,-9.212817464986772
598.4746005982267,-0.012834068664776299,-0.3707846351548982,597.6644424384516,-9.401830451175183
599.0007940514039,-0.01297250017670587,-0.3775741626137579,598.1542276369358,-9.594155467851607
599.1539134252395,-0.013013214047584104,-0.37956361697422375,598.2965053411717,-9.650746935207016
599.3070327990752,-0.013054128143130114,-0.3815593232426622,598.4386699658436,-9.707621795073436
599.8332262522522,-0.013196299518065368,-0.3884656137321567,598.9263430724061,-9.90524119438551
600.3594197054293,-0.013341004555435538,-0.39544738046666406,599.412632078249,-10.106242169264391
600.512539079265,-0.01338360775927148,-0.3974934042317773,599.553873969107,-10.165371412842006
600.6656584531007,-0.013426439983846577,-0.39954597144441767,599.6949943527299,-10.22478998487099
601.1918519062777,-0.013575423653482684,-0.4066499472600795,600.1790138667694,-10.431196222241393
601.7180453594549,-0.01372728350736151,-0.4138330740219931,600.6615464854531,-10.641054727750179
601.8711647332905,-0.01377203318809841,-0.4159384085321343,600.8016756055051,-10.702774811871407
602.0242841071262,-0.01381704084476335,-0.4180506173425405,600.9416742194412,-10.7647902661418
602.5504775603032,-0.013973721282928599,-0.4253621348977807,601.4217692797436,-10.980166894597208
603.0766710134803,-0.0141336170394701,-0.43275694261356373,601.9002675854367,-11.199067825183615
603.2297903873159,-0.014180768241719198,-0.4349246781976648,602.0392016962996,-11.263432814207999
603.3829097611516,-0.014228205450179963,-0.4370996578019142,602.1779956753519,-11.328099334547934
603.9091032143286,-0.014393446876725852,-0.44462976582890734,602.6538766498688,-11.552633487669517
604.4352966675058,-0.01456222334774058,-0.45224775287137026,603.1280432616799,-11.780765443363574
604.5884160413415,-0.01461201725251389,-0.4544813184859324,603.2656943322611,-11.84783049875182
604.7415354151772,-0.014662122769752777,-0.4567225344531921,603.403194958593,-11.91520337260847
605.2677288683542,-0.01483672471302033,-0.4644834172826805,603.8745516393268,-12.149086014207036
605.7939223215313,-0.015015143838650588,-0.47233717879981235,604.3440678718807,-12.386641447807195
605.9470416953669,-0.015067794144131267,-0.4746403138921673,604.480341532759,-12.456462849664897
606.1001610692026,-0.015120777774230716,-0.4769515379658277,604.6164536872659,-12.526598479409767
606.6263545223796,-0.015305429560415782,-0.4849563961333455,605.0829533842093,-12.770024359440225
607.1525479755568,-0.01549412665878358,-0.49305948117026427,605.5474773154774,-13.017199393713108
607.3056673493925,-0.015549807163671506,-0.49543618982352483,605.682272292867,-13.08983445961959
607.4587867232282,-0.015605837365989814,-0.4978214521463353,605.8168938878483,-13.162790268210806
607.9849801764052,-0.015801074736457768,-0.5060843237412266,606.2781794721171,-13.415957493981656
608.5111736295823,-0.016000512193778824,-0.5144510329913755,606.7373439828151,-13.67295132115624
608.6642930034179,-0.01605934245399919,-0.5169055204176907,606.8705515287488,-13.748458197349933
608.8174123772536,-0.016118531611195707,-0.5193690437934614,607.0035729389655,-13.824292403558422
609.3436058304306,-0.01632468303008572,-0.5279045606251916,607.4592608978998,-14.08740154108988
609.8697992836078,-0.01653509311999186,-0.5365496734263084,607.9126717528223,-14.354415317942085
610.0229186574434,-0.016597121391199114,-0.5390862607816698,608.0441750936974,-14.432852617031061
610.1760380312791,-0.016659508684031408,-0.5416323729053241,608.1754786087453,-14.51162385415245
610.7022314844561,-0.0168766366889666,-0.5504554388115278,608.6251571980868,-14.784876468073413
611.2284249376332,-0.01709796460544444,-0.5593938610354082,609.0723912638339,-15.062111613869597
611.3815443114689,-0.017163151839305158,-0.5620168773708464,609.2020650964848,-15.143537872241126
611.5346636853046,-0.01722868752644904,-0.5646499003626336,609.331524424321,-15.22530462373114
612.0608571384817,-0.017456537308634168,-0.5737752938044388,609.7747520247107,-15.508901167694841
612.5870505916588,-0.017688393373118103,-0.5830216343496959,610.2153557373398,-15.796556984321008
612.7401699654944,-0.01775659991512784,-0.5857352887437838,610.3430658066684,-15.881029917585987
612.8932893393301,-0.017825132235714674,-0.5884594092555414,610.4705456627408,-15.96584974882232
613.4194827925071,-0.01806308770231442,-0.5979013218758567,610.9068494618016,-16.259986742263834
613.9456762456842,-0.018304704981182886,-0.607469408515665,611.3403376702114,-16.558257303645334
614.0987956195198,-0.01837567850994886,-0.6102776450404177,611.465940465849,-16.64583284684165
614.2519149933555,-0.018446941817317566,-0.6130967674015076,611.5912962857241,-16.73376142064628
614.7781084465325,-0.01869398663529259,-0.6228682857783723,612.0201714194152,-17.03862787601841
615.3043018997097,-0.01894418591615784,-0.6327706274499567,612.4460267433991,-17.34769816155788
615.4574212735454,-0.019017552198786678,-0.6356769653408594,612.5693693568022,-17.4384292888074
615.6105406473811,-0.019091158208325115,-0.6385945503765287,612.6924471740655,-17.52951916044834
616.1367341005581,-0.019345849804347982,-0.6487070926410391,613.1133564734001,-17.84529225458344
616.6629275537352,-0.019603020872081548,-0.6589543042968462,613.531029325077,-18.165333534997874
616.8160469275708,-0.019678279862760436,-0.6619616689267127,613.6519495105679,-18.25926886415837
616.9691663014065,-0.01975371451562788,-0.6649805644242635,613.7725860435036,-18.35356806288149
617.4953597545835,-0.020014179884285756,-0.6754432951836807,614.1849605355657,-18.68040808889838
618.0215532077607,-0.02027628907086732,-0.6860435135979794,614.5938699502864,-19.011572621413492
618.1746725815963,-0.020352819602350535,-0.689154067532117,614.7121964316607,-19.10875482446875
618.327791955432,-0.020429448916631475,-0.6922763401114225,614.8302194197857,-19.206305244266282
618.853985408609,-0.020693414105311152,-0.7030956014607624,615.2334597188841,-19.544349938053347
619.3801788617861,-0.02095804748206147,-0.7140539353623461,615.632995120586,-19.88676509116619
619.5332982356218,-0.02103512225505615,-0.7172689229764798,615.748548177113,-19.98722915051422
619.6864176094575,-0.021112208243774883,-0.7204957050311194,615.8637770001372,-20.088064792600047
620.2126110626346,-0.02137705939700512,-0.7316745106605292,616.257255690277,-20.437423197842797
620.7388045158117,-0.02164149097886286,-0.74299256884498,616.6467796750137,-20.791185195656418
620.8919238896473,-0.021718297253333248,-0.7463121859363128,616.7593720277689,-20.894956566122815
621.045043263483,-0.02179501888794419,-0.7496435484016016,616.8716186264429,-20.999101694738908
621.57123671666,-0.022057874523766226,-0.7611811708887586,617.2546836909122,-21.35984779044511
622.0974301698371,-0.022319138826235922,-0.7728566876160193,617.6335358686576,-21.725015315262578
622.2505495436727,-0.022394799571945283,-0.7762799795747101,617.7429738761818,-21.83210806328617
622.4036689175084,-0.02247027416747542,-0.7797148334008318,617.8520439828724,-21.93957534702249
622.9298623706854,-0.02272806247048994,-0.791606490996713,618.2240233001232,-22.311741689154722
623.4560558238626,-0.022983041635132272,-0.8036330560348351,618.5915252008039,-22.688329599043765
623.6091751976983,-0.023056643471747604,-0.8071578481557834,618.6976103631137,-22.79874459461794
623.762294571534,-0.023129955818041576,-0.8106938789987703,618.8033050396381,-22.909533309398437
624.288488024711,-0.023379524428224326,-0.8229305474191075,619.1635119234621,-23.293104954189563
624.8146814778881,-0.023625069904889707,-0.8352974787349818,619.518972919532,-23.681078394425345
624.9678008517237,-0.023695700162172074,-0.8389203515083261,619.6215036708863,-23.794801639502268
625.1209202255594,-0.023765939956178265,-0.8425540006180787,619.7236211313243,-23.908896017981302
625.6471136787364,-0.024004185199023476,-0.8551223916670765,620.0713608167623,-24.303805026030574
626.1733071319136,-0.02423724241976836,-0.867814780851477,620.4140849315849,-24.703074240351526
626.3264265057493,-0.02430402353237432,-0.8715310953848309,620.5128586782786,-24.820075423011662
626.479545879585,-0.024370318788384776,-0.8752575901882559,620.6111963508648,-24.937443239302006
627.005739332762,-0.02459429051173692,-0.8881402936025239,620.945773253887,-25.343564059420316
627.5319327859391,-0.02481199103463214,-0.9011391995390037,621.2750666679746,-25.75398018293723
627.6850521597747,-0.02487410549033796,-0.9049431626905692,621.3698820146041,-25.874211534826618
627.8381715336104,-0.02493564715940418,-0.9087565858032856,621.4642387854665,-25.994802999907492
628.3643649867875,-0.025142634765417317,-0.9219323350287565,621.7849643370082,-26.411948972999642
628.8905584399646,-0.02534238903464674,-0.9352150967101693,622.1001433862511,-26.83330102044493
629.0436778138002,-0.02539910847919046,-0.9390998614601798,622.1908024889136,-26.956696535094526
629.1967971876359,-0.025455180304870213,-0.9429932555622565,622.2809810649284,-27.080443558833373
629.7229906408129,-0.02564282095811267,-0.9564373246226145,622.5871818911035,-27.508364724202462
630.24918409399,-0.025822429747470337,-0.9699780158091612,622.8875813046786,-27.940377943228867
630.4023034678257,-0.025873146997226874,-0.9739358246620295,622.9738922722927,-28.06685300273923
630.5554228416614,-0.02592315694746572,-0.9779013406335798,623.0597015819824,-28.19366886890099
631.0816162948385,-0.0260895350854954,-0.9915860886015502,623.3507277345111,-28.632051223019104
631.6078097480156,-0.026247271085449532,-1.0053561099382642,623.6357087967841,-29.074386941605063
631.7609291218512,-0.026291519610304657,-1.0093784748223094,623.7174880463026,-29.203838384078693
631.9140484956869,-0.026335017618251754,-1.0134075545658525,623.7987455841094,-29.33361786798041
632.4402419488639,-0.026478713623761547,-1.0273030711264004,624.0739784976997,-29.782084152784105
632.966435402041,-0.026613361584052097,-1.041271819073215,624.3429368207617,-30.23434115655824
633.1195547758766,-0.026650827561853007,-1.0453497197409352,624.4200112982154,-30.366647786440222
633.2726741497123,-0.026687518445771302,-1.049433296614118,624.4965453252976,-30.499267713991767
633.7988676028893,-0.026807664799917637,-1.0635081083048497,624.7554052123706,-30.957379705997784
634.3250610560665,-0.026918595747819185,-1.0776437156773382,625.0077778333538,-31.41909708735657
634.4781804299022,-0.02694914302757426,-1.0817678230050245,625.0799870163753,-31.554120607809928
634.6312998037379,-0.0269789121831914,-1.0858965488553065,625.1516385323946,-31.689440833677008
635.1574932569149,-0.027075284562466564,-1.1001184308710752,625.3935909063932,-32.15670305056704
635.683686710092,-0.027162539528135833,-1.11438862464021,625.628862378072,-32.627364434358924
635.8368060839276,-0.027186230408015682,-1.118549558326068,625.6960599592109,-32.764950771493886
635.9899254577633,-0.0272091624961383,-1.1227140640635103,625.7626843434832,-32.902815544497855
636.5161189109403,-0.027282220188359147,-1.1370509528112642,625.9872453187689,-33.378680243208585
637.0423123641175,-0.027346512978399927,-1.151423978021296,626.2049524551613,-33.85771922921635
637.1954317379531,-0.027363601798402477,-1.155612574733589,626.2670076135042,-33.99770019375165
637.3485511117888,-0.027379972011490297,-1.159803737523761,626.3284758465461,-34.137939851381724
637.8747445649658,-0.02743081830688907,-1.1742246350937033,626.5352159460928,-34.62181308609668
638.4009380181429,-0.0274734990401432,-1.188670139318731,626.7349510134378,-35.10861963222404
638.5540573919786,-0.02748442554513457,-1.1928777065456255,626.7917492250111,-35.25081483079569
638.7071767658143,-0.02749469509744962,-1.1970869029133093,626.8479486450012,-35.39324773253984
639.2333702189914,-0.027525081530414056,-1.211562746392039,627.0364949824964,-35.88449614987555
639.7595636721685,-0.02754816227828411,-1.2260526569110255,627.2179072172213,-36.37842356600562
639.9126830460041,-0.027553561373869547,-1.2302712313055457,627.2693505686972,-36.522642466945996
640.0658024198398,-0.027558387031444555,-1.2344905966372377,627.3201851264768,-36.66707707176004
640.5919958730168,-0.027570736979857288,-1.2489951606885372,627.4902218249471,-37.16503512387968
641.1181893261939,-0.027576884246043827,-1.2635045912964478,627.6530171320841,-37.66540736075969
641.2713087000296,-0.02757757478213468,-1.2677272009992129,627.6990240956407,-37.81145142208061
641.4244280738653,-0.027577793378430703,-1.2719498898277213,627.7444140681177,-37.95768841692569
641.9506215270424,-0.027575109194521333,-1.2864606536558572,627.8956808047238,-38.46166566158902
642.4768149802195,-0.02756750592239115,-1.300968710887983,628.0396195935872,-38.96778454194318
642.6299343540551,-0.02756444512653994,-1.3051895953191501,628.0801242675683,-39.11544929391546
642.7830537278908,-0.027561027740147664,-1.3094099945117346,628.120005442069,-39.26328366395333
643.3092471810678,-0.02754674925459106,-1.323908822630534,628.2522942298713,-39.77257176279003
643.835440634245,-0.027528995653694523,-1.3383992232122408,628.3771875800788,-40.2837237603562
643.9885600080805,-0.02752326152374227,-1.3426140040467622,628.4121384628488,-40.43280072954703
644.1416793819162,-0.027517299849567002,-1.346827901299743,628.4464608621049,-40.582023658523845
644.6678728350932,-0.02749528571155257,-1.3613016146091599,628.5596113036712,-41.09590271211602
645.1940662882704,-0.02747139864000918,-1.3757632514605944,628.6653156638946,-41.611364955763975
645.3471856621061,-0.027464188343481244,-1.3799690977415857,628.6946740089212,-41.76164334477795
645.5003050359418,-0.02745689090628897,-1.3841738457831532,628.723400200925,-41.91204386287931
646.0264984891188,-0.02743137028662349,-1.3986147757453906,628.8172933374444,-42.42978781848341
646.552691942296,-0.027405664619164247,-1.4130422282391697,628.9037038729249,-42.94883307654424
646.7058113161315,-0.027398243816776104,-1.4172379913017634,628.9274416642353,-43.10010112961671
646.8589306899672,-0.027390879386380622,-1.4214326351363942,628.9505447009938,-43.25146743924666
647.3851241431443,-0.027366222729413494,-1.4358389827897706,629.0250956724941,-43.77234832894415
647.9113175963214,-0.027343086519280167,-1.4502327562962574,629.0921385913867,-44.294248730411255
648.064436970157,-0.027336735720107197,-1.4544190173662939,629.1102362597394,-44.44629471455427
648.2175563439927,-0.02733058818934003,-1.4586043348350481,629.1276973734716,-44.59841512487573
648.7437497971697,-0.027311242973730058,-1.4729802768916405,629.1828473771377,-45.12170591322086
649.2699432503468,-0.027295201270506234,-1.4873469087657223,629.2304717142474,-45.64573522469366
649.4230626241825,-0.02729125608132981,-1.4915260194461348,629.2429157169414,-45.798347983766874
649.5761819980182,-0.027287669384516964,-1.495704567201289,629.2547218855414,-45.95101141580989
650.1023754511953,-0.027278329421522373,-1.5100604759583691,629.2904296939369,-46.47598736145393
650.6285689043724,-0.027274164250928566,-1.5244128315590089,629.3185986383888,-47.0014217637038
650.781688278208,-0.027274027415716214,-1.5285890105432014,629.3253788976924,-47.15439083348401
650.9348076520437,-0.027274404318830155,-1.5327652205112063,629.3315202679082,-47.3073868845884
651.4610011052207,-0.027279859935369324,-1.5471179662033865,629.3477532520455,-47.833325371099136
651.9871945583978,-0.02729221767989838,-1.561475398532552,629.3564350586626,-48.35944267283234
652.1403139322334,-0.027297196001672224,-1.5656547329252126,629.3575423105308,-48.512557934084974
652.2934333060691,-0.0273028174688528,-1.5698348883875872,629.358009553554,-48.66567647762273
652.8196267592461,-0.02732722990236171,-1.5842075156003455,629.3547347068192,-49.19185522466622
653.3458202124233,-0.027359839107998725,-1.5985951450197067,629.343894072694,-49.71793244266088
653.498939586259,-0.027370925089931355,-1.6027853019531484,629.3393174574564,-49.87098330016604
653.6520589600947,-0.027382741675320073,-1.6069772181698438,629.334099414923,-50.02401361420033
654.1782524132717,-0.02742903687910774,-1.6213976242249746,629.3112757704387,-50.549707308023784
654.7044458664489,-0.027484305080197374,-1.6358447512794685,629.280867162326,-51.07501676333206
654.8575652402844,-0.02750210366378738,-1.640054481495738,629.2705924773732,-51.2277909183562
655.0106846141201,-0.027520680748103828,-1.644266999841852,629.2596745031788,-51.38052042056186
655.5368780672972,-0.027590513703406334,-1.6587661635368545,629.2172481595571,-51.90499610539605
656.0630715204743,-0.027669723367730707,-1.673304539857202,629.1672119562436,-52.4288004695326
656.21619089431,-0.027694551591395045,-1.677543199953544,629.1512207422539,-52.581082424606485
656.3693102681457,-0.0277201859442176,-1.6817857255872193,629.1345838770503,-52.73329515566281
656.8955037213227,-0.027814465073062063,-1.696396286791739,629.0724858128434,-53.25580688531248
657.4216971744999,-0.02791840658812914,-1.7110589991988125,629.0027470128599,-53.777353657983504
657.5748165483354,-0.027950482531766747,-1.7153362923008555,628.9810163238049,-53.92892308438735
657.7279359221711,-0.027983386425523726,-1.7196185616904198,628.9586371231616,-54.08039806475021
658.2541293753482,-0.028102807740975018,-1.7343742228878,628.8767829848802,-54.60018118591322
658.7803228285253,-0.028232101348825322,-1.7491953201673534,628.7872514959089,-55.11869688178545
658.9334422023609,-0.028271586770848286,-1.7535212136116984,628.7597540614718,-55.26932691195443
659.0865615761966,-0.028311910534763337,-1.7578532172285897,628.7316047939465,-55.419836427593104
659.6127550293736,-0.02845688502381571,-1.772788468267085,628.6298958297922,-55.93610164172662
660.1389484825507,-0.028611739803226486,-1.787802603404647,628.5204678320101,-56.45078579728019
660.2920678563864,-0.028658650427380455,-1.7921871964209146,628.487172542066,-56.60024127386553
660.4451872302221,-0.028706388505923205,-1.7965790338551135,628.4532217181963,-56.749549124128926
660.9713806833992,-0.028876723427833425,-1.8117285401142027,628.3315469654289,-57.26147646824307
661.4975741365763,-0.029056682128881416,-1.8269702074788352,628.2021077326151,-57.77149566163574
661.6506935104119,-0.02911083606018265,-1.8314234856500613,628.162980588714,-57.9195314114181
661.8038128842476,-0.02916578590919415,-1.8358851131437401,628.1231939727905,-58.06739119167288
662.3300063374246,-0.029360634576423038,-1.8512828220770026,627.981434212818,-58.57412421985937
662.8561997906017,-0.029564621680013413,-1.8667854633960126,627.8318628054188,-59.0786064160242
663.0093191644373,-0.029625663819932545,-1.8713170458135215,627.7868684245434,-59.22496564159784
663.162438538273,-0.029687450509702076,-1.875858026442079,627.7412105987297,-59.371119153478865
663.68863199145,-0.0299053705410652,-1.8915363342752802,627.5792441835209,-59.871759628854136
664.2148254446272,-0.030131690071074062,-1.9073315200828982,627.4094199616203,-60.36978914545301
664.3679448184629,-0.0301990764266074,-1.911950419361065,627.3585235980114,-60.51420201814972
664.5210641922986,-0.030267132369032414,-1.9165796803737956,627.3069600416003,-60.65837789097947
665.0472576454756,-0.03050598513821372,-1.932568565806489,627.1246704778298,-61.15198128205166
665.5734510986528,-0.030752200554181403,-1.948685071090866,626.9344813749989,-61.64259469377915
665.7265704724883,-0.030825164927797306,-1.9533994120047173,626.8776514592134,-61.78477724704573
665.879689846324,-0.030898698599660244,-1.9581249589664986,626.8201511471522,-61.92668987262058
666.405883299501,-0.03115557308181974,-1.9744509698315569,626.6174364848837,-62.41226203037923
666.9320767526782,-0.031418488350113134,-1.9909137356784719,626.4067890969711,-62.89444541751331
667.0851961265138,-0.03149604921273197,-1.9957304526281556,626.3440003011466,-63.03409886267174
667.2383155003495,-0.031574056422228984,-2.0005590680567327,626.2805388254862,-63.17344776603775
667.7645089535265,-0.03184533262130304,-2.0172443062384735,626.057322801772,-63.64994320095892
668.2907024067036,-0.03212106675175389,-2.0340734610473206,625.826154134492,-64.12263114757567
668.4438217805393,-0.032202045915502076,-2.038998020893967,625.7573908964537,-64.25944172540538
668.596941154375,-0.03228332613970401,-2.043934989521493,625.6879540352845,-64.39591148321813
669.1231346075521,-0.0325647068153512,-2.060996180422979,625.4441986619889,-64.8622336116093
669.6493280607292,-0.03284869401592183,-2.0782061177620146,625.1924891803709,-65.32431031069822
669.8024474345648,-0.032931711923406035,-2.0832422506812387,625.1177495803197,-65.4579497823094
669.9555668084005,-0.033014862818438455,-2.088291089773851,625.0423372080124,-65.5912105926604
670.4817602615775,-0.03330135443162796,-2.1057386478312696,624.7780564498918,-66.04621431703536
671.0079537147546,-0.03358833911388361,-2.123337085624794,624.5058440856563,-66.49651715854216
671.1610730885902,-0.03367181872162677,-2.128486511208142,624.4251439759391,-66.626644046981
671.3141924624259,-0.033755242708299896,-2.1336486975919424,624.3437742136474,-66.75635306220686
671.840385915603,-0.0340412046860224,-2.151485801603134,624.0590483881941,-67.19885006601392
672.3665793687801,-0.034325327931347835,-2.1694728931703846,623.7664430833959,-67.63617607002092
672.5196987426158,-0.03440752609642289,-2.1747350712582216,623.6798203348735,-67.76243775204668
672.6728181164515,-0.03448946356277579,-2.1800097969378784,623.5925337983397,-67.88824127059189
673.1990115696285,-0.03476872900385286,-2.198231591205014,623.287524150452,-68.31700832542344
673.7252050228057,-0.035043649729169284,-2.2165991900384467,622.9747223123037,-68.74012366468386
673.8783243966412,-0.03512269071834838,-2.221971118762299,622.8822409822623,-68.86215937284828
674.0314437704769,-0.03520125291132264,-2.2273550939931277,622.7891049272919,-68.98369594571886
674.557637223654,-0.035467236984426276,-2.24594804851458,622.4640676668819,-69.39748638835131
675.0838306768311,-0.0357262390567665,-2.2646791251724014,622.1313657965052,-69.80513910911719
675.2369500506668,-0.035800146582565126,-2.2701551818274743,622.0331200015564,-69.92258386740998
675.3900694245025,-0.03587334842411973,-2.2756424810578753,621.9342321498077,-70.03948833856228
675.9162628776795,-0.03611916953363078,-2.2945839018618366,621.5895312013038,-70.43704675404884
676.4424563308567,-0.03635529860900266,-2.313652122181818,621.2373379360026,-70.82798267809613
676.5955757046922,-0.03642203909446446,-2.3192239544228967,621.1334552063885,-70.94047215495553
676.7486950785279,-0.03648784392932057,-2.3248059142429733,621.0289470265747,-71.05238061377892
677.274888531705,-0.036706488954673364,-2.344063647368463,620.6650647059602,-71.43246060297288
677.8010819848821,-0.03691273385134486,-2.363433167641596,620.2939104745832,-71.80544221039156
677.9542013587177,-0.03697027193374674,-2.369089652226766,620.1845543542602,-71.91261841469804
678.1073207325534,-0.037026648124670804,-2.374754838662103,620.0745935624274,-72.0191739788017
678.6335141857304,-0.03721117494964331,-2.3942872255253684,619.6921383664014,-72.38055867053805
679.1597076389075,-0.03738068167091792,-2.413912757455752,619.3026818462597,-72.73438653080717
679.3128270127432,-0.03742704445937669,-2.4196400406024994,619.1880535050159,-72.83590420726593
679.4659463865789,-0.037472030398081876,-2.4253742992914535,619.07284555187,-72.93676348405354
679.992139839756,-0.037615796592983315,-2.4451304265014735,618.6725562787092,-73.27828821002797
680.5183332929331,-0.037742100266805384,-2.4649576082099025,618.26558690971,-73.61182428572606
680.6714526667687,-0.03777544452479096,-2.470739236564461,618.1459255593381,-73.70735779566273
680.8245720406044,-0.037807215319743175,-2.4765258338773934,618.0257139011671,-73.80219780122282
681.3507654937814,-0.037904098713969894,-2.496446094615872,617.6084594434695,-74.12277411635053
681.8769589469586,-0.03798132734847549,-2.5164121636591683,617.1848954131046,-74.4349660442587
682.0300783207941,-0.037999994970280254,-2.522229299841977,617.0604773731552,-74.52421645833903
682.1831976946298,-0.038016916554183704,-2.528049146913071,616.9355423797604,-74.61274171503425
682.7093911478069,-0.03806149414884179,-2.548066071529366,616.5023167523964,-74.91138177336417
683.235584600984,-0.038084548185660504,-2.568100789806514,616.0631981245358,-75.20128709159899
683.3887039748197,-0.03808712073100434,-2.5739324993181745,615.9343344641428,-75.28398918823073
683.5418233486554,-0.03808780583661017,-2.579764447480171,615.8049908998049,-75.36593869197125
684.0680168018324,-0.038075560876198046,-2.5998037875387836,615.3569033542705,-75.6417788947777
684.5942102550096,-0.03804033751111805,-2.61983063883634,614.9033802974424,-75.9085880944904
684.7473296288451,-0.038025703680278605,-2.6256542611576306,614.770413058908,-75.9845169295017
684.9004490026808,-0.03800907920123513,-2.6314754830788702,614.6370061504213,-76.0596706486845
685.4266424558579,-0.03793662618977367,-2.651457600046733,614.1752664864061,-76.31199337339389
685.952835909035,-0.03784021664242186,-2.671395289828126,613.708582817676,-76.55505055132463
686.1059552828706,-0.03780762113945146,-2.6771868936250502,613.5718799060448,-76.6240272393216
686.2590746567063,-0.03777297258777738,-2.6829733455443425,613.4347800925069,-76.6922117861787
686.7852681098833,-0.03763816614220431,-2.7028148416736277,612.9606795788974,-76.92046397624036
687.3114615630604,-0.037478903722789954,-2.72257896924714,612.4821521792976,-77.13928392481522
687.4645809368961,-0.03742795118855499,-2.728313842129248,612.342101108432,-77.20118031068101
687.6177003107318,-0.0373749239630696,-2.7340407543578604,612.2016976758437,-77.26227347247467
688.1438937639089,-0.03717685857384301,-2.753656156835241,611.7165863763446,-77.46608109852879
688.670087217086,-0.03695433380215022,-2.773160903418046,611.2275814050375,-77.66036197478027
688.8232065909216,-0.036885000321687324,-2.7788140450502725,611.0845821912432,-77.7151039700388
688.9763259647573,-0.036813614024396674,-2.784456417088491,610.9412760907542,-77.7690378840962
689.5025194179343,-0.03655269592023184,-2.803759902610615,610.4465376657212,-77.94821559169671
690.0287128711115,-0.03626784288177574,-2.822919797531646,609.9484446936399,-78.11784654692259
690.1818322449471,-0.036180499961624216,-2.828466442502467,609.8029022284514,-78.16541595939684
690.3349516187828,-0.0360911700919221,-2.8339995688740958,609.6570984123058,-78.21217876457206
690.8611450719599,-0.03576915863427041,-2.852906791386178,609.1541235610438,-78.3667341624882
691.387338525137,-0.03542422208766889,-2.8716385420615342,608.6483288195111,-78.5117974624195
691.5404578989726,-0.035319608825333526,-2.8770546872086773,608.5006450765176,-78.55223220227143
691.6935772728083,-0.03521311116312438,-2.882454680201358,608.3527447099503,-78.59186806170185
692.2197707259853,-0.03483293655969954,-2.9008845097670037,607.8429045151021,-78.72200040443745
692.7459641791625,-0.03443124060973131,-2.9191086317494337,607.3307645595129,-78.84276800211809
692.899083552998,-0.03431039538315987,-2.9243714863533006,607.1813310191177,-78.87616069817848
693.0522029268337,-0.034187800755888634,-2.9296157165907646,607.0317239529415,-78.90876824627064
693.5783963800108,-0.03375339015546133,-2.947491686625423,606.516344443677,-79.01486183642884
694.1045898331879,-0.03329925056718312,-2.9651338820140207,605.9991615075008,-79.11178688615274
694.2577092070236,-0.03316350328134457,-2.9702222624874417,605.8483521567165,-79.1382820739553
694.4108285808593,-0.033026174568043236,-2.975289752292006,605.6974100101511,-79.16401145313168
694.9370220340363,-0.032542467669905394,-2.9925414175966853,605.1777490745976,-79.24662432580115
695.4632154872135,-0.03204119692682242,-3.0095339385081936,604.6567491347514,-79.32032816789449
695.616334861049,-0.03189215898355763,-3.0144286653839742,604.5049143186573,-79.34011819335336
695.7694542348847,-0.03174173347938026,-3.0193004828121404,604.3529844410559,-79.35916682351528
696.2956476880618,-0.031214530892672798,-3.0358647364544846,603.830211958017,-79.41901520863158
696.8218411412389,-0.03067212702646925,-3.052147580140327,603.3065263113573,-79.47027040134718
696.9749605150745,-0.03051156733596113,-3.0568317909308225,603.1539876580082,-79.48359023657522
697.1280798889102,-0.030349820524508103,-3.0614913434380355,603.0013881858848,-79.49619753051766
697.6542733420872,-0.029785242087847445,-3.0773132451260015,602.4765700805048,-79.53413699789469
698.1804667952644,-0.029207811462622062,-3.0928346879680477,601.9512210562308,-79.56384758084805
698.3335861691,-0.029037496525459193,-3.0972939345779786,601.7982676381778,-79.57096895184132
698.4867055429357,-0.02886618983796412,-3.101727043583954,601.6452838006297,-79.57741039591325
699.0128989961128,-0.028270237242360857,-3.1167599147334255,601.1193704579953,-79.59441524430615
699.5390924492899,-0.027663698068722473,-3.131476414234657,600.5932615399134,-79.60359586321975
699.6922118231255,-0.02748533366253729,-3.135698608808471,600.4401473187335,-79.6048211543054
699.8453311969612,-0.027306166080181313,-3.139893447143336,600.2870290232794,-79.60540220859374
700.3715246501382,-0.026684628048568595,-3.154098616336253,599.7608480595254,-79.60254452862416
700.8977181033154,-0.02605469785493726,-3.167974528335676,599.2347582687377,-79.59229961345895
701.0508374771509,-0.025869935497902185,-3.1719498618748756,599.0817007552605,-79.58795584428347
701.2039568509866,-0.025684552846665605,-3.1758968728902546,598.9286613778878,-79.58300593821534
701.7301503041637,-0.025043043891896207,-3.1892434126830502,598.4029144517384,-79.56143514682718
702.2563437573408,-0.024395260214242744,-3.2022507438046377,597.8774966085278,-79.53293875300301
702.4094631311765,-0.02420569441441676,-3.2059716157058755,597.7246766197809,-79.5233717786441
702.5625825050122,-0.0240156818586302,-3.209663441710187,597.5718928770145,-79.51323854379935
703.0887759581892,-0.02335956808523148,-3.2221279039955917,597.047156104666,-79.47416183510998
703.6149694113664,-0.022699141741435076,-3.234245988885737,596.5229385086781,-79.42863857385059
703.7680887852019,-0.022506254138716705,-3.237706896626539,596.3705008834849,-79.41420763729242
703.9212081590376,-0.022313076227855118,-3.241138260097507,596.2181136462722,-79.39925151014188
704.4474016122147,-0.021647245467405637,-3.252704190455293,595.6948411203906,-79.34391572413895
704.9735950653918,-0.02097882356907362,-3.263919083306109,595.1722321188798,-79.28262334988987
705.1267144392275,-0.020783918232956982,-3.2671164217724273,595.0202872312474,-79.26369616390846
705.2798338130632,-0.020588857729527132,-3.270283915686216,594.868403116945,-79.24428553802011
705.8060272662402,-0.019917554150114848,-3.2809410684854177,594.3469329439959,-79.17396107151612
706.3322207194174,-0.019245146159716554,-3.2912446951691203,593.8262277735246,-79.09817531291546
706.485340093253,-0.019049349382296007,-3.294176505005906,593.6748536608739,-79.07512382562925
706.6384594670886,-0.018853516040626874,-3.297078341557825,593.5235472194832,-79.05163089755597
707.1646529202657,-0.018180439584605638,-3.306821844543492,593.0041094426932,-78.96759804699626
707.6908463734428,-0.017507580051672363,-3.3162112361762635,592.4854987258639,-78.87859988065026
707.8439657472784,-0.01731189132539519,-3.3188769984929163,592.3347436577798,-78.8517967420527
707.9970851211141,-0.017116270771481958,-3.321512810720298,592.1840599811414,-78.82459405172712
708.5232785742911,-0.01644470209426982,-3.3303425332824323,591.6667858301051,-78.72813166909516
709.0494720274683,-0.01577449124406056,-3.3388192380430963,591.1503652130995,-78.62719679513376
709.202591401304,-0.015579775908149232,-3.3412197050694945,591.000250559148,-78.5970124439218
709.3557107751396,-0.01538521580154547,-3.3435903760295638,590.8502081744649,-78.5664700290634
709.8819042283167,-0.014717923785198055,-3.3515103142039857,590.3351401818455,-78.45884625500211
710.4080976814938,-0.014052896583583592,-3.3590797235533874,589.8209206690738,-78.34723663379195
710.5612170553294,-0.01385984635346845,-3.361216708630108,589.6714439376219,-78.31403698750087
710.7143364291651,-0.01366701795754174,-3.3633241560117684,589.5220378576913,-78.28052014344927
711.2405298823421,-0.013006153455066937,-3.3703416511329443,589.0091404052765,-78.1629852478788
711.7667233355193,-0.012348230043185826,-3.3770121774707857,588.4970589602293,-78.04194277461015
711.9198427093548,-0.012157362374321565,-3.3788883123302202,588.3481968852097,-78.00608754542634
712.0729620831905,-0.011966765362322244,-3.3807352459258797,588.1994016941021,-77.96995520999211
712.5991555363676,-0.011313914936145164,-3.3868601667456164,587.6885715903667,-77.84373656096986
713.1253489895447,-0.01066448438253102,-3.392642461702469,587.1785016427116,-77.71447880580138
713.2784683633804,-0.010476167285573648,-3.3942609780562027,587.0302132223239,-77.67632039960294
713.4315877372161,-0.010288153168727216,-3.395850684707533,586.8819861044193,-77.63792411228631
713.9577811903931,-0.009644399139507124,-3.401094711625591,586.3730629081565,-77.50422304197639
714.4839746435703,-0.009004347477793318,-3.4060009734687853,585.8648245234979,-77.3679407735989
714.6370940174058,-0.008818801605951068,-3.4073655034035366,585.7170539466621,-77.32782368757051
714.7902133912415,-0.008633574364138408,-3.4087016477681416,585.5693375972655,-77.28750703949149
715.3164068444186,-0.0079994897326469,-3.413077586172407,585.062113489646,-77.1474973434288
715.8426002975957,-0.0073691979131736566,-3.417120871271245,584.5554830235864,-77.0053536144567
715.9957196714313,-0.0071864992127065016,-3.418235246765561,584.4081624352295,-76.96361427777131
716.148839045267,-0.007004119847617922,-3.4193216715349215,584.2608878054612,-76.92171279930044
716.675032498444,-0.006379805890006569,-3.4228427751230663,583.7551168606732,-76.77654070019159
717.2012259516212,-0.00575921974001259,-3.426036349567967,583.2498359717033,-76.6296713256803
717.3543453254568,-0.005579325580002252,-3.4269044215751614,583.1028880458134,-76.58663833027437
717.5074646992925,-0.005399739834435457,-3.4277449705006546,582.9559768933701,-76.54347976098042
718.0336581524696,-0.004784925648291009,-3.4304243675647723,582.4513836729633,-76.39426511957072
718.5598516056467,-0.004173648240218584,-3.43278118394395,581.9471676536024,-76.24378029292689
718.7129709794823,-0.003996420346699798,-3.43340667907948,581.8005079685227,-76.19977493347677
718.866090353318,-0.003819479795214885,-3.434005056936813,581.653875211182,-76.15567979196155
719.392283806495,-0.003213579095642778,-3.4358552900146337,581.1501626869301,-76.00351827943794
719.9184772596722,-0.002610909776525712,-3.437387552276682,580.6467081354381,-75.85050505507945
720.0715966335079,-0.0024361234786774897,-3.437773949590163,580.5002473599367,-75.80584210567423
720.2247160073435,-0.002261594508485939,-3.4381336005222076,580.3538032410811,-75.76112448980686
720.7509094605206,-0.0016637388528912196,-3.4391662185759904,579.8506600819828,-75.60709050964284
721.2771029136977,-0.0010687179957547417,-3.4398849947240464,579.3476519568037,-75.45261597346735
721.4302222875333,-0.000896078891202017,-3.440035417718937,579.2012978605602,-75.40760465359227
721.583341661369,-0.0007236610191867315,-3.4401594199244148,579.0549499412424,-75.36257322480749
722.109535114546,-0.0001327771250539214,-3.4403846414529426,578.552057222743,-75.20772342582329
722.6357285677232,0.0004557226174332294,-3.440299571007281,578.0491753530167,-75.05283838561722
722.7888479415587,0.0006265510550180763,-3.4402167118966287,577.9028346662134,-75.00778346268447
722.9419673153944,0.000797197968237601,-3.440107705934697,577.7564896698896,-74.96274255989405
723.4681607685715,0.001382303893126707,-3.4395342029080265,577.2535271063489,-74.80811973875264
723.9943542217486,0.001965511930011104,-3.4386533203023824,576.7504522726869,-74.65386272070126
724.1474735955843,0.002134893584560822,-3.4383393946211323,576.6040324296149,-74.60906568663745
724.30059296942,0.0023041360259716446,-3.4379995402118695,576.4575979748299,-74.56431650816889
724.826786422597,0.0028847424988335106,-3.4366343024375583,575.9542497964054,-74.41095370432963
725.3529798757742,0.0034639619585304857,-3.434963918256976,575.4506694999068,-74.25835508765263
725.5060992496097,0.0036322797244980453,-3.434420632910196,575.3040802997388,-74.21411536729221
725.6592186234454,0.0038005017336045998,-3.433851578431245,575.1574665535106,-74.16995718102413
726.1854120766225,0.004377933325148471,-3.4316998203996825,574.6534271369392,-74.01888184417993
726.7116055297996,0.004954486023442881,-3.4292444528789257,574.14904116421,-73.86896802801184
726.8647249036352,0.005122122103716457,-3.4284729920738415,574.0021963805428,-73.82558418886117
727.0178442774709,0.005289704286077784,-3.42767586350868,573.8553176643338,-73.7823155395986
727.5440377306479,0.005865252662443838,-3.424741013308485,573.350297031244,-73.63455365217752
728.0702311838251,0.0064404009926853885,-3.421503418571483,572.8448229357084,-73.48835111629737
728.2233505576608,0.006607716477630376,-3.4205044603151133,572.6976419112015,-73.4461220347287
728.3764699314964,0.006775017138404665,-3.4194798806546034,572.550418296158,-73.40404190237301
728.9026633846735,0.007349891832105968,-3.4157636652933943,572.0441476061491,-73.26062188962389
729.4288568378506,0.00792481104841338,-3.4117449429182076,571.537326229641,-73.11916098343256
729.5819762116862,0.008092141390925067,-3.4105186919150428,571.3897354902645,-73.07838692211537
729.7350955855219,0.008259492847405089,-3.4092668148315486,571.2420944153347,-73.03779578737732
730.2612890386989,0.008834811701968766,-3.4047693787767352,570.73433156051,-72.89975208671481
730.7874824918761,0.009410575611851388,-3.3999690966145604,570.225932688856,-72.76407044662456
730.9406018657116,0.00957822377187737,-3.3985153221261553,570.0778676027062,-72.72505401893459
731.0937212395473,0.009745924056150813,-3.397035871057733,569.929745539844,-72.68625481347844
731.6199146927244,0.010322668360958022,-3.391755923862762,569.420280919868,-72.55463102683038
732.1461081459015,0.010900182965167302,-3.386172294927191,568.9101091488164,-72.42577653617668
732.2992275197372,0.011068396782375449,-3.3844903893650318,568.7615156519034,-72.3888235280501
732.4523468935729,0.01123668647708722,-3.3827827194260016,568.6128598408592,-72.35212243716069
732.9785403467499,0.011815625681764102,-3.376717775755865,568.1015223979414,-72.22797393241325
733.5047337999271,0.012395572861418675,-3.3703479328715193,567.5894232890255,-72.10700705886983
733.6578531737626,0.012564534539448897,-3.3684369967896797,567.4402597006487,-72.07242705544974
733.8109725475983,0.012733588738619362,-3.36650018116512,567.2910299753321,-72.0381341197655
734.3371660007754,0.013315272187301507,-3.359646862200767,566.7776935565328,-71.92252990156788
734.8633594539525,0.013898120453563994,-3.352487158754201,566.263560133314,-71.81052525427624
735.0164788277881,0.014067951197788009,-3.350346086808163,566.1137990717173,-71.77863203252926
735.1695982016238,0.014237883892901485,-3.3481790022952684,565.9639697871105,-71.74706151304962
735.6957916548008,0.014822646439257152,-3.3405333254536163,565.4485598516321,-71.64108526500289
736.221985107978,0.015408630475477863,-3.332579629018421,564.9323394378697,-71.53913229692846
736.3751044818137,0.015579377497168024,-3.3302071981098282,564.7819698344065,-71.51024396409692
736.5282238556493,0.015750225605512695,-3.327808615354595,564.631531891564,-71.48171444959263
737.0544173088264,0.01633810860542029,-3.31936632974587,564.1140325522082,-71.38646465827736
737.5806107620035,0.016927133782598754,-3.3106144034482567,563.595733939234,-71.29566738186548
737.7337301358391,0.01709874334245733,-3.3080093935670942,563.4447631473123,-71.27010621063005
737.8868495096748,0.01727044193172396,-3.305378101562224,563.2937261124224,-71.24494041408347
738.4130429628518,0.01786113942914348,-3.2961351389532445,562.7741874937253,-71.1615293595468
738.939236416029,0.01845278213654712,-3.286581106506659,562.2538884061674,-71.08300483995917
739.0923557898647,0.018625110865803145,-3.283742434610048,562.1023443920361,-71.06109673337858
739.2454751637003,0.01879750783260134,-3.28087737285157,561.9507386944468,-71.0396209134728
739.7716686168774,0.01939043674824457,-3.270830278198479,561.4292845352292,-70.96917234830778
740.2978620700545,0.019984017012307252,-3.260471016864137,560.9071392920706,-70.90404787032625
740.4509814438901,0.020156848211385064,-3.257397843984822,560.7550728718534,-70.8861214418761
740.6041008177258,0.02032971705189247,-3.25429820783524,560.602952043494,-70.86866443973027
741.1302942709028,0.020924015706268357,-3.2434444945355647,560.0797874029879,-70.81230995196573
741.65648772408,0.021518513874049367,-3.2322780126833983,559.5560346227078,-70.76171885704446
741.8096070979155,0.021691515723493503,-3.228969864165486,559.4035217011652,-70.74810411679408
741.9627264717512,0.021864507365538386,-3.2256352315131633,559.2509646126606,-70.73499599316332
742.4889199249283,0.02245883253652242,-3.213973884823586,558.7263835282266,-70.69386993123995
743.0151133781054,0.02305267765878952,-3.2019999344192227,558.2013537233207,-70.65894588242529
743.1682327519411,0.02322534926835643,-3.198456899290372,558.0484974878343,-70.6499724342003
743.3213521257768,0.02339794413029654,-3.194887437170179,557.895610533374,-70.6415426036989
743.8475455789538,0.023990370661516873,-3.1824196670195284,557.3700034479334,-70.61677516126785
744.373739032131,0.02458143684789832,-3.169640523808932,556.8441262897195,-70.59864442982136
744.5268584059665,0.024753124813279157,-3.1658634796487726,556.6910592867431,-70.5946390733096
744.6799777798022,0.024924654490999096,-3.162060166636201,556.5379784408826,-70.59121383853301
745.2061712329793,0.02551277962036953,-3.148790137443487,556.0118391029499,-70.58392206315246
745.7323646861564,0.02609850151597179,-3.135211272940984,555.4856500157168,-70.58369375645329
745.885484059992,0.026268429037846257,-3.1312020697218834,555.3325360036556,-70.58497750079752
746.0386034338277,0.026438101882060472,-3.127166876176574,555.1794286416971,-70.58687700271145
746.5647968870047,0.027019086737936873,-3.1131023045367257,554.6533600934247,-70.59815384567186
747.0909903401819,0.0275964158743882,-3.098732984277132,554.127505780952,-70.61690823215223
747.2441097140176,0.027763651572319012,-3.0944946249853222,553.9745412428596,-70.62379276307938
747.3972290878532,0.027930514488173127,-3.0902306987402834,553.8216076074604,-70.63132738565045
747.9234225410303,0.02850090455299657,-3.0753835488320465,553.2963268525774,-70.66222886395852
748.4496159942074,0.02906608858360942,-3.0602376330964987,552.7715693338238,-70.70100375692999
748.602735368043,0.029229480809989786,-3.05577452963325,552.6189845225103,-70.71378732260993
748.7558547418787,0.02939235531439681,-3.0512864610788735,552.466458706576,-70.7272535085166
749.2820481950557,0.029947887930923275,-3.035673927137825,551.9427995871838,-70.77878377353228
749.8082416482329,0.03049634661136771,-3.019770936700359,551.4200182267064,-70.83855873372946
749.9613610220684,0.030654505158386688,-3.0150892304817014,551.2680775833813,-70.85752138309036
750.1144803959041,0.030811977808923453,-3.0103833748056883,551.1162278666658,-70.87719680003413
750.6406738490812,0.03134763096064381,-2.994028984460333,550.5951415609069,-70.95029097566031
751.1668673022583,0.03187414484109912,-2.9773951414457187,550.075332473128,-71.03196935739572
751.319986676094,0.03202552464412583,-2.9725029839901977,549.9243342350653,-71.05736757841224
751.4731060499297,0.03217604249994083,-2.96758772866137,549.7734625896818,-71.08350570303557
751.9992995031067,0.032686451246210904,-2.9505221275121802,549.2560151019513,-71.17901090033105
752.5254929562839,0.03318565423827156,-2.933190900819508,548.7402873370595,-71.28340043322316
752.6786123301194,0.03332870159128025,-2.9280985617950224,548.5905621735676,-71.31546144824418
752.8317317039551,0.03347071464800713,-2.9229844135887104,548.4410027840524,-71.34828584667324
753.3579251571322,0.03395059044114608,-2.9052455093991365,547.9283689582365,-71.46694146970455
753.8841186103093,0.03441725014531084,-2.88725757481862,547.4179371000167,-71.59473463566873
754.037237984145,0.0345504524760549,-2.8819774063516777,547.2698456888984,-71.63365072938628
754.1903573579807,0.03468245205380384,-2.876676948705502,547.1219624067508,-71.67334940716786
754.7165508111577,0.03512663463140711,-2.8583097405418982,546.6154162416772,-71.81576795024422
755.2427442643349,0.03555562954935835,-2.839712802237481,546.1115892622364,-71.9675231803427
755.3958636381705,0.03567750402067257,-2.8342591911640933,545.9655187705102,-72.01344631613897
755.5489830120061,0.03579801202240669,-2.828787037147582,545.8197014704948,-72.06016637759389
756.0751764651832,0.036201465542116895,-2.809843462373858,545.320602644945,-72.22681542492822
756.6013699183603,0.036587862739833776,-2.790692080461883,544.8247689597299,-72.40293972382855
756.7544892921959,0.036696999860238985,-2.7850813883532015,544.681128419937,-72.45597661966072
756.9076086660316,0.036804620893298896,-2.779454113565717,544.5377882544792,-72.50981940983276
757.4338021192086,0.037162674315908736,-2.759992739903812,544.0475648961337,-72.70100548953117
757.9599955723858,0.03750201786478969,-2.740347883381572,543.5611737487744,-72.90173926276728
758.1131149462215,0.03759716564869697,-2.7345982866871963,543.4203883906403,-72.96194718196438
758.2662343200572,0.03769066811475591,-2.728834257350863,543.2799520125101,-73.0229641775477
758.7924277732342,0.0379992504010882,-2.7089196058568588,542.8000800380662,-73.23881946124781
759.3186212264113,0.038287725328178195,-2.688847870564415,542.3246196660449,-73.4642245861254
759.4717406002469,0.03836782288807556,-2.6829791186957865,542.1871243561959,-73.53160814249364
759.6248599740826,0.038446168559523854,-2.6770982446595606,542.0500272702333,-73.59979788530737
760.1510534272596,0.03870188674282228,-2.6567999134050604,541.5820069015551,-73.840270665991
760.6772468804368,0.03893638592136137,-2.6363726075673415,541.1189801552061,-74.09022260371096
760.8303662542723,0.03900058558963675,-2.630405750475634,540.9852121507959,-74.16473178454883
760.983485628108,0.039062953631590264,-2.6244292089903487,540.8518914053951,-74.24003805077592
761.5096790812851,0.03926320273566997,-2.603820890036094,540.3972216214962,-74.50488759179652
762.0358725344622,0.03944147647471254,-2.5831129829608717,539.9481198601927,-74.77907205532603
762.1889919082979,0.03948919427330793,-2.577070049394939,539.8185111298551,-74.86060160322565
762.3421112821336,0.03953503310336679,-2.5710199558713818,539.6893976083225,-74.94291294606852
762.8683047353106,0.03967817089392097,-2.5501782416783416,539.2495494843753,-75.23170916201697
763.3944981884878,0.03979897046438017,-2.5292670864295923,538.8158257865973,-75.529623768742
763.5476175623234,0.039829917147709004,-2.523170698868894,538.6907952158435,-75.6180140387692
763.700736936159,0.039858970409650384,-2.5170697176196706,538.5663058502445,-75.70716481487317
764.2269303893361,0.039944365168122005,-2.4960727424756346,538.1426959255007,-76.01929309737402
764.7531238425132,0.040007438493158826,-2.4750367058648224,537.7257387789964,-76.34025418463418
764.9062432163488,0.04002161079947698,-2.4689096836377455,537.6056845988898,-76.43529349724429
765.0593625901845,0.04003390650144933,-2.4627806322104084,537.4862148437312,-76.53106638286845
765.5855560433615,0.040061890585978734,-2.441706728059119,537.0801796561287,-76.8657374767326
766.1117494965387,0.04006793314123992,-2.420623871610282,536.6812882250472,-77.20889182395933
766.2648688703744,0.04006560115703342,-2.414488851984578,536.5665809742352,-77.31032021182511
766.41798824421,0.04006143975337121,-2.4083543240963894,536.4524978463623,-77.41245009657133
766.9441816973871,0.04003327682302674,-2.387280736264774,536.0652706587048,-77.76871457317083
767.4703751505642,0.039983903062556475,-2.3662275480827004,535.685632611631,-78.13305549136483
767.6234945243998,0.03996560110547704,-2.360106619960871,535.5766089108135,-78.24056967050734
767.7766138982355,0.03994554510472562,-2.353988620832146,535.468244871077,-78.34874875341002
768.3028073514125,0.03986337812531589,-2.3329902698919174,535.1009355083347,-78.72551544050329
768.8290008045897,0.03976104018002594,-2.3120404615934156,534.7416082721614,-79.1099025236971
768.9821201784254,0.039727536868687685,-2.305954824225839,534.6385656501373,-79.22316187066673
769.135239552261,0.03969237861992747,-2.299874434021258,534.536213559212,-79.33704573405277
769.6614330054381,0.03955910400376383,-2.279022800490531,534.1897920957787,-79.73310327798472
770.1876264586152,0.0394069494458483,-2.2582462624411757,533.8516881704397,-80.13628491521443
770.3407458324508,0.039359204569253466,-2.2522159358908405,533.7548811049106,-80.2549181741322
770.4938652062865,0.039309922589037774,-2.246193026728894,533.6587904067543,-80.37413255384807
771.0200586594635,0.03912903769257377,-2.225555230123502,533.3340751555844,-80.7881731132726
771.5462521126407,0.03893075421493959,-2.2050171914761596,533.0179518277371,-81.20881072435871
771.6993714864763,0.03886987318061042,-2.1990607876195774,532.9275890784621,-81.33242313851554
771.852490860312,0.03880758642389732,-2.1931138015041274,532.8379632800138,-81.45657108439282
772.378684313489,0.038583031453738155,-2.1727518910763792,532.5356132518267,-81.8872151032213
772.9048777666661,0.038342690757453245,-2.1525122931766765,532.242066774316,-82.32390805523896
773.0579971405018,0.03826988018332294,-2.1466468487465877,532.1583100096515,-82.45208862324232
773.2111165143375,0.03819580437334821,-2.1407926372998842,532.0753054497637,-82.58075775175209
773.7373099675145,0.03793182054024411,-2.1207630907034676,531.7958171986631,-83.02657880625313
774.2635034206917,0.03765375035877146,-2.1008761567439187,531.525281267553,-83.47788904375176
774.4166227945273,0.03757028364988433,-2.0951170203884586,531.448244920992,-83.61021762759322
774.569742168363,0.03748569779763106,-2.0893707371901495,531.3719707592579,-83.7429871983683
775.09593562154,0.037186718551557287,-2.069724127633991,531.1156793360609,-84.20253603330369
775.6221290747171,0.036875395976736176,-2.0502380864891387,530.8684275301782,-84.66701159742625
775.7752484485527,0.03678258123865131,-2.0445988488983655,530.7981797799866,-84.80306565432602
775.9283678223884,0.03668879470838812,-2.038973884662585,530.728699094249,-84.93951324758918
776.4545612755654,0.03635931941666757,-2.0197546993192947,530.4957826930486,-85.41134027402948
776.9807547287426,0.03601922521238665,-2.000711675518625,530.2719344064054,-85.88753703949858
777.1338741025783,0.035918359407083184,-1.9952041523112558,530.2084991303719,-86.02689779211417
777.286993476414,0.035816665499705164,-1.9897121246087806,530.1458309696367,-86.16660540598552
777.813186929591,0.03546110470641158,-1.970958784148916,529.9363186955934,-86.64928107002473
778.3393803827681,0.03509659419844215,-1.9523948920913223,529.7358479285825,-87.13578216319003
778.4924997566037,0.034988933814613536,-1.9470291633236927,529.6792074392018,-87.27804006314535
778.6456191304394,0.034880584372253776,-1.9416799601953576,529.6233296342979,-87.42059949150006
779.1718125836164,0.034503205792707936,-1.9234249906195127,529.4371117030719,-87.9127320854741
779.6980060367936,0.03411849519176679,-1.9053705242124208,529.2598580346988,-88.40816464080541
779.8511254106292,0.03400525773514345,-1.900154989863253,529.2099564050296,-88.55292404339819
780.0042447844648,0.03389146569247715,-1.8949568253761577,529.1608089512711,-88.69794145969911
780.5304382376419,0.03349640191779172,-1.8772270443842256,528.997648721428,-89.19819217680848
781.056631690819,0.03309555444768944,-1.8597066650354512,528.8433299164002,-89.70124130781572
781.2097510646547,0.03297790660807853,-1.8546481016437923,528.8000767458512,-89.84812433338185
781.3628704384904,0.03285983045584702,-1.8496075745809026,528.757565608822,-89.99522406018153
781.8890638916674,0.03245098990064325,-1.8324243205372919,528.6171129370318,-90.50231924624043
782.4152573448446,0.03203779360124512,-1.8154573416992603,528.4853386549512,-91.01173921144563
782.5683767186802,0.031916813619550684,-1.8105609981067552,528.4486131110615,-91.16038879100941
782.7214960925158,0.03179552150505488,-1.8056831928783637,528.4126142876643,-91.30921625450362
783.2476895456929,0.03137650006984104,-1.7890627080541062,528.2944195938552,-91.82195686810067
783.77388299887,0.030954451551988824,-1.7726635059813307,528.1847055642282,-92.33657947594679
783.9270023727056,0.030831141382400753,-1.7679332225872588,528.154360516952,-92.48666160227363
784.0801217465413,0.030707629195981332,-1.7632218263691846,528.1247241723798,-92.63688549743173
784.6063151997183,0.03028181326094268,-1.7471756270400234,528.028252658406,-93.15415390709218
785.1325086528955,0.02985424901942673,-1.7313539492418473,527.9400348849823,-93.6728943483779
785.2856280267312,0.02972957129535575,-1.7267922340444282,527.9159010341099,-93.82409959795271
785.4387474005669,0.029604796972795756,-1.7222496080688914,527.8924556259371,-93.97541333330983
785.9649408537439,0.029175437370680433,-1.7067846962193165,527.8171014197414,-94.49617770837835
786.491134306921,0.028745516628181218,-1.6915458582156297,527.749750253366,-95.01803808408302
786.6442536807566,0.028620368212031934,-1.68715394813735,527.7316402050728,-95.17008248653079
786.7973730545923,0.028495216923826942,-1.6827811932487526,527.7141965481393,-95.32220498410895
787.3235665077693,0.028065253470372302,-1.667900339072025,527.6592965608255,-95.84552152332776
787.8497599609465,0.027635756118351427,-1.6532456062198477,527.6121303164374,-96.36959229200937
788.0028793347822,0.027510915564435592,-1.649023598880949,527.5998424881204,-96.5222176092293
788.1559987086179,0.02738615377788332,-1.6448206941387564,527.5881976300132,-96.67489352155427
788.6821921617949,0.026958134771040504,-1.630522950463255,527.553044619123,-97.19990673819464
789.208385614972,0.026531501197691758,-1.6164500630839709,527.5253422188911,-97.72536632521405
789.3615049888076,0.026407663033468844,-1.612397062539255,527.5186644345555,-97.87833981779158
789.5146243626433,0.026283979195898817,-1.6083630058157232,527.5126052145646,-98.03133924266866
790.0408178158203,0.025860237394703705,-1.5946441319587852,527.4964597378912,-98.55728060916276
790.5670112689975,0.025438749636896487,-1.5811476352320353,527.4874722601993,-99.08339350693231
790.720130642833,0.025316568494918364,-1.5772618299286276,527.486185039529,-99.23650728599293
790.8732500166687,0.025194611063349203,-1.5733947104018104,527.4854913463281,-99.3896250771092
791.3994434698458,0.02477731825519642,-1.5602473906672762,527.4875927310286,-99.91581035622168
791.9256369230229,0.02436301956612678,-1.5473188599335186,527.4965540184393,-100.44192401849247
792.0787562968586,0.02424305821394635,-1.543597599740551,527.5004335937109,-100.59499406504753
792.2318756706943,0.024123373103615658,-1.5398946832297389,527.5048813472503,-100.74804881824645
792.7580691238713,0.023714257612031213,-1.5273089117280039,527.5244576520541,-101.27387433857717
793.2842625770485,0.02330862100757091,-1.514937498835718,527.5505937628575,-101.79941511433958
793.4373819508841,0.023191255155322964,-1.511377488064537,527.5594147203958,-101.95228003782614
793.5905013247198,0.02307419426895789,-1.5078354233860345,527.5687784601254,-102.10511282572033
794.1166947778968,0.02267427441882229,-1.4957993122739504,527.6050549296275,-102.63005096662476
794.6428882310739,0.022278031834697974,-1.4839726688921513,527.6475918646237,-103.15451936842908
794.7960076049095,0.022163422459007064,-1.480570249367171,527.6611292480155,-103.30703899692307
794.9491269787452,0.022049125642088704,-1.4771853545839027,527.6751841709288,-103.45951194671488
795.4753204319222,0.021658730995949386,-1.4656861224084445,527.7273897269876,-103.98310617627449
796.0015138850994,0.0212720269820487,-1.4543913423466777,527.7855591506585,-104.50607184012274
796.1546332589351,0.021160190586622735,-1.4511427489725357,527.803589985313,-104.65812574610698
796.3077526327708,0.021048666139474835,-1.4479112560512943,527.8221134118189,-104.81012056337087
796.8339460859478,0.02066779068475783,-1.4369359544613522,527.8894852657136,-105.33198036589899
797.3601395391249,0.02029060160167825,-1.426160097169846,527.9625285481401,-105.8530769974918
797.5132589129605,0.02018153473562195,-1.4230615671142273,527.984832927,-106.0045630341321
797.6663782867962,0.020072780580829657,-1.419979713339767,528.0076053515032,-106.1559795423058
798.1925717399732,0.019701435171296154,-1.4095154095241205,528.0893923937618,-106.67577542854374
798.7187651931504,0.01933378767238898,-1.3992455323236557,528.1765637258155,-107.1946958603556
798.871884566986,0.019227498791347553,-1.3962932962926484,528.2029256768484,-107.34552873224517
799.0250039408216,0.019121522100260645,-1.3933573115501299,528.2297316181872,-107.4962834475074
799.5511973939987,0.0187597114837967,-1.3833910434692942,528.3251972287666,-108.01374208906871
800.0773908471758,0.0184015605312297,-1.373614194920539,528.425766249401,-108.530233469214
800.2305102210115,0.018298023616074074,-1.3708044898660727,528.4559744641094,-108.68034334353212
800.3836295948472,0.01819479231107162,-1.3680106156846894,528.4866031756845,-108.83036809163322
800.9098230480242,0.017842355681776303,-1.3585295157446686,528.59502751224,-109.34526761486198
801.4360165012014,0.017493470578630013,-1.349232931256738,528.7082813393184,-109.85912678448031
801.589135875037,0.0173926069577269,-1.3465620673767464,528.7421297112415,-110.00845796350771
801.7422552488727,0.017292038269211895,-1.343906626142594,528.7763756959047,-110.15769856073491
802.2684487020497,0.016948666237635347,-1.3348981584430346,528.8970572793928,-110.66986408258592
802.7946421552268,0.016608705246840546,-1.32606947342483,529.0223018268288,-111.18093322239619
802.9477615290625,0.016510410585513363,-1.3235338873115794,529.0595897874565,-111.32944289826283
803.1008809028982,0.016412397602348514,-1.3210133317886215,529.0972531138524,-111.47785791585754
803.6270743560752,0.016077702891434918,-1.3124654344743636,529.2295097778331,-111.98715737211342
804.1532678092524,0.015746241337931843,-1.3040928006926689,529.366070507725,-112.49531994654993
804.306387183088,0.015650383793040665,-1.301689087524752,529.406603211395,-112.6429770429316
804.4595065569237,0.015554790576088598,-1.2993000334856724,529.4474896835319,-112.79053665884405
804.9857000101007,0.01522827084426234,-1.2912012423196273,529.590659042666,-113.29687693594043
805.5118934632778,0.014904750648560063,-1.2832734745306653,529.737881253499,-113.8020539496765
805.6650128371134,0.014811157122357302,-1.280998436076307,529.7814696267683,-113.94883805668195
805.8181322109491,0.01471780619787922,-1.2787377120319223,529.8253908176026,-114.09552300163315
806.3443256641261,0.014398820955817689,-1.2710773423512125,529.9788302600981,-114.59884640237689
806.8705191173033,0.014082563517965793,-1.2635841029401762,530.1360788930041,-115.10099300391916
807.023638491139,0.013991031129627454,-1.2614347990755732,530.1825395441116,-115.24689341606933
807.1767578649747,0.013899717608614756,-1.2592994959849444,530.2293126905691,-115.3926940232653
807.7029513181517,0.013587550719575806,-1.252067792621078,530.3923989132461,-115.89297509047583
808.2291447713288,0.01327782299750556,-1.244999707693676,530.5590579433574,-116.39207753071813
808.3822641451644,0.013188135587805322,-1.2429734835606894,530.6082129614373,-116.53709238660186
808.5353835190001,0.0130986418324679,-1.2409609797757784,530.6576607538408,-116.68200774225971
809.0615769721771,0.01279253357983138,-1.234149189691418,530.8297889711605,-117.17925042074044
809.5877704253543,0.012488555664868126,-1.227497911280689,531.0052605200506,-117.67532333823583
809.7408897991899,0.012400482134646201,-1.2255924152781978,531.056937200167,-117.81945885323668
809.8940091730256,0.012312575224504834,-1.2237003946903087,531.1088874997328,-117.96349603950398
810.4202026262026,0.012011710672329711,-1.2173008337710434,531.2894704166854,-118.45773115158242
810.9463960793797,0.011712649490257323,-1.2110591113486537,531.473173639416,-118.95081516675032
811.0995154532154,0.011625944826851102,-1.2092723164253474,531.5272041428332,-119.09408495507712
811.2526348270511,0.011539379091921896,-1.2074987894166556,531.5814896350714,-119.23725838187514
811.7788282802281,0.011242912653833124,-1.201504907972558,531.769956204941,-119.72854140549552
812.3050217334053,0.010947927155384703,-1.1956666355968968,531.9613259781205,-120.21870100919337
812.4581411072409,0.010862348713549054,-1.1939968479671617,532.0175469392317,-120.36112548937624
812.6112604810766,0.010776882598082165,-1.1923401577299215,532.0740047366301,-120.50345630844505
813.1374539342536,0.010483994263878709,-1.1867465421392542,532.2697987694743,-120.9918654258577
813.6636473874307,0.010192280770201446,-1.181306733375859,532.4682842710938,-121.47918711790304
813.8167667612663,0.01010759788175201,-1.1797525810234655,532.5265363810086,-121.62079298672697
813.969886135102,0.010023002108749122,-1.1782113907361758,532.5850076055717,-121.76230857227641
814.496079588279,0.009732914233527694,-1.173013712633497,532.7875863295053,-122.24794293388248
815.0222730414562,0.009443711608334933,-1.16796844396522,532.9926495971895,-122.7325335579042
815.1753924152919,0.009359706002017814,-1.1665288599675305,533.0527771842526,-122.87335331839732
815.3285117891276,0.009275763954160446,-1.1651021359249658,533.11310654807,-123.0140868005571
815.8547052423046,0.008987745883273212,-1.1602970935678514,533.3219391687069,-123.49706496177637
816.3808986954817,0.008700350331682658,-1.1556434406512444,533.5330536631409,-123.97905020019648
816.5340180693173,0.008616823296689736,-1.15431764290235,533.594904276156,-124.11912173382336
816.687137443153,0.00853333939431794,-1.1530046330733752,533.6569396655726,-124.25911157506786
817.21333089633,0.008246745751846146,-1.1485898653494386,533.8715059466463,-124.73957007067793
817.7395243495072,0.00796055690108736,-1.1443257948245174,534.0881551557205,-125.21909305854454
817.8926437233429,0.007877342859857563,-1.1431132497948853,534.1515791638041,-125.35845922796001
818.0457630971786,0.007794155637877105,-1.141913445642593,534.2151712425443,-125.49774882817846
818.5719565503556,0.0075084636450678515,-1.1378873869810309,534.4349601713416,-125.97584082940003
819.0981500035327,0.007223008371534821,-1.1340115952956427,534.6566363269328,-126.45306082739181
819.2512693773683,0.00713997896240517,-1.1329119691274652,534.7214865568686,-126.59176909212364
819.404388751204,0.007056964261640096,-1.1318250561067955,534.7864884083086,-126.73040640489273
819.930582204381,0.006771778953616733,-1.1281867642657664,535.0109970052283,-127.20630040299308
820.4567756575582,0.006486712956950461,-1.124698503676333,535.2371999535566,-127.68139148096269
820.6098950313938,0.006403777797090109,-1.1237116114900596,535.3033313726016,-127.81949351364447
820.7630144052295,0.006320849890401503,-1.1227374181312835,535.3695981877985,-127.9575306619647
821.2892078584065,0.006035913924065411,-1.1194863968278188,535.5983304740357,-128.43140914254744
821.8154013115836,0.005751041980165209,-1.1163852901203206,535.8285667077504,-128.90455884158544
821.9685206854193,0.005668156755100526,-1.1155110398255212,535.8958361545986,-129.04211013554237
822.121640059255,0.005585277138310843,-1.1146494803140723,535.9632249692922,-129.1796030177186
822.647833512432,0.005300504057796418,-1.1117854704500791,536.1956911115366,-129.65166109092058
823.1740269656092,0.005015811595422744,-1.1090712851063242,536.429472995641,-130.1230690242049
823.3271463394448,0.004932985724060224,-1.1083096086083664,536.4977389715742,-130.26012847976926
823.4802657132805,0.004850169883768974,-1.107560612943722,536.5661084649928,-130.3971363525232
824.0064591664575,0.004565658954852358,-1.1050833465445862,536.8018241447676,-130.8675802936825
824.5326526196346,0.004281315563325477,-1.1027557438550641,537.0386693818342,-131.33745664285647
824.6857719934702,0.00419861141462738,-1.1021065239968277,537.1077919134468,-131.4740861209534
824.8388913673059,0.004115927583278368,-1.1014699650179065,537.1770022792193,-131.61067114896704
825.3650848204829,0.0038319575947110287,-1.0993789166709476,537.4154883115848,-132.07971681901154
825.8912782736601,0.00354831204965704,-1.0974372061128441,537.6549196562557,-132.54828070472246
826.0443976474958,0.00346584451398359,-1.0969002056598252,537.7247602302315,-132.6845445431803
826.1975170213315,0.0033834137886030896,-1.0963758280288352,537.7946731192534,-132.82077131106115
826.7237104745085,0.0031004496103249285,-1.09466996928459,538.0354553180549,-133.28864244583406
827.2499039276856,0.002818043971709186,-1.0931128574884807,538.2770005403015,-133.75612016339724
827.4030233015212,0.002735985606103628,-1.0926876444895806,538.3474221116197,-133.89208465313814
827.5561426753569,0.0026539871671036135,-1.0922749893308235,538.4179006490378,-134.02801963680736
828.0823361285339,0.002372695133157368,-1.090952523773582,538.6605099542357,-134.4949459927376
828.6085295817111,0.002092272016683876,-1.08977784363369,538.9037020766281,-134.96156909814164
828.7616489555467,0.002010852855999028,-1.0894637120864985,538.9745691588422,-135.0973019147933
828.9147683293824,0.0019295228238417413,-1.08916203776711,539.0454780439107,-135.23301290801123
829.4409617825594,0.0016507594100984113,-1.088220131886284,539.2894509383751,-135.69922825252075
829.9671552357365,0.0013732424243224552,-1.0874245815576362,539.5338287654304,-136.16523149478616
830.1202746095722,0.0012927433441434156,-1.0872204776063656,539.6050076055591,-136.30080108650787
830.2733939834079,0.0012123679688080533,-1.0870286868890524,539.6762132957372,-136.43635658418992
830.7995874365849,0.0009371571205968152,-1.086463227802879,539.9210925068246,-136.90209654343366
831.3257808897621,0.0006636322356332186,-1.0860421392918653,540.166201431243,-137.36771566457728
831.4789002635977,0.0005843808357962827,-1.0859465956246575,540.2375602636413,-137.50319060352575
831.6320196374334,0.0005052929231208661,-1.085863170673104,540.3089312371284,-137.63865914963432
832.1582130906104,0.0002348180707371033,-1.0856685456906001,540.5542667046407,-138.1041589415416
832.6844065437875,-3.347209558351666e-05,-1.085615668020917,540.7996597779251,-138.56962837201678
832.8375259176231,-0.00011110355088350541,-1.0856267412779095,540.8710691552599,-138.70507667717047
832.9906452914588,-0.00018852724220837824,-1.0856496814858023,540.9424762507649,-138.8405261847766
833.5168387446358,-0.0004529388314783182,-1.0858185687435573,541.1878263622293,-139.30601826248568
834.043032197813,-0.000714622141648371,-1.0861258698472291,541.4330656330916,-139.77156873831933
834.1961515716487,-0.0007902269802399856,-1.0862410859523988,541.5043988348614,-139.9070571780083
834.3492709454844,-0.0008655767899864548,-1.0863678548749278,541.575715668388,-140.042554230399
834.8754643986614,-0.0011224972865082035,-1.0868910552743745,541.8206487526886,-140.50826587227758
835.4016578518385,-0.0013761197327648825,-1.087548577850848,542.0653068496448,-140.97412201973307
835.5547772256741,-0.0014492708423346375,-1.087764894891394,542.1364403582751,-141.10971540917492
835.7078965995098,-0.0015221180520615567,-1.0879923851948765,542.2075438058386,-141.24532455802964
836.2340900526868,-0.0017700633136046352,-1.088858717538066,542.4516398395436,-141.71147546423944
836.760283505864,-0.0020141270548745113,-1.0898544958393468,542.6953017454725,-142.1778534165302
836.9134028796997,-0.0020843865844192943,-1.0901682834482223,542.7661157745182,-142.31361392943884
837.0665222535354,-0.002154292709591664,-1.0904927977933572,542.8368865054546,-142.4493970091189
837.5927157067124,-0.002391752793088108,-1.0916890432030193,543.0797389829318,-142.91619696837762
838.1189091598895,-0.0026247494462694177,-1.0930090642401022,543.3220039593227,-143.38330207459006
838.2720285337251,-0.0026916799512316965,-1.093416095670183,543.3923830228679,-143.51928858557258
838.4251479075608,-0.0027582087104003066,-1.0938333405954848,543.4627060731484,-143.65530406002557
838.9513413607378,-0.002983696572041474,-1.0953442371370665,543.7039240045556,-144.12295074255118
839.477534813915,-0.0032041659587172797,-1.096972463570878,543.9444076243069,-144.5909754264598
839.6306541877506,-0.0032673490679089798,-1.0974679284243316,544.0142411334831,-144.7272429018347
839.7837735615863,-0.0033300854335062604,-1.0979730298932053,544.0840065038017,-144.86354526220964
840.3099670147633,-0.003542203831605023,-1.099781348892616,544.3232164778362,-145.33222220545662
840.8361604679404,-0.003748799023245657,-1.1016998300668646,544.5615526883645,-145.8013440464196
840.9892798417761,-0.003807853251204182,-1.102278372985629,544.6307355496784,-145.93794300527173
841.1423992156118,-0.003866420648088203,-1.102865917721554,544.6998388022713,-146.07458224018868
841.6685926687888,-0.004063914517026241,-1.1049526244435535,544.9366870207662,-146.54445710240068
842.194786121966,-0.004255444815591309,-1.107141682150586,545.1725301448342,-147.01483720952928
842.3479054958016,-0.004310036498893346,-1.1077974608765322,545.2409633344755,-147.15181327439052
842.5010248696373,-0.00436410735223891,-1.1084615561223263,545.309306163483,-147.28883443157304
843.0272183228143,-0.004545899635057847,-1.1108060270317854,545.5434603684388,-147.760057570987
843.5534117759914,-0.004721369439675095,-1.1132444924269824,545.7764869728377,-148.23183929908524
843.706531149827,-0.004771225307552863,-1.1139712506632673,545.8440780681402,-148.36923284872384
843.8596505236627,-0.004820534124261077,-1.1147055990164427,545.9115688249801,-148.50667569993334
844.3858439768397,-0.004985774749871081,-1.1172858952915317,546.1427200538142,-148.979379117899
844.9120374300169,-0.005144435809287255,-1.1199514090396867,546.3726306163707,-149.45268716126435
845.0651568038526,-0.005189358248532913,-1.1207425690415718,546.4392942623584,-149.5905330960735
845.2182761776883,-0.005233716653967662,-1.121540563289744,546.505848413254,-149.72843191579946
845.7444696308653,-0.005381830651616299,-1.1243337738437758,546.7337124971552,-150.2027285996243
846.2706630840424,-0.005523221487255558,-1.127203152171776,546.9602327805964,-150.67766849729784
846.423782457878,-0.005563097784684052,-1.1280519249359267,547.025891064518,-150.81599612625615
846.5769018317137,-0.00560240273875298,-1.1289067595769466,547.0914315532539,-150.9543795925874
847.1030952848907,-0.005733109883786438,-1.1318893919256408,547.3157502701276,-151.43036328149785
847.6292887380679,-0.005857064755518987,-1.1349390250173315,547.5386323249566,-151.90702134676255
847.7824081119035,-0.0058918681940539714,-1.1358385268203484,547.6032150389952,-152.04585439732983
847.9355274857392,-0.005926102700685496,-1.1367433147884596,547.6676725363776,-152.1847456153276
848.4617209389162,-0.006039418960441665,-1.1398916966623198,547.8882143655155,-152.66249098239314
848.9879143920933,-0.006146069392843596,-1.1430979510528443,548.1072371228215,-153.14093463841988
849.141033765929,-0.006175860014572288,-1.1440413206987305,548.1706819056488,-153.2802913823917
849.2941531397647,-0.006205093891527947,-1.14498921072504,548.2339949369332,-153.41970802239723
849.8203465929417,-0.006301333917974813,-1.1482798944337054,548.4505553876073,-153.8992712431777
850.3465400461189,-0.006391108854428501,-1.1516195180702056,548.6655248152282,-154.37954973193376
850.4996594199545,-0.006416032671388704,-1.1526000347150704,548.7277771644765,-154.51944321725617
850.6527787937902,-0.00644042126955115,-1.1535843289552934,548.7898921068852,-154.65939775789067
851.1789722469672,-0.006520188953253872,-1.1569944932012888,549.002293594403,-155.1408174287676
851.7051657001443,-0.006593796428387854,-1.1604450099495132,549.2130423939758,-155.62296285219753
851.85828507398,-0.006614078220837799,-1.161456205857888,549.2740555444209,-155.7634012278672
852.0114044478157,-0.006633854459087397,-1.1624704715057146,549.3349264903427,-155.90390129036115
852.5375979009928,-0.006698010221740959,-1.1659782943433967,549.5430177522886,-156.38719964625415
853.0637913541699,-0.006756398960892938,-1.1695183582383644,549.7494046036171,-156.87122828252856
853.2169107280055,-0.006772330516808143,-1.1705541179243806,549.8091392757935,-157.01221519860997
853.3700301018412,-0.006787793005422203,-1.1715922845779299,549.8687277675587,-157.15326395398094
853.8962235550182,-0.006837413058399208,-1.17517726413605,550.072382848989,-157.63844831850793
854.4224170081953,-0.006881732164378425,-1.1787869587793893,550.2742912406375,-158.12436214290912
854.5755363820309,-0.006893660688327286,-1.1798416021564169,550.3327152725476,-158.2658972048628
854.7286557558666,-0.006905162109218377,-1.1808980431833604,550.390989921859,-158.40749383309492
855.2548492090436,-0.006941498100543674,-1.1845412637169335,550.5901067762375,-158.89455822999437
855.7810426622208,-0.006973055054072961,-1.188202346662055,550.7874434712447,-159.38234657055435
855.9341620360565,-0.006981370449766706,-1.1892706959633637,550.8445313476414,-159.5244258278934
856.0872814098922,-0.0069893045904702,-1.1903402934494662,550.9014673543588,-159.6665660092608
856.6134748630692,-0.007013736584763812,-1.1940246328645658,551.0959661127085,-160.1554928677573
857.1396683162463,-0.007033946870648106,-1.1977207175174467,551.2886593063344,-160.645134129385
857.2927876900819,-0.007039066539078715,-1.1987981451620688,551.3443916032354,-160.7877505795065
857.4459070639176,-0.00704385295926141,-1.1998763354633948,551.3999701917018,-160.9304269989435
857.9721005170946,-0.007057836641922261,-1.2035866037976817,551.589791167123,-161.4211888877148
858.4982939702718,-0.007068172369340213,-1.2073032704891515,551.7777884102113,-161.91265228043642
858.6514133441074,-0.007070526819360969,-1.208385726361932,551.8321511771215,-162.05579636917352
858.8045327179431,-0.007072596728733987,-1.2094685252153665,551.8863589728287,-162.19899921543038
859.3307261711201,-0.0070776171608735615,-1.2131915349531286,552.0714604801423,-162.6915605444173
859.8569196242972,-0.007079563828932673,-1.2169163777121457,552.254726447881,-163.18480775893732
860.0100389981329,-0.007079584562252042,-1.2180003985797494,552.3077105505375,-163.3284678622161
860.1631583719686,-0.007079368851970544,-1.2190844086600985,552.3605389197327,-163.4721853066033
860.6893518251456,-0.007076900038324883,-1.2228089869365566,552.5408949856904,-163.96650394781366
861.2155452783228,-0.007071916467883727,-1.226531604515155,552.7194091642638,-164.4614907344771
861.3686646521584,-0.007070024253071894,-1.2276143074635968,552.7710096085356,-164.60565360916627
861.5217840259941,-0.0070679417483810155,-1.228696710030083,552.8224539812734,-164.74987225232664
862.0479774791711,-0.007059405999449301,-1.2324136560542271,552.9980520154716,-165.24590104230566
862.5741709323482,-0.007048884449041079,-1.2361255881652964,553.171806377023,-165.74257865945935
862.7272903061838,-0.007045478076699191,-1.2372046481230647,553.2220216346626,-165.88722985406946
862.8804096800195,-0.0070419245630038915,-1.238283178861145,553.272080832064,-166.03193513168907
863.4066031331965,-0.007028657651023409,-1.2419851686168302,553.4429193303474,-166.52962322635045
863.9327965863737,-0.007013893936406581,-1.2456797836064124,553.6119160670864,-167.02793973226727
864.0859159602094,-0.007009342554287047,-1.2467533978337562,553.6607474234576,-167.17306395072367
864.2390353340451,-0.0070046835083054865,-1.2478263101945894,553.7094230089405,-167.31824049177837
864.7652287872221,-0.006987912542393548,-1.2515077626441602,553.8755093534278,-167.81753455473932
865.2914222403992,-0.006970087238265515,-1.2551801129283304,554.0397587282225,-168.31743592920253
865.4445416142348,-0.006964725300139885,-1.2562469571788957,554.087209667243,-168.4630173445919
865.5976609880705,-0.006959290971359187,-1.257312977758656,554.1345053363827,-168.60864927941464
866.1238544412475,-0.006940117801091339,-1.2609698958677167,554.2958537381909,-169.1094944972648
866.6500478944247,-0.006920279639376818,-1.2646165502230315,554.4553720925874,-169.61092558977725
866.8031672682604,-0.006914401982964998,-1.2656757283002935,554.501447730119,-169.756948107708
866.9562866420961,-0.006908482481071093,-1.2667340056567222,554.5473687501548,-169.90301932571484
867.4824800952731,-0.006887867287193293,-1.2703637947238147,554.7039983719346,-170.40536025078725
868.0086735484502,-0.00686691904034808,-1.2739826485857062,554.858806328024,-170.90826555744886
868.1617929222858,-0.006860777503142559,-1.2750336358053331,554.9035129042655,-171.05471302984827
868.3149122961215,-0.0068546198094790855,-1.2760836834458902,554.9480656136983,-171.2012073878723
868.8411057492985,-0.00683337435830683,-1.2796849524374951,555.0999989065518,-171.7049886128696
869.3672992024757,-0.0068120711527862084,-1.2832750270168023,555.2501197931788,-172.20931288847515
869.5204185763113,-0.006805874956223816,-1.2843176117158266,555.2934642317931,-172.3561692802378
869.673537950147,-0.006799683594305154,-1.285359249665964,555.3366556072094,-172.50307076412867
870.199731403324,-0.006778475262466119,-1.288931611669012,555.4839168811388,-173.00823743975576
870.7259248565011,-0.006757429880620443,-1.2924928568583023,555.6293753956732,-173.51392615906008
870.8790442303368,-0.006751347152030681,-1.2935270835992665,555.6713649314926,-173.6611756720689
871.0321636041725,-0.006745285659604374,-1.2945603818228884,555.7132022229628,-173.8084685162344
871.5583570573496,-0.006724641346585921,-1.2981042610722675,555.8558164524243,-174.3149667287688
872.0845505105267,-0.0067043266462596595,-1.3016373641393104,555.9966375570109,-174.82196641445583
872.2376698843623,-0.00669848489562814,-1.3026634782413737,556.0372794318971,-174.96959357405618
872.390789258198,-0.006692676311988179,-1.303688701266482,556.0777698665283,-175.11726234399896
872.916982711375,-0.006672985152813202,-1.307205143494116,556.2157617306542,-175.6250393696706
873.4431761645521,-0.0066537398930580785,-1.3107113416773837,556.3519697835045,-176.13329780328763
873.5962955383877,-0.0066482285756980135,-1.3117297353395794,556.3912710106182,-176.28128751186057
873.7494149122234,-0.00664275838356117,-1.3127472888071383,556.430421564412,-176.42931715435938
874.2756083654004,-0.006624284840149765,-1.3162377816971345,556.5638147204169,-176.9383216068632
874.8018018185776,-0.0066063302010623175,-1.3197186904515585,556.6954328356694,-177.44778794004068
874.9549211924133,-0.00660120594514144,-1.3207298544954016,556.7334000289609,-177.59612550298846
875.108040566249,-0.006596127378227963,-1.321740237677227,556.7712172632054,-177.74450136934954
875.634234019426,-0.006579029315017775,-1.325206553978352,556.9000338353368,-178.2546832600065
876.1604274726031,-0.006562485355842339,-1.3286640191735104,557.0270834481794,-178.76530804626577
876.3135468464387,-0.006557776191618692,-1.3296685016180234,557.063722709564,-178.91397917636155
876.4666662202744,-0.006553114208350269,-1.3306722666218154,557.1002126640526,-179.06268702466375
876.9928596734514,-0.006537454261603402,-1.3341163280033308,557.2244729215364,-179.57399775500517
877.5190531266286,-0.006522349216016468,-1.3375522952160686,557.3469735339107,-180.08573292055425
877.6721725004642,-0.006518057166854663,-1.3385506641073408,557.3822903916591,-180.2347237256614
877.8252918742999,-0.006513811144710658,-1.3395483791365597,557.4174585285754,-180.38374970685476
878.3514853274769,-0.006499567924369977,-1.3429721333986326,557.5371807340642,-180.89614200916736
878.877678780654,-0.006485853168042267,-1.346388532008561,557.6551498246386,-181.40894077697857
879.0307981544897,-0.0064819594552402385,-1.3473813432696817,557.6891492182781,-181.55823773517085
879.1839175283254,-0.00647810867551907,-1.3483735612806904,557.7230004118708,-181.70756836704624
879.7101109815025,-0.0064651974623529795,-1.3517788815734104,557.83820082087,-182.22099620696036
880.2363044346796,-0.006452769342729267,-1.3551775351706181,557.951653894337,-182.73481298883848
880.3894238085152,-0.006449240625369679,-1.356165308717951,557.9843401975743,-182.88440291535636
880.5425431823509,-0.006445750372004283,-1.3571525444497463,558.0168787607023,-183.03402504885628
881.0687366355279,-0.006434041908807945,-1.360541157094225,558.1275717383659,-183.54844350546506
881.594930088705,-0.006422756341279435,-1.3639237200844874,558.2365224785128,-184.06323377713466
881.7480494625407,-0.006419548018359252,-1.3649069227134707,558.2678995499625,-184.21310378734154
881.9011688363764,-0.006416372525681416,-1.365889636071701,558.2991292875025,-184.36300456925196
882.4273622895535,-0.006405700973598038,-1.369263066243443,558.4053275115888,-184.87836970534755
882.9535557427306,-0.006395380486238446,-1.3726309734783222,558.5097880128427,-185.3940898750284
883.1066751165662,-0.006392439036709794,-1.3736100048786428,558.5398592684941,-185.54422734599544
883.2597944904019,-0.0063895240845553035,-1.3745885873527366,558.569783552003,-185.69439418049288
883.7859879435789,-0.00637969877588014,-1.3779481160396276,558.6714982855146,-186.21066291047003
884.312181396756,-0.006370148243025461,-1.381302547006036,558.771479347641,-186.72727018775154
884.4653007705916,-0.006367416474751288,-1.3822777309998067,558.8002478502262,-186.87766272045164
884.6184201444273,-0.006364704777670901,-1.383252497685834,558.8288697087013,-187.0280832315139
885.1446135976043,-0.006355529157225992,-1.3865991408347607,558.926111120693,-187.54521319432047
885.6708070507815,-0.00634655332913897,-1.3899410083969943,559.021622579606,-188.06266546729123
885.8239264246172,-0.006343974826963835,-1.3909125913585587,559.0490911360279,-188.21330085179605
885.9770457984529,-0.006341410127906506,-1.3918837800138533,559.0764133536975,-188.3639628488586
886.5032392516299,-0.006332691930974835,-1.3952182892411304,559.1691908564937,-188.8819122938231
887.029432704807,-0.0063241000039009265,-1.3985482442314434,559.2602419216811,-189.40016802113666
887.1825520786426,-0.006321619484748765,-1.3995163967287607,559.2864131809444,-189.55103420643172
887.3356714524783,-0.006319146649219092,-1.4004841694832477,559.3124383950899,-189.70192565474707
887.8618649056554,-0.006310697754027946,-1.4038070377365013,559.4007609795239,-190.2206533438703
888.3880583588325,-0.006302305109570316,-1.4071254750358009,559.4873605676361,-190.73967146343716
888.5411777326681,-0.0062998697745296475,-1.4080902938209845,559.5122371175667,-190.8907565320481
888.6942971065038,-0.0062974365297595964,-1.40905473941677,559.5369679150084,-191.04186552785913
889.2204905596808,-0.00628908216673513,-1.4123662114980386,559.6208444797899,-191.56133065471596
889.7466840128579,-0.006280722944475786,-1.4156732862897285,559.7030015382535,-192.08107050942255
889.8998033866936,-0.006278286460215809,-1.4166348003591276,559.7265859981493,-192.23236265713325
890.0529227605293,-0.006275847353506382,-1.417595940773066,559.7500250070341,-192.38367740800976
890.5791162137064,-0.006267438413177527,-1.4208960406426896,559.8294646661768,-192.90383953506625
891.1053096668835,-0.006258973742533917,-1.4241917011204996,559.9071884660046,-193.42426081778933
891.2584290407191,-0.006256497482281316,-1.4251498819398944,559.929483568679,-193.57574833911008
891.4115484145548,-0.006254014597596547,-1.426107682763305,559.95163353908,-193.72725715006425
891.9377418677318,-0.006245425504877031,-1.429396248914611,560.0266458873081,-194.24807616586023
892.463935320909,-0.006236736612620503,-1.432680269284627,560.0999462714447,-194.76913888381654
892.6170546947445,-0.006234187194911054,-1.433635039587176,560.1209549324508,-194.9208101628774
892.7701740685802,-0.006231627744065941,-1.4345894184960606,560.1418188043334,-195.07250142779594
893.2963675217572,-0.006222750550923686,-1.4378661305893319,560.2124141419059,-195.59393752136575
893.8225609749344,-0.006213738073014109,-1.441138135968708,560.2813017371393,-196.1156019761945
893.9756803487701,-0.00621108843232411,-1.4420893770683285,560.3010271141286,-196.2674454819521
894.1287997226058,-0.006208426249774868,-1.4430402113205578,560.3206080755872,-196.4193076792542
894.6549931757828,-0.006199178644476053,-1.4463046185091686,560.3867975995564,-196.9413213285938
895.18118662896,-0.0061897724025710135,-1.4495641179316405,560.4512839921113,-197.4635481100884
895.3343060027955,-0.006187004462284283,-1.4505116803397757,560.4697295326263,-197.6155523954936
895.4874253766312,-0.006184222454282183,-1.4514588177346404,560.4880310660847,-197.76757408774125
896.0136188298083,-0.006174552742219626,-1.4547103786201003,560.5498270158125,-198.2901260618666
896.5398122829854,-0.00616471001509677,-1.4579568058466816,560.6099248759396,-198.81287605502948
896.692931656821,-0.006161812663721131,-1.4589005208022923,560.6270943496635,-198.9650297599686
896.8460510306567,-0.006158900214642888,-1.459843790892237,560.6441202624392,-199.1171995971755
897.3722444838337,-0.006148774886296145,-1.463081907937976,560.7015360124403,-199.64025097006396
897.8984379370108,-0.006138466778809099,-1.4663146490136323,560.7572591710674,-200.16348537244178
898.0515573108465,-0.006135432476970648,-1.4672543351235208,560.773156689593,-200.31577722930817
898.2046766846822,-0.006132382544558754,-1.4681935554160666,560.7889111326541,-200.46808395472345
898.7308701378593,-0.006121781679923417,-1.471417593999779,560.8419612505395,-200.9915961265681
899.2570635910364,-0.0061109963392909725,-1.4746360059428896,560.8933247472446,-201.51527647146258
899.410182964872,-0.006107823422880999,-1.4755714751416997,560.907954776185,-201.66769531224412
899.5633023387077,-0.006104635175025429,-1.4765064573873452,560.9224422552847,-201.82012776959505
900.0894957918847,-0.00609356294699712,-1.4797157711044184,560.9711425318422,-202.34406249289307
900.6156892450618,-0.006082314641747484,-1.4829192123622492,561.0181626301708,-202.8681506773074
900.7688086188975,-0.006079009009077691,-1.4838502796350652,561.0315299904511,-203.02068544206898
900.9219279927332,-0.0060756889740319515,-1.484780839733849,561.0447553659594,-203.17323258419003
901.4481214459103,-0.006064171311160092,-1.4879748044502354,561.0891228025989,-203.69755199447644
901.9743148990874,-0.006052489128345641,-1.4911626653631636,561.1318169603763,-204.22201031114577
902.127434272923,-0.00604905941333817,-1.49208915625964,561.1439268166429,-204.37465005752182
902.2805536467587,-0.006045616293402362,-1.4930151210782905,561.1558952908555,-204.52730095589314
902.8067470999357,-0.0060336832519602285,-1.4961931518823222,561.1959480493931,-205.0519676046071
903.3329405531128,-0.006021598916425566,-1.4993648637930885,561.2343348614077,-205.5767587746028
903.4860599269484,-0.006018054933761401,-1.5002866160162276,561.2451927046045,-205.72949268716175
903.6391793007841,-0.006014498963405069,-1.5012078248301135,561.2559098040008,-205.88223654121398
904.1653727539612,-0.006002190060951037,-1.504369382062428,561.2916671439156,-206.40721342713974
904.6915662071383,-0.00598975149728846,-1.5075244283174145,561.3257662744471,-206.93230063057047
904.844685580974,-0.005986109086126428,-1.5084412964797473,561.3353779009208,-207.08511802962576
904.9978049548097,-0.005982456922726305,-1.5093576063778602,561.3448494544677,-207.23794417550602
905.5239984079867,-0.005969835889104983,-1.5125022198994573,561.376331650475,-207.76319477463727
906.0501918611639,-0.005957114339386929,-1.5156401658703331,561.4061637363645,-208.28854168009167
906.2033112349994,-0.005953395165255645,-1.5165520307346307,561.4145352164991,-208.4414320301872
906.3564306088351,-0.005949668673639671,-1.5174633257719772,561.4227673229369,-208.59432994918862
906.8826240620122,-0.0059368102071121675,-1.520590622657844,561.449995542196,-209.1198182431759
907.4088175151893,-0.0059238787253832375,-1.5237111342927445,561.4755820576631,-209.64538903496344
907.5619368890249,-0.005920103556966307,-1.5246179058294451,561.4827196949061,-209.79834195249828
907.7150562628606,-0.005916323491427073,-1.525524099192553,561.4897186813158,-209.95130127852923
908.2412497160376,-0.005903299651236928,-1.5286338051187043,561.5127148401685,-210.47699177895942
908.7674431692147,-0.005890235495706344,-1.531736647378577,561.5340779533852,-211.00275117915447
908.9205625430504,-0.005886428553273478,-1.532638264964164,561.5399882427039,-211.15575643836183
909.0736819168861,-0.005882620114960169,-1.5335392998730775,561.5457606227694,-211.30876696374088
909.5998753700632,-0.005869527326197273,-1.536631251021239,561.5645472405234,-211.83462473072922
910.1260688232403,-0.005856443066465194,-1.5397163150736284,561.5817096569605,-212.36053801587872
910.2791881970759,-0.005852640314172424,-1.540612758585359,561.5863992361474,-212.513585553365
910.4323075709116,-0.005848840649129889,-1.5415086204400148,561.590951659759,-212.66663723321
910.9585010240886,-0.005835814206828474,-1.5445828121543212,561.6055516690644,-213.19262788938408
911.4846944772657,-0.005822850014197816,-1.5476501658176534,561.6185364156897,-213.71866090249733
911.6378138511013,-0.0058190918489357795,-1.5485414689716586,561.6220119975143,-213.8717408203016
911.790933224937,-0.005815340762915615,-1.5494321975221739,561.6253511811038,-214.02482377536467
912.317126678114,-0.005802509674808621,-1.5524888114665225,561.6357876769631,-214.55091351364808
912.8433201312912,-0.005789780658945828,-1.5555387006311845,561.6446178436685,-215.0770326685158
912.9964395051269,-0.005786097621088458,-1.5564249459952406,561.6468861411549,-215.23013523463484
913.1495588789626,-0.005782424583361901,-1.5573106284309117,561.649018793797,-215.38323975149405
913.6757523321396,-0.005769882554462672,-1.560349996730771,561.655314791012,-215.90939533310416
914.2019457853168,-0.005757474909192871,-1.5633828008530255,561.6600133092151,-216.43556760835781
914.3550651591523,-0.005753891460552593,-1.564264107170292,561.6610809758486,-216.58868325431254
914.508184532988,-0.005750320872238043,-1.5651448660405969,561.662013741219,-216.7417997826469
915.034377986165,-0.00573815367580756,-1.5681674385945108,561.6641919874999,-217.26798852566938
915.5605714393422,-0.005726157363447693,-1.5711836538083581,561.6647814564035,-217.79418145046967
915.7136908131779,-0.005722700697846881,-1.57206017445195,561.6646550368552,-217.9473007666557
915.8668101870136,-0.0057192599659265505,-1.5729361672518933,561.6643944441911,-218.10041991438203
916.3930036401906,-0.005707562577637746,-1.5759425179714484,561.6624772499347,-218.62660967551716
916.9191970933678,-0.005696067859277151,-1.5789427669236598,561.6589797622431,-219.1527913089096
917.0723164672033,-0.005692762240642288,-1.579814691878706,561.6576656406219,-219.3059050381405
917.225435841039,-0.0056894742807817615,-1.580686112064513,561.6562180529253,-219.45901756475416
917.7516292942161,-0.00567831202597424,-1.5836769303018698,561.6502271141287,-219.98517671484473
918.2778227473932,-0.005667357949565666,-1.5866619298048787,561.6426640899473,-220.51131561898117
918.4309421212288,-0.005664208775304435,-1.5875294708344523,561.6401684453268,-220.66441464829188
918.5840614950645,-0.005661076206840334,-1.5883965307204624,561.6375400173611,-220.8175114565196
919.1102549482415,-0.0056504345929642395,-1.5913725443928082,561.6274962954674,-221.3436088508499
919.6364484014186,-0.005639970674675084,-1.594343005268727,561.6158884089775,-221.86967406039062
919.7895677752543,-0.005636956569935603,-1.595206363290451,561.6122172046139,-222.02274941209183
919.94268714909,-0.005633955395066981,-1.5960692604419198,561.6084138770215,-222.17582153898036
920.4688806022671,-0.005623733305146731,-1.599031115893378,561.5943376199623,-222.70182648728928
920.9950740554442,-0.005613638799974284,-1.6019876261151706,561.5787048830439,-223.2277874811987
921.1481934292798,-0.005610722681604192,-1.6028469597801942,561.5738639022114,-223.38083030515406
921.3013128031155,-0.005607815621548426,-1.603705847354845,561.5688914418334,-223.5338689145888
921.8275062562925,-0.005597889128495029,-1.6066540276002428,561.5508023538705,-224.05975115754302
922.3536997094697,-0.005588053707429048,-1.6095970085507234,561.5311643191096,-224.58557783904118
922.5068190833052,-0.005585207362031555,-1.6104524299287613,561.5251592275324,-224.738579407505
922.6599384571409,-0.005582367883805471,-1.6113074158540501,561.519023290298,-224.89157578531746
923.186131910318,-0.005572659897288559,-1.6142422639450964,561.4969407428855,-225.41730547964195
923.7123253634951,-0.0055630249599049695,-1.6171720229761806,561.4733166945512,-225.94296816377448
923.8654447373308,-0.005560234181101096,-1.6180236161948267,561.466153090035,-226.09591986812538
924.0185641111665,-0.005557448984794751,-1.618874782398454,561.4588592679434,-226.24886541895495
924.5447575643435,-0.005547918164699379,-1.6217965656271465,561.432802438406,-226.77441312736718
925.0709510175207,-0.00553844472055531,-1.6247133488961247,561.4052115004116,-227.29988253182148
925.2240703913562,-0.005535697774883164,-1.6255611817932742,561.3968949393483,-227.45277588001227
925.3771897651919,-0.005532954914883559,-1.6264085942742808,561.3884487853602,-227.60566212482277
925.903383218369,-0.005523557701931717,-1.6293175247917029,561.358436733969,-228.13099880800885
926.4295766715461,-0.005514200615989376,-1.6322215211144755,561.3268979405619,-228.65624604606637
926.5826960453817,-0.005511484507329436,-1.6330656441323808,561.3174339585628,-228.80907266079095
926.7358154192174,-0.0055087713103413845,-1.6339093514067717,561.3078410073218,-228.961891235141
927.2620088723944,-0.005499468196912435,-1.6368055818617495,561.2738927505977,-229.48698824666351
927.7882023255715,-0.005490195297868298,-1.6396969250286508,561.2384251202215,-230.01198482327175
927.9413216994072,-0.0054875022438034505,-1.6405373741109897,561.227819253212,-230.1647364410121
928.0944410732429,-0.005484811492120942,-1.6413774109572237,561.2170850416287,-230.3174790941649
928.62063452642,-0.005475581595538412,-1.644261053454865,561.1792196170442,-230.84230817773008
929.1468279795971,-0.005466375549790379,-1.6471398455164263,561.1398422059577,-231.36702598704323
929.2999473534327,-0.005463700698664195,-1.6479766487386056,561.1281000033722,-231.5196944573611
929.4530667272684,-0.005461027491550083,-1.6488130424453091,561.1162300829129,-231.6723530515819
929.9792601804454,-0.005451852183313166,-1.6516841847551371,561.0744665847913,-232.19688633863677
930.5054536336226,-0.005442690792786241,-1.6545505027395426,561.0311985169599,-232.72129766180268
930.6585730074582,-0.005440026864145452,-1.6553836802292963,561.0183255500266,-232.87387494676386
930.8116923812939,-0.005437363658045403,-1.6562164498059286,561.0053254950303,-233.02644145679227
931.337885834471,-0.005428215679374119,-1.6590751479798855,560.9596831053733,-233.55065146520695
931.8640792876481,-0.0054190718559883385,-1.6619290336405963,560.9125436079278,-234.07472896994594
932.0171986614837,-0.0054164114200786215,-1.6627585948750634,560.898545481072,-234.22720714419034
932.1703180353194,-0.005413751070283599,-1.6635877487048871,560.8844209004853,-234.37967365738768
932.6965114884964,-0.005404608717907474,-1.6664340238232491,560.8349189310622,-234.90353329251784
933.2227049416736,-0.005395464745645948,-1.6692754878694562,560.7839273761122,-235.42725003479802
933.3758243155091,-0.005392803315927319,-1.670101434317842,560.7688097385068,-235.57962128609518
933.5289436893448,-0.005390141514001277,-1.6709269731723102,560.7535662870408,-235.73198000301687
934.0551371425219,-0.005380990702626933,-1.6737608231459344,560.7002242136236,-236.2554625596798
934.581330595699,-0.005371832005718733,-1.6765898559478627,560.6454001465735,-236.77879198567874
934.7344499695347,-0.005369164946770116,-1.6774121833545321,560.6291686993516,-236.93104861549088
934.8875693433704,-0.00536649684505453,-1.6782341022406588,560.6128120844069,-237.08329185045946
935.4137627965474,-0.00535731867014784,-1.681055503744131,560.5556495693668,-237.60637101504773
935.9399562497246,-0.005348123507972877,-1.683872071282759,560.4970127320466,-238.12928696372046
936.0930756235601,-0.005345444081411771,-1.684690767525655,560.4796732355812,-238.28142138807843
936.2461949973958,-0.0053427628836404195,-1.6855090533089916,560.4622092248237,-238.43354157012615
936.7723884505729,-0.0053335344570802235,-1.6883179532429444,560.4012461462436,-238.9561914244501
937.29858190375,-0.005324282050237016,-1.6911219909301225,560.3388165098323,-239.4786681322477
937.4517012775856,-0.005321584865610319,-1.691937035215608,560.3203747938537,-239.63067288327758
937.6048206514213,-0.005318885467207522,-1.692751666306501,560.3018092254001,-239.78266255772274
938.1310141045983,-0.005309591605737569,-1.6955479850664554,560.2370657113837,-240.3048575846927
938.6572075577755,-0.005300269615284492,-1.6983394060567052,560.1708635076411,-240.8268696913958
938.8103269316111,-0.005297551464226273,-1.6991507719677932,560.1513254793696,-240.97873741899622
938.9634463054468,-0.0052948307516288914,-1.6999617214466318,560.1316642694848,-241.13058924910692
939.4896397586239,-0.005285460873263645,-1.702745362979339,560.063160720947,-241.65230433827492
940.015833211801,-0.005276058158804587,-1.705524065504323,559.9932064604155,-242.1738268923382
940.1689525856366,-0.005273315555477992,-1.7063317223113443,559.9725781092009,-242.32555036571227
940.3220719594723,-0.005270569959714204,-1.7071389589151607,559.9518272567587,-242.4772571342409
940.8482654126493,-0.005261111183569717,-1.7099098113813544,559.8795843622856,-242.99846758718698
941.3744588658265,-0.005251615190984787,-1.712675676909941,559.8058988494181,-243.5194760514212
941.527578239662,-0.005248844784260699,-1.7134795888886842,559.784186251379,-243.67104816080837
941.6806976134977,-0.005246071192835377,-1.714283076420691,559.7623518425598,-243.82260277175263
942.2068910666748,-0.005236515370160291,-1.7170410122569602,559.6863905949047,-244.34328430835563
942.7330845198519,-0.005226922480586343,-1.719793910129717,559.6089949432927,-244.8637545662747
942.8862038936876,-0.005224124177895107,-1.7205940390193804,559.5862042651686,-245.0151683247628
943.0393232675233,-0.005221322886035017,-1.721393739232611,559.5632924769092,-245.1665638051384
943.5655167207003,-0.0052116739159655595,-1.7241386279960067,559.4836341807302,-245.68669256920205
944.0917101738775,-0.0052019917349991375,-1.7268784307968421,559.402549813466,-246.20660092970067
944.244829547713,-0.005199168302541066,-1.7276747403683645,559.3786873111493,-246.35784947436602
944.3979489215487,-0.00519634228956403,-1.7284706174646665,559.3547044090175,-246.50907897524817
944.9241423747258,-0.005186611584336101,-1.7312023398488077,559.2713706686282,-247.0286315372954
945.4503358279029,-0.005176853339482497,-1.7339289347539764,559.1866192994643,-247.54795473630057
945.6034552017385,-0.005174008966755007,-1.7347213935309618,559.1616913114823,-247.69903132848773
945.7565745755742,-0.005171162639134585,-1.7355134167073427,559.1366436427458,-247.85008812520576
946.2827680287512,-0.0051613674339992975,-1.7382318723080659,559.0496563357373,-248.36904148255474
946.8089614819283,-0.005151554871681367,-1.7409451691693543,558.9612599386342,-248.88775668210985
946.962080855764,-0.005148696972605844,-1.7417337531861108,558.9352728765006,-249.03865470696505
947.1152002295997,-0.005145838282907672,-1.7425218996686864,558.9091668600248,-249.18953219852446
947.6413936827768,-0.005136010436070282,-1.7452270204175018,558.8185480984989,-249.7078637723409
948.1675871359539,-0.005126182416528668,-1.7479269697722133,558.7265288607801,-250.2259485557738
948.3207065097895,-0.005123323611694341,-1.7487116686587183,558.6994891935087,-250.37666152041075
948.4738258836252,-0.005120465722209468,-1.7494959300439281,558.6723313033631,-250.5273532274463
949.0000193368022,-0.005110654369129302,-1.7521877032655016,558.5781033699833,-251.04504085391235
949.5262127899794,-0.00510086545174024,-1.7548743197200727,558.4824836165019,-251.56247321406084
949.679332163815,-0.005098022519382765,-1.7556551432606131,558.4543978462881,-251.7129947435512
949.8324515376507,-0.005095182605611264,-1.7564355319302518,558.4261945864808,-251.86349430405818
950.3586449908278,-0.005085449551985863,-1.7591140207423077,558.3283798407772,-252.38051621772115
950.8848384440049,-0.0050757662871318675,-1.761787401184528,558.2291819304628,-252.8972745372451
951.0379578178405,-0.005072959565874632,-1.7625643842742744,558.2000565609147,-253.0475983683257
951.1910771916762,-0.005070158472969269,-1.7633409382908316,558.1708144328861,-253.19789953110833
951.7172706448532,-0.005060579734255674,-1.7660062986369989,558.0694351942012,-253.71423434040224
952.2434640980304,-0.0050510856962490865,-1.768666640998043,557.9666813940778,-254.23029736402566
952.3965834718659,-0.005048341070481723,-1.7694398496911827,557.9365228917562,-254.38041733636118
952.5497028457016,-0.005045605381900004,-1.7702126391293076,557.9062483550142,-254.53051395197238
953.0758962988787,-0.005036277746061389,-1.7728651439858658,557.8013267596563,-255.04614060543452
953.6020897520558,-0.005027077643337728,-1.7755127742550552,557.6950390891946,-255.561487401704
953.7552091258915,-0.005024426976832639,-1.776282313968266,557.663853835716,-255.71139744585318
953.9083284997272,-0.005021789134020292,-1.777051449154819,557.6325532587691,-255.8612834541437
954.4345219529042,-0.005012828125324683,-1.7796915163886615,557.5241110822924,-256.37618119433546
954.9607154060814,-0.005004043165816167,-1.7823269147163578,557.4143111223285,-256.8907911044214
955.1138347799169,-0.005001522689128543,-1.7830929372988118,557.3821053563897,-257.04048522597446
955.2669541537526,-0.004999019355225278,-1.783858575662142,557.3497849577836,-257.19015463980367
955.7931476069297,-0.004990554182200861,-1.7864867896746792,557.2378434053953,-257.70430294412563
956.3193410601068,-0.004982319004642041,-1.789110609879644,557.1245520786267,-258.2181555177272
956.4724604339424,-0.00497996900104917,-1.7898733190379243,557.0913318304333,-258.36762777774254
956.6255798077781,-0.004977640994929578,-1.7906356704983253,557.0579976124176,-258.5170746629975
957.1517732609551,-0.0049698163114286235,-1.7932528012066657,556.9425770853325,-259.03045317182335
957.6779667141323,-0.004962282323498656,-1.7958658910988266,556.8258144133728,-259.54352809011914
957.831086087968,-0.004960148114426384,-1.796625548681773,556.7915854321067,-259.6927725816871
957.9842054618036,-0.004958041272737118,-1.7973848820549914,556.7572431072341,-259.8419910333741
958.5103989149807,-0.0049510183023487395,-1.7999919075745618,556.63836294347,-260.3545794641452
959.0365923681578,-0.004944351509851872,-1.802595331362328,556.5181477770092,-260.86685644799445
959.1897117419934,-0.004942482120090276,-1.8033522635810086,556.4829154503382,-261.0158672683999
959.3428311158291,-0.004940645733597447,-1.804108912585297,556.4475703601676,-261.16485138231053
959.8690245690061,-0.004934595383178206,-1.8067070376331071,556.3252485494057,-261.6766294284157
960.3952180221833,-0.004928968396906267,-1.809302090411857,556.2015982757168,-262.1880881316873
960.5483373960188,-0.004927414253178302,-1.8100566912367702,556.1653675435945,-262.3368593503754
960.7014567698545,-0.00492589883256241,-1.8108110575623388,556.1290245721013,-262.48560319062466
961.2276502230316,-0.0049209952809519215,-1.813401721617982,556.0032774559355,-262.9965504067295
961.7538436762087,-0.004916583244851375,-1.8159899347729909,555.8762076968501,-263.5071702970264
961.9069630500444,-0.004915395501242108,-1.816742667164802,555.8389829634101,-263.6556959200701
962.0600824238801,-0.004914252269917753,-1.8174952216001632,555.8016464488005,-263.80419348319674
962.5862758770571,-0.004910672007440151,-1.8200801024801496,555.6724884172726,-264.3142891591052
963.1124693302343,-0.0049076513042094275,-1.8226632466676642,555.5420127253306,-264.8240493873785
963.2655887040698,-0.0049068811123829876,-1.8234146433080425,555.5037977704442,-264.9723233187481
963.4187080779055,-0.004906161059853056,-1.824165926328502,555.4654714167416,-265.1205684946383
963.9449015310826,-0.004904077560029223,-1.8267469406522385,555.3329146049205,-265.6297915184044
964.4710949842597,-0.004902617653089444,-1.8293270227172531,555.1990441619869,-266.1386707783929
964.6242143580954,-0.004902313329148878,-1.8300776842318958,555.1598420542086,-266.2866867784311
964.7773337319311,-0.004902064260622716,-1.8308283037975799,555.1205288446257,-266.43467330854986
965.3035271851081,-0.004901637335836853,-1.8334075957776186,554.9845828390328,-266.94300202131404
965.8297206382853,-0.004901890429579429,-1.8359868420232777,554.8473261712649,-267.45097840248945
965.9828400121208,-0.004902094706738891,-1.8367374310993734,554.8071391868981,-267.59873004488225
966.1359593859565,-0.004902358641733741,-1.8374880563721727,554.7668413039119,-267.7464514791734
966.6621528391336,-0.004903727158671357,-1.8400679735470915,554.6275128764738,-268.25386352678487
967.1883462923107,-0.004905823160488366,-1.842648802225552,554.4868756028607,-268.7609143660408
967.3414656661463,-0.004906572085402806,-1.8434000351673776,554.4457051557573,-268.90839499476147
967.494585039982,-0.004907384228334251,-1.8441513878876161,554.4044239122858,-269.05584464865734
968.020778493159,-0.004910662429433151,-1.8467344503504937,554.2617167946154,-269.56231683459345
968.5469719463362,-0.00491470402145841,-1.8493194386269796,554.1177014188307,-270.0684185705909
968.7000913201719,-0.004916025091674089,-1.8500720752229556,554.0755480032826,-270.21562125786096
968.8532106940075,-0.004917411789721693,-1.850824919273792,554.0332837872178,-270.3627921704358
969.3794041471846,-0.004922680858943813,-1.8534137810741462,553.8871984930767,-270.86830031368766
969.9055976003617,-0.004928733628649194,-1.8560056216132592,553.7398042480099,-271.3734283481057
970.0587169741973,-0.004930642793685634,-1.8567604514899334,553.6966673979944,-271.5203458547912
970.211836348033,-0.004932618546025221,-1.8575155788117101,553.6534196335946,-271.66723074955684
970.73802980121,-0.004939916863705422,-1.8601129760959616,553.5039533435236,-272.1717495533325
971.2642232543872,-0.004948001170164403,-1.8627144204982686,553.3531761044721,-272.67587812569553
971.4173426282227,-0.004950500915023173,-1.8634722458987472,553.3090543740849,-272.8225028661859
971.5704620020584,-0.00495306666087889,-1.86423045898967,553.264821505031,-272.96909411659635
972.0966554552355,-0.004962385638298423,-1.8668391482799787,553.1119680287476,-273.4725970548768
972.6228489084126,-0.004972474345950372,-1.8694529436686986,552.9578003083211,-273.9756991375462
972.7759682822483,-0.004975553245294361,-1.870214560825227,552.9126912765047,-274.1220231508822
972.929087656084,-0.004978695936767305,-1.8709766540342643,552.8674707734307,-274.26831275224583
973.455281109261,-0.0049899781603995556,-1.8735993473961334,552.7112205971714,-274.7707719794361
973.9814745624382,-0.00500199383727322,-1.8762281703593602,552.5536516262547,-275.27281919733804
974.1345939362737,-0.00500562549757377,-1.876994349969301,552.5075519267418,-275.4188341258424
974.2877133101094,-0.005009316978556977,-1.877761089809136,552.4613403200933,-275.5648136748855
974.8139067632865,-0.0050224519844668265,-1.8804003857518787,552.3016807420638,-276.066199962971
975.3401002164636,-0.0050362627871981865,-1.883046771048669,552.1406966408836,-276.56716254285624
975.4932195902992,-0.005040404799395729,-1.8838182371245336,552.0936020188005,-276.71285961976577
975.6463389641349,-0.005044600861038812,-1.884590340981319,552.046394958541,-276.85852030338197
976.1725324173119,-0.005059423083936172,-1.8872486504036314,551.8833103180883,-277.35880301208795
976.698725870489,-0.005074842873757383,-1.8899149164004942,551.7188943626022,-277.85864976685707
976.8518452443247,-0.005079437313349695,-1.8906923246403116,551.6707997589864,-278.0040198145151
977.0049646181604,-0.005084078379523062,-1.8914704392295074,551.6225921022244,-278.14935240921335
977.5311580713375,-0.005100370751352755,-1.89414991250095,551.4560641044915,-278.64849949384575
978.0573515245146,-0.0051171638591515495,-1.896838090453779,551.2881970864904,-279.1471978456387
978.2104708983502,-0.005122138749304313,-1.8976220081638975,551.2390967495492,-279.2922312851103
978.3635902721859,-0.005127151336448011,-1.8984066896685097,551.1898826746341,-279.43722616793696
978.8897837253629,-0.005144650027566132,-1.9011091500176047,551.0198908038077,-279.9352042269432
979.4159771785401,-0.005162535632177121,-1.9038209198590774,550.8485514758586,-280.4327202703475
979.5690965523758,-0.005167806161649391,-1.9046118076919396,550.7984390961946,-280.57740714277264
979.7222159262114,-0.005173104110059555,-1.9054035036938866,550.748212240475,-280.72205431400585
980.2484093793885,-0.005191503001907689,-1.9081303865609913,550.5747342520772,-281.218828677253
980.7746028325656,-0.005210160424477415,-1.9108670188231172,550.3998998479267,-281.71512728358533
980.9277222064012,-0.005215630726701969,-1.9116652144217432,550.348768715038,-281.85945728354176
981.0808415802369,-0.005221117098963748,-1.912464247831695,550.2975223335526,-282.0037464014075
981.6070350334139,-0.005240075452949308,-1.9152165481007608,550.1205348159266,-282.49928125981387
982.1332284865911,-0.0052591534790204925,-1.917978855616909,549.9421816351361,-282.994326222519
982.2863478604266,-0.005264719632672684,-1.9187845605249148,549.8900248115403,-283.1382887432504
982.4394672342623,-0.005270289805561904,-1.919591116951389,549.8377519528036,-283.28220917043774
982.9656606874394,-0.00528944328157207,-1.9223693492774037,549.6572309428998,-283.7764677454728
983.4918541406165,-0.0053085712808736635,-1.9251576533342598,549.4753349823978,-284.27022196407876
983.6449735144522,-0.005314124469290498,-1.9259709242479606,549.4221454899289,-284.41380615364636
983.7980928882879,-0.0053196692573667615,-1.9267850437269476,549.368839183227,-284.5573470146065
984.3242863414649,-0.005338640317327751,-1.9295892176732576,549.1847608168443,-285.05029176373444
984.8504797946421,-0.005357438370813711,-1.9324033285496798,548.9992984292232,-285.54271746197537
985.0035991684776,-0.00536286782123995,-1.9332240726487402,548.9450694416953,-285.6859122890107
985.1567185423133,-0.005368276435997768,-1.9340456454318364,548.8907228901247,-285.829062536702
985.6829119954904,-0.005386684827091514,-1.9368752544907122,548.7030640672042,-286.32065539007607
986.2091054486675,-0.005404774948099182,-1.9397144661886456,548.5140126267241,-286.8117143632523
986.3622248225031,-0.005409971382799611,-1.9405424407311118,548.4587376634469,-286.9545086908114
986.5153441963388,-0.005415134963048604,-1.9413712074127711,548.4033444371489,-287.09725718134706
987.0415376495158,-0.005432610484680803,-1.9442252337289356,548.2120834826214,-287.5874598040363
987.567731102693,-0.005449629945900929,-1.9470883355621706,548.0194220384478,-288.0771136891004
987.7208504765287,-0.0054544894858752,-1.9479231525885423,547.9630951523854,-288.21949635455223
987.8739698503643,-0.005459304974524126,-1.9487587093985017,547.9066493756806,-288.36183192760524
988.4001633035414,-0.005475500315206709,-1.9516356464018327,547.7117666734945,-288.8506059993916
988.9263567567185,-0.005491113534187819,-1.9545209521330873,547.5154765672313,-289.3388165590833
989.0794761305541,-0.005495540941702424,-1.9553620880949938,547.4580925211409,-289.48077645740625
989.2325955043898,-0.005499914251886938,-1.9562038970187883,547.4005890469408,-289.62268801972414
989.7587889575668,-0.0055145153332857594,-1.9591017877630321,547.2020676252662,-290.10999552330264
990.284982410744,-0.005528423700389367,-1.9620071792498521,547.0021330522555,-290.59672493519923
990.4381017845795,-0.005532335201043734,-1.9628539886686955,546.9436874771641,-290.7382511030623
990.5912211584152,-0.005536184034499153,-1.963701391542482,546.8851220431526,-290.8797277124724
991.1174146115923,-0.0055489198746426814,-1.9666178804628427,546.6829480927572,-291.3655312211057
991.6436080647694,-0.005560871942874036,-1.9695408646910815,546.47935659015,-291.85074236255275
991.7967274386051,-0.005564198261721335,-1.9703925977701178,546.4198461213301,-291.99182406050517
991.9498468124408,-0.005567455152821068,-1.9712448343513964,546.3602154831037,-292.13285500770525
992.4760402656178,-0.005578108188109183,-1.9741772329446519,546.154378792338,-292.617117962707
993.002233718795,-0.005587909165572335,-1.9771150129217063,545.9471216373273,-293.10077468150035
993.1553530926305,-0.005590598018122089,-1.9779708370921822,545.8865440229373,-293.2414014712277
993.3084724664662,-0.005593212678470408,-1.9788270669705494,545.8258460593029,-293.3819763562944
993.8346659196433,-0.005601625517532239,-1.9817724315528076,545.6163403497237,-293.8646633237067
994.3608593728204,-0.005609142149313181,-1.9847219871266986,545.4054128535768,-294.3467306840878
994.513978746656,-0.0056111593381409025,-1.985581010999486,545.34376703223,-294.4868924978001
994.6670981204917,-0.0056130996447557,-1.9864403377151332,545.2820008191524,-294.6270012985402
995.1932915736687,-0.005619177803815169,-1.9893955532848189,545.0688239717608,-295.10807819572113
995.7194850268459,-0.0056243405391355455,-1.9923537262970183,544.8542256625858,-295.58852269131893
995.8726044006816,-0.00562567056325761,-1.9932150246410065,544.7915118083189,-295.7282098910033
996.0257237745172,-0.005626923166918996,-1.9940765207586515,544.7286776601843,-295.86784302094185
996.5519172276943,-0.005630637398813076,-1.9970383879425133,544.5118318288457,-296.34727730583876
997.0781106808714,-0.005633442847576565,-2.000001970433013,544.2935665208358,-296.82606703263417
997.231230054707,-0.00563408959581755,-2.000864610088415,544.2297860549197,-296.96527045717136
997.3843494285427,-0.005634660555161437,-2.0017273432023046,544.1658855325811,-297.10441881117225
997.9105428817197,-0.005636048140740685,-2.0046926682376,543.945377142814,-297.58217962729645
998.4367363348969,-0.00563655838200809,-2.007658492584924,543.7234528905295,-298.05928440966187
998.5898557087326,-0.005636544445144077,-2.0085215585734986,543.6586084598453,-298.1979954078233
998.7429750825683,-0.005636458329808336,-2.0093846172954652,543.5936443453108,-298.3366503934126
999.2691685357453,-0.00563561838924492,-2.012350299918527,543.3694839794265,-298.81270866448995
999.7953619889224,-0.005633954346683956,-2.0153153237518238,543.1439129211219,-299.2881001296117
999.948481362758,-0.005633318830016509,-2.0161779432806117,543.0780083449737,-299.4263105778968
1000.1016007365937,-0.005632616463137182,-2.0170404609173533,543.0119845849064,-299.5644641313901
1000.6277941897707,-0.005629702006475887,-2.0200035730052974,542.7841867633423,-300.0387926037773
1001.1539876429479,-0.00562603577785855,-2.022964953736484,542.5549848661037,-300.5124442040865
1001.3071070167834,-0.005624832229675191,-2.0238263171353856,542.4880250555864,-300.65014650952764
1001.4602263906191,-0.005623568688820344,-2.024687492313468,542.4209466778506,-300.7877910971673
1001.9864198437962,-0.0056187804323621325,-2.027645346622612,542.1895295515832,-301.26036433108834
1002.5126132969733,-0.005613329540644523,-2.0306005070453867,541.9567162729022,-301.732251315957
1002.665732670809,-0.005611624242950074,-2.0314598862992206,541.8887071268902,-301.8694384042281
1002.8188520446447,-0.005609867070173325,-2.0323190012186987,541.8205801341293,-302.00656700865574
1003.3450454978217,-0.0056034461883425314,-2.0352692118289815,541.5855651011332,-302.47736131924995
1003.8712389509989,-0.005596464347328454,-2.0382158962267543,541.349162979555,-302.947460657108
1004.0243583248345,-0.005594333201762845,-2.039072660337891,541.2801112610722,-303.08412594637787
1004.1774776986701,-0.005592159142659682,-2.0399290956521696,541.2109425051889,-303.2207320389627
1004.7036711518472,-0.005584375078747788,-2.0428696250310847,540.9723537656554,-303.689725389841
1005.2298646050243,-0.005576139226840976,-2.045805939622586,540.7323879577565,-304.15801564505205
1005.3829839788599,-0.005573663975741196,-2.0466595650785866,540.6623011562956,-304.2941530071918
1005.5361033526956,-0.005571155236970701,-2.047512809800108,540.5920981995977,-304.43023050796603
1006.0622968058726,-0.005562293563680459,-2.0504419985851063,540.3499622710208,-304.8974023642703
1006.5884902590498,-0.0055530932338360125,-2.0533664353162027,540.1064600567877,-305.36386353678256
1006.7416096328855,-0.0055503587240293755,-2.054216512001788,540.0353462429854,-305.4994672483617
1006.8947290067211,-0.0055476003752597015,-2.055066169000078,539.9641172123312,-305.6350104760036
1007.4209224598982,-0.005537954769913973,-2.05798275211752,539.7184624251087,-306.1003416251571
1007.9471159130753,-0.005528084616078212,-2.060894200702602,539.4714527001728,-306.5649549605306
1008.1002352869109,-0.005525176568315178,-2.061740434679318,539.3993203777093,-306.700019645652
1008.2533546607466,-0.00552225424038217,-2.062586223104947,539.3270738163413,-306.8350232595153
1008.7795481139236,-0.005512117716636449,-2.065489335231043,539.077929804759,-307.2984956061751
1009.3057415671008,-0.005501867525731871,-2.0683870836792466,538.8274425734324,-307.7612433824416
1009.4588609409363,-0.005498869419692952,-2.0692292963196133,538.7543005322344,-307.89576394937563
1009.611980314772,-0.005495866149721348,-2.070071050267616,538.6810452534289,-308.0302228855889
1010.1381737679491,-0.005485520116911961,-2.072960217473201,538.4284424570768,-308.4918192284612
1010.6643672211262,-0.0054751643820724035,-2.0758439381114817,538.1745083424958,-308.95268452855635
1010.8174865949619,-0.005472154644080681,-2.0766820610146133,538.100365518204,-309.0866561029179
1010.9706059687976,-0.005469148184728122,-2.0775197240264287,538.0261104657418,-309.22056550735124
1011.4967994219746,-0.005458854495849684,-2.0803948420047145,537.7700796585195,-309.6802693077656
1012.0229928751518,-0.005448646443746869,-2.083264566042057,537.5127294460655,-310.13923578733903
1012.1761122489874,-0.005445697075578054,-2.084098633093242,537.4375947901149,-310.2726536445448
1012.329231622823,-0.005442758643511645,-2.084932250006993,537.3623489097226,-310.4060088053145
1012.8554250760001,-0.005432755838166774,-2.0877935547785658,537.1029207688132,-310.86380395593835
1013.3816185291772,-0.00542292381087437,-2.090649641070597,536.8421849923682,-311.3208556137034
1013.5347379030129,-0.005420099230842935,-2.0914797789979858,536.7660673549518,-311.4537151125669
1013.6878572768486,-0.005417292292988664,-2.0923094863189173,536.6898394788152,-311.5865113938571
1014.2140507300256,-0.005407790913640313,-2.095157519589712,536.4270441999449,-312.0423819933071
1014.7402441832028,-0.0053985332298918005,-2.0980006174124104,536.1629527767491,-312.4975029495659
1014.8933635570384,-0.005395888755770753,-2.0988270344346094,536.0858608043945,-312.62979946872844
1015.046482930874,-0.005393267541400909,-2.099653048762348,536.0086595505113,-312.7620322476662
1015.5726763840511,-0.005384445470384761,-2.102488616466729,535.7425265160277,-313.215962387344
1016.0988698372282,-0.005375926918110415,-2.1053196219098838,535.4751084369932,-313.66913667737265
1016.2519892110638,-0.005373508049568434,-2.106142594730136,535.3970504867424,-313.800865556544
1016.4051085848995,-0.0053711169738341205,-2.1069651996547742,535.3188841750435,-313.93253016508186
1016.9313020380765,-0.005363118679669309,-2.1097893265301364,535.0494416806727,-314.38450373462257
1017.4574954912537,-0.005355471302194487,-2.1126093370805035,534.7787247602507,-314.8357151224195
1017.6106148650894,-0.005353314170920162,-2.1134291977884763,534.6997088311838,-314.9668716097945
1017.763734238925,-0.005351188337720057,-2.114248730857082,534.6205854169702,-315.09796328285586
1018.2899276921021,-0.005344126667602597,-2.117062616285204,534.3478604574709,-315.54796379756135
1018.8161211452792,-0.005337451310450079,-2.1198728875464163,534.073871141165,-315.9971956121018
1018.9692405191148,-0.005335583019226598,-2.120690011170414,533.9939048224134,-316.1277748183863
1019.1223598929505,-0.005333748527550081,-2.1215068514882205,533.9138318461598,-316.2582886486553
1019.6485533461275,-0.005327705528131148,-2.1243118271681536,533.6378499563518,-316.7062991000174
1020.1747467993047,-0.005322072631682513,-2.1271137309581025,533.3606131824209,-317.15353409507213
1020.3278661731403,-0.005320511541986189,-2.1279285233492513,533.2797036167518,-317.28353095446937
1020.480985546976,-0.005318985819255971,-2.128743079517805,533.1986881693986,-317.41346185418377
1021.007179000153,-0.00531401443411555,-2.1315405684977753,532.9194733177773,-317.8594645848312
1021.5333724533301,-0.0053094667830449705,-2.1343355530504766,532.6390124302854,-318.30468482357907
1021.6864918271658,-0.005308223549694642,-2.1351484396008487,532.5571662923513,-318.43409406202693
1021.8396112010015,-0.00530701648124663,-2.1359611385987076,532.475214995101,-318.5634367320191
1022.3658046541785,-0.005303145096652436,-2.1387526185567634,532.192789525891,-319.0074133353896
1022.8919981073557,-0.00529970294580946,-2.1415421743475846,531.9091262335573,-319.4506000991499
1023.0451174811913,-0.00529878203319559,-2.142353590567285,531.8263497208907,-319.5794162094017
1023.198236855027,-0.0052978974607785535,-2.143164868551969,531.7434687174784,-319.708165114892
1023.724430308204,-0.005295134727638228,-2.145951841874632,531.4578533333248,-320.1500963573118
1024.2506237613811,-0.005292800067276755,-2.148737474089748,531.171007705642,-320.59123007543013
1024.4037431352167,-0.005292200876712281,-2.149547858002733,531.0873065398764,-320.71944729805244
1024.5568625090523,-0.005291637695744933,-2.1503581528791305,531.0035014988081,-320.8475966502625
1025.0830559622295,-0.0052899761293547795,-2.1531421223470395,530.7147152758699,-321.2874624123203
1025.6092494154066,-0.005288736267170597,-2.1559253284585873,530.4247057689411,-321.72652261032584
1025.7623687892421,-0.005288454222340556,-2.156735114430741,530.3400852052121,-321.8541349198341
1025.9154881630777,-0.005288207494562734,-2.1575448598500357,530.2553613299713,-321.98167866265226
1026.441681616255,-0.005287627649002792,-2.160327309387056,529.9634217588089,-322.41945789729414
1026.967875069432,-0.005287459899630466,-2.163109562234295,529.6702652643943,-322.8564231606477
1027.1209944432678,-0.005287487902644382,-2.1639191765270667,529.5847301069848,-322.98342425594006
1027.2741138171034,-0.0052875503330985325,-2.1647287976606435,529.49909215224,-323.11035605676886
1027.8003072702807,-0.005288025870289692,-2.167511179563514,529.2040151973758,-323.5460267607613
1028.3265007234577,-0.00528890227973457,-2.170293917159117,528.9077271075256,-323.9808747103245
1028.4796200972933,-0.005289231958357862,-2.1711037754211806,528.8212817294564,-324.10725800820023
1028.6327394711288,-0.005289595079600334,-2.1719136866357798,528.7347340209628,-324.23357125174476
1029.158932924306,-0.0052910963013337135,-2.1746974148480946,528.4365341912671,-324.6671104461771
1029.6851263774831,-0.005292986468703826,-2.177482035323779,528.1371284712202,-325.09981772123086
1029.8382457513187,-0.0052936088870374496,-2.178292541380623,528.0497768358256,-325.22557635185615
1029.9913651251543,-0.005294263736531474,-2.179103145137971,527.962323292144,-325.3512641357595
1030.5175585783315,-0.005296759747315225,-2.1818895922094477,527.6610137163458,-325.7826478522153
1031.0437520315086,-0.005299632920066809,-2.1846774518955354,527.3585029810145,-326.21319009819496
1031.1968714053442,-0.005300539210872717,-2.1854889973959555,527.2702486643099,-326.3383169017808
1031.3499907791797,-0.005301476975382684,-2.186300683997366,527.1818928192017,-326.46337203339937
1031.876184232357,-0.005304938054981423,-2.1890911810035734,526.8774853228911,-326.8925753034911
1032.402377685534,-0.005308765595748842,-2.1918835956219382,526.5718809134999,-327.3209271621778
1032.5554970593696,-0.005309947667704589,-2.1926965606314512,526.4827271263375,-327.4454146861926
1032.7086164332052,-0.005311160365931209,-2.193509708914192,526.3934721508331,-327.5698296798211
1033.2348098863824,-0.005315559978806529,-2.1963055485919685,526.085977331414,-327.9968265256001
1033.7610033395595,-0.005320316706663944,-2.1991037972730174,525.7772893888152,-328.4229616252167
1033.914122713395,-0.005321767481545289,-2.199918551557938,525.6872389978573,-328.54680212140335
1034.0672420872306,-0.0053232481406408245,-2.2007335302111253,525.5970877210643,-328.6705691952417
1034.5934355404079,-0.005328563094221268,-2.203535971581569,525.2865150179358,-329.09533261832274
1035.119628993585,-0.005334226916196633,-2.206341301431921,524.9747525507632,-329.5192235619436
1035.2727483674207,-0.0053359401542221125,-2.207158205738379,524.8838080979406,-329.64240898280804
1035.4258677412563,-0.005337682615368871,-2.2079753745572446,524.7927630263451,-329.7655200553933
1035.9520611944336,-0.005343892338145142,-2.2107856469876954,524.4791207860651,-330.18802202427275
1036.4782546476106,-0.005350443561859838,-2.213599276781394,524.1642917342356,-330.60964037654935
1036.6313740214462,-0.005352413690298875,-2.214418683842423,524.07245545494,-330.7321623713991
1036.7844933952817,-0.005354412447797425,-2.2152383947094516,523.9805187904763,-330.8546090576024
1037.310686848459,-0.005361498512221053,-2.218057701126797,523.6638143279725,-331.27482049360043
1037.836880301636,-0.005368919327699098,-2.2208808242567555,523.3459256226198,-331.69413676628125
1037.9899996754716,-0.005371141252567255,-2.2217030795988575,523.2531994629229,-331.8159866769395
1038.1431190493072,-0.005373391237101728,-2.2225256772573356,523.1603731201006,-331.9377602836534
1038.6693125024844,-0.005381336323882751,-2.225355196496022,522.8406127768761,-332.35565104590376
1039.1955059556615,-0.005389609304393254,-2.228188982655123,522.5196703977689,-332.77263468267614
1039.348625329497,-0.005392077884747375,-2.2290144249272075,522.4260560310242,-332.8938035390711
1039.5017447033326,-0.005394573906719937,-2.2298402472284606,522.3323416535042,-333.01489506081344
1040.02793815651,-0.0054033596843990304,-2.2326811341785775,522.009530854524,-333.43043393136304
1040.554131609687,-0.005412465457570551,-2.235526728337155,521.6855398872091,-333.8450532935544
1040.7072509835225,-0.005415174809871392,-2.2363556887773797,521.5910387307989,-333.9655318097243
1040.860370357358,-0.00541791086038255,-2.2371850660426666,521.4964377082179,-334.0859319247389
1041.3865638105353,-0.005427515616308051,-2.2400384486445644,521.1705810204918,-334.4990865960026
1041.9127572637124,-0.005437430583105774,-2.2428969668216125,520.8435457164404,-334.9113089516794
1042.0658766375482,-0.005440373440865074,-2.2437297678036643,520.7481589496423,-335.031087522969
1042.2189960113838,-0.005443342058391831,-2.2445630212725574,520.6526724356627,-335.15078659060566
1042.745189464561,-0.005453738552626053,-2.2474299944580727,520.3237736318301,-335.56152365790496
1043.271382917738,-0.005464432715697439,-2.2503025165264847,519.9936974747641,-335.9713151771111
1043.4245022915736,-0.005467599779115633,-2.2511394692506403,519.8974260586285,-336.09038387935215
1043.5776216654092,-0.005470791388448665,-2.2519769086709855,519.8010549910964,-336.209371939523
1044.1038151185865,-0.005481944486020895,-2.2548585252890105,519.469117120984,-336.6176569014592
1044.6300085717635,-0.005493378949411853,-2.2577460846203854,519.1360029023325,-337.0249826604361
1044.783127945599,-0.005496758135957364,-2.2585874858496284,519.0388476024406,-337.14333125196697
1044.9362473194346,-0.005500160292110583,-2.259429406098952,518.9415927265263,-337.26159802754773
1045.462440772612,-0.005512024324553152,-2.262326664411684,518.6066181997559,-337.6673952973364
1045.988634225789,-0.00552414862253397,-2.265230233975625,518.2704681064212,-338.0722192950503
1046.1417535996245,-0.005527724289046016,-2.2660763617257524,518.1724295194635,-338.1898372225809
1046.29487297346,-0.005531320900400947,-2.2669230383830357,518.0742914147299,-338.30737212577685
1046.8210664266373,-0.005543837015913251,-2.2698368659433275,517.7362820976418,-338.71064505713724
1047.3472598798144,-0.005556586519562474,-2.2727573408053137,517.3970978153162,-339.1129302478295
1047.50037925365,-0.005560338723008679,-2.273608448997058,517.2981764004238,-339.2298066572464
1047.6534986274855,-0.005564109320253111,-2.274460132882753,517.1991555127466,-339.34659880102424
1048.1796920806628,-0.005577203047636082,-2.27739136693184,516.8581128427331,-339.74730973244084
1048.7058855338398,-0.005590496659061386,-2.280329543403389,516.5158956777078,-340.1470180780232
1048.8590049076754,-0.005594400512334034,-2.2811858555707234,516.4160917933559,-340.2631418312445
1049.012124281511,-0.005598319615649294,-2.2820427663572382,516.3161884724974,-340.37918004693637
1049.5383177346882,-0.005611898777575167,-2.284992131147782,515.9721135923521,-340.7772903680516
1050.0645111878653,-0.0056256369621642925,-2.2879486830427713,515.6268646141742,-341.1743829140346
1050.217630561701,-0.005629662080588382,-2.288810385232248,515.5261785612937,-341.28974261297134
1050.3707499355367,-0.005633698653671327,-2.2896727042587623,515.4253931047443,-341.4050154751003
1050.896943388714,-0.0056476515282328004,-2.2926407857344144,515.0782870189774,-341.80048571878604
1051.423136841891,-0.005661714522906799,-2.295616238093553,514.7300072256737,-342.1949226972124
1051.5762562157265,-0.005665824509398088,-2.2964834710423903,514.6284392974326,-342.3095067158349
1051.729375589562,-0.005669941449990888,-2.2973513334155933,514.5267720009663,-342.42400257515527
1052.2555690427394,-0.0056841350773007525,-2.3003385514734664,514.176635755508,-342.8167925386686
1052.7817624959164,-0.00569838138243909,-2.303333251984469,513.8253262626367,-343.20853350143364
1052.934881869752,-0.005702533441584201,-2.304206102659757,513.722876801228,-343.3223300269214
1053.0880012435875,-0.005706687225574056,-2.3050795887375877,513.6203280164902,-343.4360370526492
1053.6141946967648,-0.005720966460621849,-2.3080861676008357,513.2671629027254,-343.82610595115085
1054.1403881499418,-0.0057352323358311865,-2.311100256589151,512.9128251568592,-344.2151099367861
1054.2935075237774,-0.005739377213262067,-2.3119787494170247,512.8094946173867,-344.3281070206028
1054.446626897613,-0.00574351786777066,-2.3128578760304355,512.7060648165626,-344.44101325264415
1054.9728203507902,-0.0057577055311371665,-2.3158838141061184,512.3498725994839,-344.8283199075735
1055.4990138039673,-0.005771805447328202,-2.3189171945513842,511.9925086153008,-345.214545643519
1055.6521331778029,-0.005775887603719808,-2.319801282744515,511.88829763640655,-345.32673126290416
1055.8052525516384,-0.005779958897464369,-2.320685994552128,511.7839874835678,-345.438824674536
1056.3314460048157,-0.005793856498269602,-2.323731034956605,511.4247706523208,-345.8233277381206
1056.8576394579927,-0.005807583977946967,-2.326783343429327,511.06438327114876,-346.20673387938496
1057.0107588318285,-0.0058115418576062785,-2.3276729006157675,510.95929275169283,-346.31809600946957
1057.163878205664,-0.005815481588810291,-2.32856306177743,510.85410318010594,-346.42936458065543
1057.6900716588414,-0.0058288705366899875,-2.331626664088594,510.4918652183277,-346.8110227970417
1058.2162651120184,-0.005841999875886698,-2.33469724327428,510.1284583853,-347.19156820149084
1058.369384485854,-0.005845766534635381,-2.335592055685623,510.0224895662132,-347.3020948980517
1058.5225038596896,-0.00584950721955806,-2.336487442152509,509.9164218606992,-347.4125266993751
1059.0486973128668,-0.005862151688970468,-2.3395687568248333,509.55116753320226,-347.7912992019954
1059.5748907660438,-0.005874441523000361,-2.342656631630771,509.1847465889297,-348.16894324121745
1059.7280101398794,-0.005877945784334692,-2.343556391520064,509.07790113889837,-348.27862273360836
1059.881129513715,-0.0058814158560141425,-2.3444566846302166,508.9709570218343,-348.3882060202854
1060.4073229668923,-0.005893067172523423,-2.347554532451928,508.60269267222105,-348.76405266299105
1060.9335164200693,-0.005904265128086037,-2.350658391842325,508.2332646527676,-349.13875556534305
1061.0866357939049,-0.005907432959134372,-2.351562692664932,508.1255447558096,-349.2475763584507
1061.2397551677404,-0.005910558150209406,-2.3524674745347243,508.01772647478,-349.3562996732079
1061.7659486209177,-0.005920959525787465,-2.3555803323932425,507.64646032685994,-349.72918139057333
1062.2921420740947,-0.005930807020184943,-2.358698517663166,507.2740342646261,-350.1009046113197
1062.4452614479303,-0.005933562957139585,-2.35960685114056,507.16544270738666,-350.2088555949971
1062.5983808217659,-0.005936267753705852,-2.3605156019515707,507.0567531223102,-350.3167078782374
1063.1245742749431,-0.005945159624798811,-2.3636415952630565,506.68249557786487,-350.68658706945894
1063.6507677281202,-0.005953397873152461,-2.366772095452893,506.3070827958602,-351.05529368206317
1063.8038871019558,-0.00595566692122585,-2.3676838508494686,506.19762305241045,-351.1623642462249
1063.9570064757913,-0.005957876524672517,-2.3685959484205164,506.08806571989993,-351.269334951616
1064.4831999289686,-0.005965003757139019,-2.3717328520582135,505.7108296447754,-351.63617588106223
1065.0093933821456,-0.0059713815151868415,-2.3748733088147054,505.3324440356628,-352.00183098173846
1065.1625127559814,-0.00597309146902105,-2.3757877751316143,505.22212034715983,-352.10801113461577
1065.315632129817,-0.005974734132947998,-2.3767024974646658,505.1116995994173,-352.21409034750593
1065.8418255829943,-0.0059798540655551366,-2.3798477472547788,504.73150058827764,-352.5778595523293
1066.3680190361713,-0.0059841355071933765,-2.382995470515679,504.35015886811055,-352.94043066738544
1066.5211384100069,-0.0059852191771410535,-2.3839118418292533,504.2389763143493,-353.04571115376376
1066.6742577838424,-0.005986228402735594,-2.3848283727860573,504.1276973296272,-353.1508897092097
1067.2004512370197,-0.005989118123008567,-2.387979087509934,503.7445539393021,-353.5115564027733
1067.7266446901967,-0.0059910898571916334,-2.391131081266563,503.3602758663008,-353.87101388741155
1067.8797640640323,-0.005991487092059565,-2.392048464911866,503.2482404264608,-353.97538630357366
1068.032883437868,-0.005991803657618079,-2.3929659027099945,503.13610928844554,-354.07965590071086
1068.5590768910452,-0.005992267130323641,-2.3961189156970053,502.750043231201,-354.437192360702
1069.0852703442222,-0.005991745607956092,-2.399271913411338,502.36285178140224,-354.79350977817
1069.2383897180578,-0.005991405510132529,-2.4001893410276787,502.2499703816837,-354.8969666802915
1069.3915090918933,-0.005990979700711204,-2.401106709624541,502.13699412551296,-355.0003199897712
1069.9177025450706,-0.005988855506835927,-2.4042586105081503,501.7480304144289,-355.3547019194754
1070.4438959982476,-0.005985694688144696,-2.4074091209222517,501.35795190642745,-355.70785638857535
1070.5970153720832,-0.00598457779551273,-2.40832556253944,501.24423245231105,-355.8103913909851
1070.7501347459188,-0.005983371551226938,-2.4092418260459376,501.1304190949686,-355.9128221518604
1071.276328199096,-0.00597853990163777,-2.4123890127424534,500.73858613379593,-356.2640290019547
1071.802521652273,-0.005972637554029767,-2.4155333753594412,500.34565029534895,-356.61400150018625
1071.9556410261089,-0.005970717511064745,-2.4164477561462516,500.23110168648975,-356.7156093598195
1072.1087603999445,-0.005968706026255903,-2.4173618358251012,500.11646023965665,-356.8171124622344
1072.6349538531217,-0.00596109369869349,-2.42050057469322,499.7217898511517,-357.16512770092424
1073.1611473062987,-0.005952395573660705,-2.4236350223346506,499.326029822727,-357.5119033118154
1073.3142666801343,-0.00594966022387161,-2.424546241195705,499.21066194928017,-357.61257999569744
1073.46738605397,-0.005946832992960209,-2.425457034223772,499.0952024135357,-357.71315154629696
1073.9935795071472,-0.005936416619375104,-2.4285835256966677,498.69772980325814,-358.05796286783027
1074.5197729603242,-0.005924919305206073,-2.431704251750046,498.2991820766011,-358.4015309633795
1074.6728923341598,-0.0059213714472387165,-2.4326112011650993,498.1830057966031,-358.50127369665586
1074.8260117079953,-0.005917732983902993,-2.43351760058552,498.0667391366782,-358.600911064292
1075.3522051611726,-0.005904541247539732,-2.436628048525049,497.6665027917246,-358.9425105279322
1075.8783986143496,-0.0058902938902138016,-2.439731277328846,497.26520708363495,-359.2828648788521
1076.0315179881852,-0.005885951679569628,-2.4406328639921107,497.14823418161893,-359.38167217134105
1076.1846373620208,-0.005881521868093315,-2.4415337794090584,497.03117228293297,-359.48037401110355
1076.710830815198,-0.0058656362876270685,-2.444624462559497,496.6282138068233,-359.81875810418444
1077.237024268375,-0.005848740593122485,-2.4477065210637954,496.2242128700454,-360.15589691226654
1077.3901436422107,-0.005843637372287275,-2.448601686716648,496.1064559975801,-360.2537685620296
1077.5432630160462,-0.005838451215276006,-2.44949606509441,495.9886116048212,-360.35153481617385
1078.0694564692235,-0.005820004582250661,-2.4525634081228187,495.5829754917043,-360.68670443696703
1078.5956499224005,-0.005800612190577446,-2.455620795827689,495.17631486706205,-361.020630286461
1078.748769296236,-0.005794795527800925,-2.456508537323091,495.0577874666191,-361.11756735973887
1078.9018886700717,-0.005788902107186092,-2.457395382899692,494.93917410586323,-361.21439923497445
1079.428082123249,-0.0057680743731603114,-2.460436023491216,494.53090745993455,-361.5463595945241
1079.954275576426,-0.00574638208372749,-2.463465477203752,494.1216351767219,-361.8770793232242
1080.1073949502618,-0.005739912292841289,-2.464344864861025,494.0023513911097,-361.9730841112265
1080.2605143240974,-0.0057333732572523,-2.4652232572772603,493.88298327779785,-362.0689840329779
1080.7867077772746,-0.005710386189185144,-2.4682341066316993,493.4721354864327,-362.39774447885367
1081.3129012304516,-0.00568663048638835,-2.4712326581161306,493.0603017201834,-362.7252689729604
1081.4660206042872,-0.005679579027646264,-2.472102851952358,492.9402762902817,-362.82034492686546
1081.6191399781228,-0.005672466985691137,-2.472971962236088,492.82016822581136,-362.9153164719236
1082.1453334313,-0.005647578562350314,-2.4759502581264843,492.40679059596226,-363.24089023915457
1082.671526884477,-0.00562202965480113,-2.4789152841202235,491.99244729317167,-363.5652341576736
1082.8246462583127,-0.005614477290040422,-2.47977554780618,491.8716954467399,-363.6593858035901
1082.9777656321482,-0.005606873901627125,-2.4806346520387397,491.75086270644454,-363.7534336129502
1083.5039590853255,-0.0055803711563634575,-2.4835780034242423,491.3350080738648,-364.07583750866337
1084.0301525385025,-0.005553324933412242,-2.486507266251493,490.9182085534522,-364.3970189446604
1084.1832719123381,-0.005545359226540573,-2.4873569781118827,490.79674588793443,-364.49025178087595
1084.3363912861737,-0.005537352652291998,-2.488205468045602,490.6752041034191,-364.58338145518746
1084.862584739351,-0.00550954260383325,-2.4911118884947623,490.25692642532715,-364.9026354861852
1085.388778192528,-0.005481311380094896,-2.4940035646686516,489.83772496804664,-365.2206755754861
1085.5418975663636,-0.005473024022326578,-2.4948422250855216,489.7155673307386,-365.31299595533284
1085.6950169401991,-0.005464706268412167,-2.4956796151433966,489.59333236996275,-365.4052139363812
1086.2212103933764,-0.005435907110528094,-2.498547543846051,489.1726863129148,-365.72134089198534
1086.7474038465534,-0.005406811373193582,-2.501400240591286,488.75113775037124,-366.0362633821784
1086.9005232203892,-0.005398295899645541,-2.5022274760108787,488.62830111926456,-366.1276783862856
1087.0536425942248,-0.005389760573972113,-2.50305340694398,488.5053889676417,-366.2189918282746
1087.579836047402,-0.005360294153701722,-2.505881718726799,488.0824295013688,-366.53201683118397
1088.106029500579,-0.00533065502160273,-2.508694480032265,487.658588814603,-366.84384762327215
1088.2591488744147,-0.005322004554710229,-2.5095100439804616,487.53508918265106,-366.93436492471346
1088.4122682482503,-0.005313344573255017,-2.5103242835329467,487.41151582785614,-367.0247815588294
1088.9384617014275,-0.005283528154761135,-2.5131122883839216,486.98629783396325,-367.33473159587277
1089.4646551546045,-0.005253658733156031,-2.515884590085741,486.5602197702289,-367.64349827065587
1089.6177745284401,-0.005244963416293331,-2.51668836087212,486.4360730355394,-367.733125996598
1089.7708939022757,-0.005236268436187377,-2.517490801097316,486.31185435852854,-367.8226539925169
1090.297087355453,-0.0052064059843600664,-2.5202382319428662,485.88443226277576,-368.1295574383809
1090.82328080863,-0.005176603084621825,-2.522969965029727,485.45617097928,-368.43528878125824
1090.9764001824656,-0.005167947805908579,-2.523761940082461,485.3313928437735,-368.5240353751858
1091.1295195563011,-0.005159302016004693,-2.5245525913366533,485.2065445185363,-368.6126832036104
1091.6557130094784,-0.0051296772453032265,-2.5272595809582215,484.7769719550636,-368.9165693515247
1092.1819064626554,-0.005100215350534334,-2.529951025071517,484.3465806973293,-369.2192948892552
1092.335025836491,-0.005091678144585494,-2.5307313126535256,484.22118657591733,-369.30716897755684
1092.4881452103266,-0.005083158716882359,-2.531510295067495,484.09572397992736,-369.39494527748906
1093.0143386635038,-0.0050540299789933575,-2.5341773450497946,483.6640534934462,-369.69584388887137
1093.5405321166809,-0.005025156213406174,-2.5368291347632943,483.231584313285,-369.9955934492257
1093.6936514905165,-0.005016806767237579,-2.537597943664727,483.1055892548412,-370.0826037151389
1093.846770864352,-0.005008482352839418,-2.5383654766058936,482.9795273914167,-370.16951716882784
1094.3729643175293,-0.004980077384333516,-2.5409934193347397,482.5458101811939,-370.46745805168723
1094.8991577707063,-0.004952006315970182,-2.543606503403153,482.11131369778127,-370.76426135559745
1095.0522771445421,-0.004943904501667064,-2.544364130570695,481.9847323188965,-370.8504164233199
1095.2053965183777,-0.004935833799255108,-2.545120520055002,481.85808575245386,-370.93647564169356
1095.731589971555,-0.004908345185813215,-2.5477104738480834,481.42237146139183,-371.2314882675059
1096.257783424732,-0.0048812550686099295,-2.5502860681557884,480.9858966685117,-371.5253745632915
1096.4109027985676,-0.004873450030357041,-2.5510328846498425,480.8587431008566,-371.6106828949804
1096.5640221724032,-0.00486568095491853,-2.5517785091654868,480.731525905828,-371.69589631623296
1097.0902156255804,-0.004839263937014942,-2.554331828733918,480.29386245684736,-371.98800948392
1097.6164090787574,-0.0048132953707555265,-2.556871365826633,479.855456577665,-372.27900723113925
1097.769528452593,-0.004805825263079793,-2.557607802025132,479.7277444291682,-372.363477038746
1097.9226478264286,-0.004798394723658797,-2.558343097696119,479.59997015271495,-372.4478528419163
1098.4488412796059,-0.004773166612604763,-2.5608613229449344,479.1604036322544,-372.7370943943431
1098.975034732783,-0.004748422135812716,-2.5633664005694654,478.7201120206087,-373.0252310014766
1099.1281541066185,-0.004741314019233041,-2.5640929311575946,478.59185435003184,-373.10887017445106
1099.281273480454,-0.004734247828920726,-2.5648183767186405,478.4635359880909,-373.19241620895775
1099.8074669336313,-0.004710287817495963,-2.5673031810218974,478.02211057490484,-373.4788128048828
1100.3336603868083,-0.00468683201908116,-2.569775510380795,477.57997666104944,-373.764114423333
1100.486779760644,-0.004680101970775479,-2.5704926393122656,477.4511859653283,-373.8469304728563
1100.6398991344795,-0.004673414998858571,-2.5712087410923212,477.3223359513434,-373.9296542046187
1101.1660925876567,-0.004650765066680214,-2.573661879938234,476.8790938882478,-374.2132311480023
1101.6922860408338,-0.004628626143224932,-2.576103234982839,476.43515916640524,-374.4957225237679
1101.8454054146696,-0.004622279843790071,-2.5768114808953553,476.3058473799218,-374.5777225437846
1101.9985247885052,-0.004615976659149741,-2.5775187583264874,476.17647758538675,-374.6596310181265
1102.5247182416824,-0.004594644199151144,-2.5799420203642436,475.7314591906197,-374.9404121448721
1103.0509116948595,-0.004573817102619145,-2.5823541903606797,475.28576324447505,-375.2201165269581
1103.204031068695,-0.004567850826956544,-2.583054073097596,475.15594174902117,-375.30130717152673
1103.3571504425306,-0.0045619267144609826,-2.583753045388269,475.02606349455505,-375.3824069922998
1103.8833438957079,-0.004541888170283369,-2.586148207850449,474.57930720802403,-375.6604146118357
1104.409537348885,-0.004522338422735408,-2.5885329547626625,474.1318877690236,-375.93735371394035
1104.5626567227205,-0.004516740174659611,-2.589224983353355,474.0015674129108,-376.0177411897591
1104.715776096556,-0.004511182282470643,-2.5899161576428935,473.87119148829527,-376.0980385134895
1105.2419695497333,-0.004492387178870651,-2.5922849469950084,473.42273394723514,-376.3732934007575
1105.7681630029103,-0.004474055040611257,-2.594643968291321,472.9736269801326,-376.64748741138
1105.921282376746,-0.004468805791982683,-2.5953286305436554,472.84281810482184,-376.727077484013
1106.0744017505815,-0.00446359438249398,-2.596012491685351,472.71195479637714,-376.8065780275661
1106.6005952037588,-0.004445969715618577,-2.5983565499942753,472.26183093482035,-377.0790994600449
1107.1267886569358,-0.004428774714779233,-2.6006914473626,471.8110707448609,-377.35056709532955
1107.2799080307714,-0.004423849749314565,-2.601369201210561,471.6797832174805,-377.42936510741964
1107.433027404607,-0.004418959553658945,-2.602046203325508,471.5484423411434,-377.5080741674449
1107.9592208577842,-0.004402414525889341,-2.604367060833821,471.0966855075813,-377.7778800010259
1108.4854143109612,-0.004386260290451204,-2.60667931527302,470.64430486369605,-378.0466385938582
1108.6385336847968,-0.004381630623016559,-2.6073505820085545,470.51254811380954,-378.124649493384
1108.7916530586324,-0.004377032263355425,-2.6080211419340715,470.38073905227884,-378.20257197557277
1109.3178465118096,-0.004361463177052199,-2.6103201962115317,469.9273811399023,-378.4696787523621
1109.8440399649867,-0.00434624228713111,-2.612611149747033,469.47341140834925,-378.7357443705595
1109.9971593388225,-0.004341876058391395,-2.613276309177909,469.3411944673672,-378.81297274702
1110.150278712658,-0.004337537431797106,-2.6139408018369097,469.20892620971983,-378.8901132030486
1110.6764721658353,-0.004322832334458132,-2.6162193034646175,468.7539977938325,-379.1545362837193
1111.2026656190124,-0.004308430749259079,-2.618490147219425,468.2984690770465,-379.417923869934
1111.355784992848,-0.0043042944640914,-2.6191495346298237,468.16580061879966,-379.4943739963247
1111.5089043666835,-0.004300181957906512,-2.6198082901791047,468.03308180111145,-379.5707366663577
1112.0350978198608,-0.004286224630165426,-2.622067334327432,467.576612278867,-379.8324903798788
1112.5612912730378,-0.004272525416331684,-2.6243191021301997,467.119553554979,-380.093213906296
1112.7144106468734,-0.0042685849860850215,-2.6249730067824393,466.98644193619464,-380.16888978492614
1112.867530020709,-0.004264664504766638,-2.625626309273334,466.85328088194035,-380.2444786437571
1113.3937234738862,-0.004251337898914376,-2.6278668322784693,466.39529861040876,-380.503576448118
1113.9199169270632,-0.004238224543026928,-2.630100399016217,465.93673786976365,-380.7616490798974
1114.0730363008988,-0.00423444622835175,-2.6307490639955184,465.8031911694334,-380.8365544903404
1114.2261556747344,-0.004230684123732719,-2.6313971513616203,465.66959592867534,-380.91137329548496
1114.7523491279117,-0.004217873455153789,-2.633619931752637,465.2101283579864,-381.16782794376167
1115.2785425810887,-0.0042052327404402895,-2.63583601596802,464.75009273362787,-381.42326220575893
1115.4316619549243,-0.004201583938398208,-2.636479639217031,464.6161187904231,-381.49740075338354
1115.5847813287598,-0.004197947771638695,-2.6371227044264067,464.48209717696346,-381.57145309358793
1116.110974781937,-0.0041855429115759315,-2.639328367730965,464.0211709758492,-381.82527680022645
1116.6371682351141,-0.004173266937547147,-2.641527537588862,463.5596868655641,-382.07808474218996
1116.79028760895,-0.004169716694810283,-2.6421662738337943,463.4252933126568,-382.1514599059439
1116.9434069827855,-0.004166175718545637,-2.642804466892032,463.29085293853876,-382.22474924882135
1117.4696004359628,-0.00415407263237011,-2.6449934930313916,462.8284941103939,-382.475953852041
1117.9957938891398,-0.004142059995917966,-2.6471761744030666,462.365587288803,-382.7261472087217
1118.1489132629754,-0.0041385793194689035,-2.6478101376161787,462.2307815857207,-382.79876238723955
1118.302032636811,-0.004135104777943337,-2.6484435680765954,462.09592989273824,-382.8712921251485
1118.8282260899882,-0.004123206506236157,-2.6506163003322643,461.6321638812277,-383.1198892427338
1119.3544195431652,-0.004111363203269366,-2.65278278625735,461.1678596012071,-383.3674795865689
1119.5075389170008,-0.004107925307570722,-2.653412052497376,461.0326490625509,-383.4393381419774
1119.6606582908364,-0.0041044906728243844,-2.65404079233782,460.89739335060676,-383.5111116355355
1120.1868517440137,-0.004092708045095081,-2.656197447498314,460.4322451343596,-383.75711281205076
1120.7130451971907,-0.004080947980645599,-2.658347908653558,459.9665682174491,-384.0021116966277
1120.8661645710263,-0.004077528388085807,-2.658972519157167,459.83096003839574,-384.07321699555996
1121.0192839448619,-0.004074109437464122,-2.659596605884792,459.69530749064285,-384.144237614323
1121.545477398039,-0.004062361132071345,-2.6617372849620575,459.2288016668977,-384.38765445829495
1122.0716708512161,-0.0040506058839321875,-2.6638717803313234,458.7617765827499,-384.63007355146624
1122.2247902250517,-0.004047182304812913,-2.6644917445869463,458.6257778613946,-384.70042900302855
1122.3779095988873,-0.004043756983991015,-2.665111184293714,458.48973556623525,-384.7707001631158
1122.9041030520646,-0.004031968978638791,-2.6672358828395546,458.0218964238641,-385.0115444737364
1123.4302965052416,-0.004020147215841239,-2.6693543697326776,457.5535473593816,-385.25139568037065
1123.5834158790772,-0.004016699390055787,-2.669969668337631,457.4171651161475,-385.3210047711334
1123.7365352529127,-0.004013247660488894,-2.670584438534324,457.2807400863283,-385.3905299698937
1124.26272870609,-0.004001352766304851,-2.672693056216283,456.811591669111,-385.6288138537042
1124.788922159267,-0.003989399838241849,-2.674795399614271,456.34194258817854,-385.8661094286299
1124.9420415331028,-0.003985909419422313,-2.675405986954981,456.205183782549,-385.93497575479995
1125.0951609069384,-0.003982413139903383,-2.676016039232437,456.06838297160766,-386.00375860267434
1125.6213543601157,-0.003970350547021109,-2.6781083888359465,455.59794913259407,-386.23949458071456
1126.1475478132927,-0.003958207904198963,-2.6801943701211735,455.1270238271992,-386.47424723230006
1126.3006671871283,-0.003954658258053448,-2.680800176853106,454.9898953720033,-386.5423745292043
1126.4537865609639,-0.003951100968397679,-2.681405439330489,454.8527256882928,-386.6104187789204
1126.9799800141411,-0.003938815378268762,-2.6834812548881053,454.3810301360701,-386.8436198848885
1127.5061734673181,-0.003926429587351943,-2.685550579486126,453.90885226970823,-387.07584286999753
1127.6592928411537,-0.003922805497170902,-2.6861515146571096,453.771361043238,-387.14323503914045
1127.8124122149893,-0.003919172128013143,-2.686751894061959,453.6338293618213,-387.2105446125203
1128.3386056681666,-0.003906612847257905,-2.6888108376763613,453.16089569974434,-387.4412244830811
1128.8647991213436,-0.0038939348780991957,-2.690863141452921,452.68748884421643,-387.67093169469297
1129.0179184951792,-0.0038902223833391196,-2.691459094299206,452.54964170049874,-387.7375928287731
1129.1710378690148,-0.003886499111881956,-2.692054477739977,452.41175487322727,-387.8041718415374
1129.697231322192,-0.003873619682725116,-2.6940961455380616,451.9376066326296,-388.03234479997866
1130.223424775369,-0.0038606046695749984,-2.6961310005931365,451.46299429910374,-388.2595508484328
1130.3765441492046,-0.0038567910087889787,-2.696721842205232,451.32479807654624,-388.3254852545388
1130.5296635230402,-0.003852965203556891,-2.6973120988273243,451.1865629405319,-388.39133803930235
1131.0558569762175,-0.0038397231843312245,-2.6993360265838944,450.7112236085313,-388.6170191730378
1131.5820504293945,-0.0038263301244627723,-2.70135294673834,450.2354292733746,-388.8417394612127
1131.73516980323,-0.003822403625468823,-2.7019385316256805,450.09689080192254,-388.9069516822689
1131.8882891770656,-0.0038184637293707025,-2.7025235141595876,449.958314186536,-388.972082809795
1132.414482630243,-0.0038048202590339124,-2.7045291824648956,449.48180722890226,-389.19528804197915
1132.94067608342,-0.0037910116303852886,-2.7065276282128194,449.0048543547879,-389.41753883475866
1133.0937954572557,-0.0037869616287459426,-2.7071077957084686,448.8659804617471,-389.482033669348
1133.2469148310913,-0.0037828970966911624,-2.7076873418646072,448.7270691942988,-389.54644796819554
1133.7731082842686,-0.003768816867154144,-2.709674180883156,448.24941807393026,-389.76719412392725
1134.2993017374456,-0.003754558881089318,-2.7116535642099406,447.77133012670333,-389.98699261233276
1134.4524211112812,-0.003750375844682662,-2.7122281399048997,447.632127641349,-390.0507751329624
1134.6055404851168,-0.0037461772845925416,-2.712802073827112,447.49288855156203,-390.1144777075659
1135.131733938294,-0.0037316291271980383,-2.7147694684853825,447.01411674281076,-390.332782574564
1135.657927391471,-0.0037168923867435958,-2.716729158382888,446.53491720417094,-390.5501469340394
1135.8110467653066,-0.003712568104613513,-2.717297955797921,446.3953929611245,-390.6132225036275
1135.9641661391422,-0.003708227461785877,-2.717866089762771,446.25583288436826,-390.67621875056153
1136.4903595923195,-0.0036931848965525184,-2.7198133857876305,445.77596388305113,-390.89210113329756
1137.0165530454965,-0.0036779448089590988,-2.7217527145456573,445.2956762588446,-391.107050575011
1137.169672419332,-0.0036734724845580856,-2.722315536999282,445.15583710016165,-391.1694248612629
1137.3227917931677,-0.0036689831282416376,-2.722877673298776,445.0159628793939,-391.23172048336465
1137.848985246345,-0.0036534246545073972,-2.724804183779141,444.53502020835504,-391.44520024963714
1138.375178699522,-0.0036376618002137177,-2.726722453720627,444.05366803242146,-391.6577550639373
1138.5282980733575,-0.003633036190190974,-2.7272790963275324,443.9135208083902,-391.71943405139046
1138.681417447193,-0.0036283930675800173,-2.727835029290485,443.7733392948099,-391.7810350695273
1139.2076109003704,-0.003612302822250788,-2.729740041833529,443.29134650505495,-391.9921331887373
1139.7338043535474,-0.003596003766907626,-2.731636532857588,442.80895333861594,-392.2023147799211
1139.8869237273832,-0.0035912214376207104,-2.7321867848078805,442.66850490724573,-392.2633047793734
1140.0400431012188,-0.0035864213337386108,-2.732736303117208,442.52802295962897,-392.3242175415495
1140.566236554396,-0.0035697899792847742,-2.7346190881207706,442.0450036268612,-392.53295611345453
1141.092430007573,-0.0035529480787822912,-2.736493066420524,441.561593053192,-392.74078702440573
1141.2455493814086,-0.0035480076108677567,-2.737036713593976,441.42085027830706,-392.80109467927895
1141.3986687552442,-0.0035430493376005026,-2.737579602930355,441.28007476094,-392.8613258666261
1141.9248622084215,-0.00352587456112401,-2.739439422856947,440.7960524772182,-393.0677281390204
1142.4510556615985,-0.0035084902419604096,-2.7412901503985996,440.31164809139847,-393.27323206429077
1142.604175035434,-0.003503392273568414,-2.741826978145016,440.1706178392992,-393.33286435355507
1142.7572944092697,-0.003498276700430717,-2.742363023973628,440.0295556184808,-393.3924209828596
1143.283487862447,-0.003480563254661651,-2.7441991429457175,439.5445539790062,-393.59651135719423
1143.809681315624,-0.0034626440020561764,-2.746025887071502,439.0591793728978,-393.7997131438588
1143.9628006894595,-0.0034573912243608704,-2.746555683002575,438.91786850765646,-393.85867738138296
1144.115920063295,-0.003452121273242545,-2.7470846733646033,438.7765264468479,-393.91756680403097
1144.6421135164724,-0.00343388095876726,-2.748896366753061,438.29056903219384,-394.11937082869116
1145.1683069696494,-0.00341544128187461,-2.750698409755856,437.804247775006,-394.3202964648167
1145.321426343485,-0.0034100384224780384,-2.7512209665274407,437.66266315250783,-394.378600295108
1145.4745457173206,-0.0034046190461011487,-2.751742694818849,437.52104810623865,-394.43683019241655
1146.0007391704978,-0.0033858705896540977,-2.7535292587601123,437.03415846040275,-394.63637454356353
1146.5269326236748,-0.0033669317964754096,-2.755305907309363,436.5469140752399,-394.8350511342461
1146.6800519975104,-0.0033613855289440922,-2.755821025339427,436.4050625360857,-394.8927025245779
1146.833171371346,-0.0033558236079074726,-2.756335293013659,436.26318134273777,-394.9502808995229
1147.3593648245233,-0.0033365921971726855,-2.7580960535555965,435.77538294746415,-395.14759334962355
1147.8855582777003,-0.0033171817499846826,-2.759846647551204,435.2872388843644,-395.34404908090033
1148.038677651536,-0.003311500471312583,-2.7603541375278793,435.1451272457984,-395.4010563099625
1148.1917970253717,-0.0033058045774121796,-2.7608607565690986,435.0029867194381,-395.4579914754552
1148.717990478549,-0.0032861209455036476,-2.7625950778703396,434.514302965459,-395.65310085020593
1149.244183931726,-0.0032662714222634307,-2.764318998127866,434.0252825716731,-395.8473649418446
1149.3973033055615,-0.003260464934141901,-2.7648186831399406,433.8829176187745,-395.9037365852622
1149.5504226793971,-0.0032546450067968873,-2.7653174781452354,433.74052454027867,-395.96003714934704
1150.0766161325744,-0.003234544301259607,-2.7670247692458947,433.2509786963671,-396.15297327444625
1150.6028095857514,-0.0032142922712753864,-2.7687214436739263,432.7611051848272,-396.34507592327367
1150.755928959587,-0.0032083714609657432,-2.7692131608974675,432.6184936612454,-396.4008208365104
1150.9090483334226,-0.0032024384924060384,-2.7697039707152045,432.47585476900207,-396.4564956850071
1151.4352417865998,-0.0031819592462336587,-2.771383690811418,431.9854699498052,-396.64728932461
1151.9614352397768,-0.0031613443099535524,-2.7730525991627446,431.4947663667204,-396.837261640228
1152.1145546136124,-0.003155320881322027,-2.773536201150554,431.35191496521827,-396.8923889394012
1152.267673987448,-0.0031492866490013746,-2.7740188801280943,431.20903694566266,-396.947447216515
1152.7938674406253,-0.003128469840267734,-2.7756705425471813,430.71783607915705,-397.1361300051148
1153.3200608938023,-0.0031075336129724796,-2.7773112198791607,430.2263252715222,-397.32400393967197
1153.4731802676379,-0.0031014197682774154,-2.777786575465294,430.0832406245469,-397.378522980757
1153.6262996414735,-0.003095296507475337,-2.778260994304171,429.9401301027493,-397.4329740681336
1154.1524930946507,-0.0030741843647374457,-2.7798841690427354,429.4481358980647,-397.61957843754584
1154.6786865478277,-0.0030529692256564076,-2.7814962076120056,428.9558404818397,-397.8053867113558
1154.8318059216635,-0.003046777300625561,-2.781963202338017,428.8125291523482,-397.8593070683306
1154.9849252954991,-0.0030405773435268416,-2.782429248465935,428.6691926828824,-397.91316056312064
1155.5111187486764,-0.003019212167348976,-2.784023563054363,428.1764275992989,-398.097719666604
1156.0373122018534,-0.002997760232969785,-2.785606612601159,427.6833699290678,-398.28149569172024
1156.190431575689,-0.0029915024370701787,-2.78606514870132,427.53983840183656,-398.3348271342653
1156.3435509495246,-0.0029852379708584786,-2.7865227262189345,427.39628246015513,-398.3880928268059
1156.8697444027018,-0.002963661456370457,-2.788087865292051,426.9027686779918,-398.57064046231653
1157.3959378558789,-0.0029420140856479616,-2.7896416323024558,426.40897081870276,-398.75241826583243
1157.5490572297144,-0.0029357023819466107,-2.790091628444926,426.2652254922706,-398.805170737043
1157.70217660355,-0.002929385332886997,-2.790540657847815,426.121456466724,-398.85785858858907
1158.2283700567273,-0.0029076381526226603,-2.792076362054116,425.627215860498,-399.0384291224342
1158.7545635099043,-0.002885835458749975,-2.7936006084310847,425.13269956155335,-399.21824327051485
1158.9076828837399,-0.002879481400618126,-2.7940419992810837,424.9887467408606,-399.27042686488437
1159.0608022575755,-0.0028731232649103614,-2.7944824169977798,424.84477092541744,-399.32254698563867
1159.5869957107527,-0.002851244452602965,-2.7959884812011206,424.34982503946924,-399.50117527739485
1160.1131891639297,-0.002829324703129903,-2.797483022146225,423.8546117113703,-399.6790608009691
1160.2663085377653,-0.002822939275978359,-2.7979157576907614,423.71045760115953,-399.7306857429352
1160.419427911601,-0.00281655097274477,-2.798347515385439,423.56628118889796,-399.78224837067694
1160.9456213647782,-0.0027945775482605922,-2.7998237861198234,423.07065121572214,-399.9589697004357
1161.4718148179552,-0.0027725770301749546,-2.801288487453861,422.5747619094842,-400.1349620235677
1161.6249341917908,-0.0027661706645403894,-2.8017125322149705,422.43041260851413,-400.18603864689135
1161.7780535656264,-0.0027597625696918833,-2.8021355960033607,422.28604168592574,-400.2370541264541
1162.3042470188036,-0.0027377297960953844,-2.803581968856293,421.78974844727543,-400.4119041250508
1162.8304404719806,-0.002715683178609752,-2.8050167445657195,421.29320383654624,-400.58603899628326
1162.9835598458164,-0.002709265854501821,-2.8054320769251033,421.1486653325715,-400.6365777242695
1163.136679219652,-0.002702847897829352,-2.805846426713262,421.0041058746207,-400.6870564878467
1163.6628726728293,-0.002680789511621759,-2.807262844145745,420.5071698051207,-400.8600710698075
1164.1890661260063,-0.0026587299186588836,-2.8086676542823223,420.00999017068335,-401.03238449605277
1164.342185499842,-0.00265231115748289,-2.8090742658732077,419.8652683361072,-401.08239582248586
1164.4953048736775,-0.0026458928083486627,-2.8094798947487423,419.72052620195683,-401.13234837064635
1165.0214983268547,-0.002623840947350444,-2.810866343973999,419.2229673349645,-401.3035636695574
1165.5476917800318,-0.0026017999385281082,-2.8122411925095374,418.725172551437,-401.4740918524287
1165.7008111538673,-0.0025953888241778008,-2.8126390875919243,418.5802731395962,-401.52358632322915
1165.853930527703,-0.0025889791273541636,-2.813036001204504,418.4353540689617,-401.5730232066548
1166.3801239808802,-0.00256696462048028,-2.8143925121354263,417.93719202455276,-401.74247551302767
1166.9063174340572,-0.002544972727538146,-2.8157374451266057,417.43880154913376,-401.91125478759477
1167.0594368078928,-0.0025385781066690053,-2.8161266401126883,417.29373019115883,-401.9602429831495
1167.2125561817284,-0.002532185894755604,-2.8165148562293347,417.14863980122425,-402.0091747850254
1167.7387496349056,-0.0025102390178284805,-2.8178415002153736,416.64989377600267,-402.17690048617783
1168.2649430880826,-0.002488326406581945,-2.8191566049136423,416.15092663885036,-402.34396726132206
1168.4180624619182,-0.0024819570384556006,-2.8195371281717727,416.0056888409616,-402.392459779192
1168.5711818357538,-0.002475591060430511,-2.8199166765012604,415.8604326237171,-402.440897097938
1169.097375288931,-0.002453741793059976,-2.821213565832243,415.3611213819558,-402.6069326187818
1169.623568742108,-0.002431938296795475,-2.8224989702640033,414.86159617776036,-402.7723233181634
1169.776688115944,-0.0024256028328410724,-2.8228708619940077,414.71619731889274,-402.8203307559342
1169.9298074897795,-0.002419271728052855,-2.8232417840605772,414.5707806387951,-402.8682841880706
1170.4560009429567,-0.0023975496680352843,-2.8245090714943766,414.07092250466303,-403.03266593235526
1170.9821943961338,-0.0023758848054090628,-2.8257649439708494,413.57085738528195,-403.19641693586067
1171.1353137699693,-0.0023695918322150763,-2.826128256065865,413.425302715018,-403.24394987414377
1171.288433143805,-0.0023633041911889537,-2.826490605079003,413.27973080695574,-403.29142999730846
1171.8146265969822,-0.002341738936671916,-2.827728483508107,412.7793436577673,-403.4541942893677
1172.3408200501592,-0.0023202424696771185,-2.828955032539237,412.2787563258113,-403.616341874933
1172.4939394239948,-0.0023140006869991534,-2.8293098286203904,412.1330509625702,-403.66341086043474
1172.6470587978304,-0.0023077652244913914,-2.8296636695342,411.98732893007514,-403.7104282164429
1173.1732522510076,-0.0022863868358182523,-2.8308723723735705,411.4864301902914,-403.8716112428566
1173.6994457041847,-0.0022650889304332406,-2.8320698472196693,410.98533789332646,-404.0321915278759
1173.8525650780202,-0.0022589071234508946,-2.8324162028046285,410.8394868227102,-404.07880705628736
1174.0056844518558,-0.002252732622413743,-2.832761612480175,410.6936196363197,-404.1253721339997
1174.531877905033,-0.002231571223089334,-2.833941414107757,410.19222627203715,-404.28500988454454
1175.05807135821,-0.00221050184770748,-2.8351101049567493,409.69064579728365,-404.4440587666533
1175.2111907320457,-0.0022043886959653637,-2.8354481074465676,409.54465387057866,-404.49023126540783
1175.3643101058813,-0.002198283816739796,-2.835785174611917,409.3986463663588,-404.5363544834899
1175.8905035590585,-0.002177369014378977,-2.83693639001666,408.8967748804234,-404.6944826919808
1176.4166970122355,-0.0021565575613819855,-2.8380766273802034,408.39472255018217,-404.85203579013114
1176.5698163860711,-0.002150521581732301,-2.838406375851417,408.2485944830913,-404.8977756013192
1176.7229357599067,-0.0021444948255607437,-2.8387352008854028,408.1024513613981,-404.94346729118706
1177.249129213084,-0.002123855727340842,-2.8398581849255526,407.60011778936354,-405.1001213771114
1177.775322666261,-0.0021033310718761573,-2.840970338916851,407.09760945730073,-405.2562139735773
1177.9284420400968,-0.0020973806108747425,-2.841291943918267,406.9513498289215,-405.3015313371393
1178.0815614139324,-0.002091440289465688,-2.841612638642277,406.8050756534051,-405.34680172618425
1178.6077548671096,-0.0020711051399495417,-2.842707785242927,406.30229556030883,-405.50201673729356
1179.1339483202867,-0.0020508948746891346,-2.8437922644776688,405.79934660856327,-405.6566837207507
1179.2870676941222,-0.002045037809450571,-2.8441058476244034,405.65295986061363,-405.701588758027
1179.4401870679578,-0.0020391917230375336,-2.8444185348506856,405.5065590574788,-405.74644795323127
1179.966380521135,-0.002019186663984282,-2.8454862750348133,405.0033475355849,-405.9002585098317
1180.492573974312,-0.0019993158085893073,-2.846543523996377,404.4999728730212,-406.0535343208231
1180.6456933481477,-0.0019935591912817866,-2.8468492170742814,404.3534633094394,-406.09803701895436
1180.7988127219833,-0.001987814288236526,-2.8471540296592175,404.2069401670977,-406.1424949914278
1181.3250061751605,-0.0019681623994047288,-2.84819482793741,403.7033118351327,-406.29493523439015
1181.8511996283376,-0.0019486527879958627,-2.8492253229530786,403.199525897278,-406.44685381528814
1182.0043190021731,-0.0019430027365658878,-2.8495232666963295,403.0528976843429,-406.49096401305155
1182.1574383760087,-0.0019373650252985303,-2.8498203463008425,402.9062563535949,-406.53503058404885
1182.683631829186,-0.0019180860997547577,-2.8508346963418925,402.4022253578517,-406.6861341281804
1183.209825282363,-0.0018989560808541645,-2.851838941115385,401.8980421087409,-406.8367288788129
1183.3629446561986,-0.0018934176406822584,-2.852129283874857,401.75129927574756,-406.88045625414367
1183.5160640300342,-0.0018878920238661358,-2.8524187796081444,401.60454377052315,-406.9241410827897
1184.0422574832114,-0.0018690017501256282,-2.8534071993272416,401.10012378789645,-407.0739409762352
1184.5684509363884,-0.0018502650696792793,-2.854385719517858,400.59555672391383,-407.223244715943
1184.7215703102243,-0.0018448418483925943,-2.8546686155654895,400.44870316445184,-407.2665987754302
1184.8746896840598,-0.0018394317522390864,-2.8549506822360007,400.3018373631632,-407.3099113484732
1185.400883137237,-0.0018209404627726339,-2.855913707341999,399.7970416064064,-407.45844003958905
1185.9270765904141,-0.0018026052041745658,-2.856867043503747,399.292103762533,-407.60648497757256
1186.0801959642497,-0.0017972991285999794,-2.85714265087809,399.1451432364996,-407.64947504852705
1186.2333153380853,-0.0017920062925464442,-2.85741744680529,398.9981708841449,-407.6924246727284
1186.7595087912625,-0.0017739185608999463,-2.85835562310637,398.49301210979723,-407.8397139864758
1187.2857022444396,-0.0017559871624071,-2.859284322892213,397.98771606861453,-407.9865317021734
1187.4388216182751,-0.0017507985484559979,-2.8595528011425864,397.84065220503606,-408.0291669276744
1187.5919409921107,-0.0017456231099595848,-2.8598204859104768,397.6935769161079,-408.0717627251921
1188.118134445288,-0.0017279380458514008,-2.8607343617062524,397.18806743514784,-408.21784384981754
1188.644327898465,-0.001710407463138765,-2.8616389723806224,396.682425338479,-408.36346528348633
1188.7974472723006,-0.0017053350122393821,-2.8619004804009065,396.53526163907776,-408.4057546203659
1188.9505666461362,-0.0017002754841336642,-2.8621612126895064,396.3880869012113,-408.4480055270659
1189.4767600993134,-0.0016829865098541865,-2.863051331252572,395.8822385921985,-408.59290901079885
1190.0029535524905,-0.0016658478851196263,-2.86393239202703,395.37626215519,-408.73736446414756
1190.156072926326,-0.0016608885900438518,-2.8641870857898892,395.2290019986594,-408.7793166839243
1190.3091923001616,-0.0016559417761545696,-2.864441021098477,395.0817311769866,-408.82123145065697
1190.8353857533389,-0.001639036486148036,-2.8653079127727783,394.5755555016384,-408.9649872087432
1191.361579206516,-0.0016222753414208758,-2.8661659469183034,394.0692560292716,-409.1083063560635
1191.5146985803515,-0.0016174246243845075,-2.866413977207704,393.9219026762528,-409.14993004895194
1191.667817954187,-0.0016125857927082902,-2.8666612656104817,393.774539018454,-409.19151724589886
1192.1940114073643,-0.0015960468190658885,-2.8675054403690408,393.26804703955867,-409.3341545780867
1192.7202048605413,-0.0015796441852205859,-2.8683409482984983,392.76143544534904,-409.4763664874865
1192.8733242343772,-0.0015748962467424332,-2.868582458815206,392.6139920440071,-409.51767006924103
1193.0264436082127,-0.0015701594747871746,-2.868823243117637,392.4665386859435,-409.5589380930444
1193.55263706139,-0.0015539655605317215,-2.8696451846107767,391.95974108710425,-409.70048571014905
1194.078830514567,-0.001537898833902241,-2.870458638434899,391.45282791338605,-409.8416188731177
1194.2319498884026,-0.0015332468536976293,-2.8706937642913166,391.30529750540285,-409.8826105941634
1194.3850692622382,-0.00152860521611475,-2.8709281785555674,391.1577574771464,-409.9235676772875
1194.9112627154154,-0.001512731780796813,-2.8717283392363027,390.6506645837753,-410.0640537350544
1195.4374561685925,-0.0014969752820723629,-2.872520178184927,390.1434600230767,-410.2041361028379
1195.590575542428,-0.001492411602218473,-2.872749044627768,389.995845549935,-410.2448240593061
1195.7436949162636,-0.0014878573680112746,-2.8729772129260924,389.8482217820799,-410.2854782812669
1196.2698883694409,-0.0014722773655629208,-2.873756010030955,389.3408435832733,-410.42493042039956
1196.796081822618,-0.0014568034944959483,-2.8745266369633447,388.8333575004223,-410.5639894460476
1196.9492011964535,-0.001452320014543003,-2.8747493584800186,388.68566180987074,-410.6043815923515
1197.102320570289,-0.0014478450609534486,-2.87497139406126,388.5379571400083,-410.64474089242856
1197.6285140234663,-0.0014325304803476109,-2.8757292072601075,388.03030331083437,-410.7831862831825
1198.1547074766434,-0.0014173111669656849,-2.8764789870913936,387.5225452652238,-410.92124896724886
1198.307826850479,-0.001412899724858737,-2.8766956670942583,387.3747711177365,-410.9613531295338
1198.4609462243145,-0.0014084958943535177,-2.8769116721231054,387.2269882969011,-411.00142532027365
1198.9871396774918,-0.00139341876197457,-2.877648842990309,386.71906822042365,-411.1388907091421
1199.5133331306688,-0.0013784261701864301,-2.8783781026115114,386.21104748778856,-411.2759836466315
1199.6664525045046,-0.0013740787000750814,-2.8785888334763556,386.0631975628478,-411.3158075364515
1199.8195718783402,-0.0013697379465414602,-2.878798899097097,385.9153392617749,-411.3556003173471
1200.3457653315174,-0.0013548707851707795,-2.8795157314821704,385.4071620503513,-411.4921120740359
1200.8719587846945,-0.0013400778203111737,-2.8802247603851194,384.89888764372824,-411.62826150122373
1201.02507815853,-0.0013357865311182677,-2.880429623684442,384.7509645458553,-411.6678127291184
1201.1781975323656,-0.0013315011144202262,-2.880633830283285,384.6030333609801,-411.7073337001556
1201.704390985543,-0.0013168177885990678,-2.8813305914813365,384.0946078766182,-411.84291786385404
1202.23058443872,-0.0013021991453639821,-2.8820196434272454,383.5860885662562,-411.97814970392744
1202.3837038125555,-0.0012979568503899877,-2.8822187105246564,383.4380948307138,-412.01743579254753
1202.536823186391,-0.0012937196646715058,-2.88241712837219,383.2900932898281,-412.0566924672473
1203.0630166395683,-0.0012791963982937595,-2.8830940517040653,382.7814281632587,-412.1913747906964
1203.5892100927454,-0.0012647292803710608,-2.883763347760726,382.2726724950832,-412.3257146964753
1203.742329466581,-0.0012605295269559425,-2.883956680758114,382.1246105931264,-412.36474309272796
1203.8954488404165,-0.0012563341977989023,-2.8841493709736463,381.9765411605755,-412.4037429101593
1204.4216422935938,-0.0012419496602613948,-2.884806659153197,381.4676448086804,-412.5375488998739
1204.9478357467708,-0.0012276135975593538,-2.8854563910368363,380.95866112106853,-412.6710222923999
1205.1009551206064,-0.00122345058495929,-2.8856440437217583,380.81053346470594,-412.70980037837177
1205.254074494442,-0.0012192913829071807,-2.8858310592104455,380.6623985460965,-412.7485507139415
1205.7802679476192,-0.0012050264322459084,-2.8864688874629985,380.1532791877009,-412.88150566630054
1206.3064614007963,-0.0011908031884954946,-2.887099220564853,379.6440756266883,-413.01413776942644
1206.4595807746318,-0.0011866717910506228,-2.887281239286405,379.4958845730007,-413.0526728721738
1206.6127001484674,-0.0011825436755920652,-2.887462625619498,379.34768651947155,-413.0911810472908
1207.1388936016447,-0.0011683816724987837,-2.8880811448052643,378.8383521896522,-413.22331008077515
1207.6650870548217,-0.0011542556509708663,-2.8886922215043485,378.32893672266357,-413.3551259518211
1207.8182064286575,-0.0011501515232225502,-2.888868646179651,378.18068457768794,-413.39342535197875
1207.971325802493,-0.0011460502289876145,-2.8890444426133643,378.03242568974423,-413.4316986425184
1208.4975192556703,-0.001131977095219862,-2.889643782784661,377.52288425261474,-413.5630267256561
1209.0237127088474,-0.0011179349945121347,-2.8902357259297973,377.013264680656,-413.69405128160935
1209.176832082683,-0.0011138543889838816,-2.8904065910127343,376.8649537028258,-413.7321222206925
1209.3299514565185,-0.001109776217021337,-2.890576831428408,376.71663623373263,-413.77016786416334
1209.8561449096958,-0.0010957795478112383,-2.8911571047692233,376.2068953937723,-413.90071983917494
1210.3823383628728,-0.0010818093606147364,-2.891730020121662,375.69707936230066,-414.03097787900657
1210.5354577367084,-0.0010777488433279222,-2.891895355211749,375.5487117655329,-414.06882756569036
1210.688577110544,-0.0010736903863119002,-2.8920600686841937,375.4003379243716,-414.1066527674293
1211.2147705637212,-0.0010597586732421923,-2.892621371172515,374.8904052367207,-414.23645337096673
1211.7409640168983,-0.0010458492088410492,-2.893175348738177,374.3804002456536,-414.3659695956431
1211.8940833907338,-0.0010418055842707362,-2.8933351789288464,374.2319782022146,-414.40360521147414
1212.0472027645694,-0.0010377636719746165,-2.8934943900628065,374.08355015672856,-414.44121715030764
1212.5733962177467,-0.0010238862039181683,-2.8940368025989236,373.5734330368171,-414.5702910325552
1213.0995896709237,-0.0010100269254445624,-2.89457191768782,373.06324644993987,-414.69909006361377
1213.2527090447593,-0.001005997139537003,-2.894726263856964,372.9147720931429,-414.736518768321
1213.4058284185949,-0.0010019687126325589,-2.894879993058945,372.7662919724183,-414.77392460184024
1213.9320218717721,-0.0009881348667947869,-2.89540358219115,372.25599770506295,-414.90229634438026
1214.4582153249492,-0.0009743148208078172,-2.895919895674936,371.7456367589916,-415.030402741575
1214.611334698785,-0.000970295593803907,-2.8960687744446343,371.59711218578934,-415.06763167819713
1214.7644540726205,-0.0009662773244081874,-2.8962170378281864,371.44858208284523,-415.10483854789885
1215.2906475257978,-0.0009524752283399389,-2.896721854963275,370.938117831156,-415.2325326815979
1215.8168409789748,-0.0009386818136669118,-2.8972194118098162,370.42758964432386,-415.35997096138743
1215.9699603528104,-0.0009346693318680056,-2.897362835001001,370.2790169179509,-415.3970072618158
1216.123079726646,-0.0009306573415780664,-2.897505643797304,370.1304388923961,-415.43402229872896
1216.6492731798232,-0.0009168731846625205,-2.89799172290793,369.61981170704985,-415.5610633238246
1217.1754666330003,-0.0009030918351085151,-2.898470549624035,369.1091232892255,-415.68785798072383
1217.3285860068358,-0.0008990817163929354,-2.898608523490654,368.9605044420183,-415.72470877217233
1217.4817053806714,-0.0008950715532995529,-2.8987458832756396,368.81188052289485,-415.7615391034442
1218.0078988338487,-0.0008812894759894889,-2.899213238225817,368.30109735208083,-415.88795151306607
1218.5340922870257,-0.000867503336372101,-2.8996733400683596,367.7902556145933,-416.014127044589
1218.6872116608613,-0.000863490465073835,-2.8998058644482536,367.6415926510205,-416.0507994571279
1218.8403310346969,-0.0008594769098743113,-2.899937774265652,367.4929248398599,-416.08745221368997
1219.3665244878741,-0.0008456781147805133,-2.900386395513473,366.98199253999627,-416.21326052126267
1219.8927179410512,-0.0008318669476562907,-2.9008277526706108,366.47100430683224,-416.338841457169
1220.0458373148867,-0.0008278451444364831,-2.900954819760884,366.3222992068044,-416.37534263261983
1220.1989566887223,-0.0008238218863270367,-2.901081270850906,366.173589480977,-416.4118249582705
1220.7251501418996,-0.0008099836595575253,-2.901511120716225,365.6625148285515,-416.53705373026656
1221.2513435950766,-0.0007961232132945179,-2.9019336831513356,365.15138684874483,-416.6620646678676
1221.4044629689122,-0.000792085142189407,-2.902055275954549,365.00264157132983,-416.6984017705878
1221.5575823427478,-0.000788044725897753,-2.902176250188334,364.85389188781073,-416.73472083300726
1222.083775795925,-0.0007741405786555724,-2.902587257491993,364.3426815927078,-416.8593947286003
1222.609969249102,-0.0007602030511854727,-2.9029909397421703,363.8314205542505,-416.98386037513825
1222.7630886229379,-0.0007561403814085384,-2.9031070306069644,363.68263704182806,-417.0200406048541
1222.9162079967734,-0.0007520743648582477,-2.903222499048906,363.5338493413967,-417.0562036086551
1223.4424014499507,-0.0007380744271995082,-2.9036145543316776,363.0225100616689,-417.18034742617505
1223.9685949031277,-0.0007240285722184527,-2.903999230858208,362.51112260679037,-417.3042926477164
1224.1217142769633,-0.0007199319441199507,-2.90410978012932,362.3623027895914,-417.3403232541981
1224.2748336507989,-0.0007158308468688413,-2.904219701681891,362.2134790014139,-417.37633745580627
1224.8010271039761,-0.0007017015905804124,-2.904592652451399,361.702017359354,-417.4999761854486
1225.3272205571532,-0.0006875124616938848,-2.9049581527464627,361.1905101011139,-417.6234260620854
1225.4803399309887,-0.0006833714493773757,-2.905063107316068,361.04165590214905,-417.6593143616895
1225.6334593048243,-0.0006792247402245252,-2.9051674272702437,360.89279794875165,-417.6951870861005
1226.1596527580016,-0.0006649292359141042,-2.9055210730596177,360.3812205483369,-417.81834596918344
1226.6858462111786,-0.000650558970826604,-2.9058671769788953,359.8696000885885,-417.9413258567733
1226.8389655850142,-0.0006463624211557001,-2.90596646901967,359.7207134289684,-417.977079250855
1226.9920849588498,-0.0006421588984930083,-2.9060651178409653,359.5718232315956,-418.01281791022944
1227.518278412027,-0.0006276583706918739,-2.9063992065520727,359.0601366771639,-418.1355225043949
1228.044471865204,-0.0006130678938184392,-2.906725641515074,358.5484096255628,-418.2580581014345
1228.1975912390396,-0.0006088044051075465,-2.9068191878376295,358.3994924300767,-418.2936840960581
1228.3507106128752,-0.0006045326580792615,-2.906912080593288,358.250571914287,-418.32929620952643
1228.8769040660525,-0.0005897878642178846,-2.9072263070205357,357.7387828298607,-418.4515724573523
1229.4030975192295,-0.0005749379987570669,-2.907532747189788,357.2269558232759,-418.57368987419756
1229.5562168930653,-0.0005705962039958209,-2.907620449106781,357.0780100260469,-418.60919610034495
1229.709336266901,-0.0005662448918464814,-2.907707485375689,356.92906112736796,-418.64468931423306
1230.2355297200781,-0.0005512171132947482,-2.9080014912130485,356.4171761760746,-418.76656361280055
1230.7617231732552,-0.0005360697957650155,-2.9082875580814025,355.9052558979419,-418.8882894410938
1230.9148425470908,-0.0005316387909636759,-2.9083693017043033,355.75628344803636,-418.92368367479867
1231.0679619209263,-0.000527197109474242,-2.908450365943585,355.6073081175603,-418.9590657827102
1231.5941553741036,-0.0005118501381208868,-2.9087237416712983,355.0953340207275,-419.0805650521001
1232.1203488272806,-0.000496370939383309,-2.908989007134565,354.58332721983413,-419.2019264320054
1232.2734682011162,-0.0004918411063043928,-2.9090646645308795,354.4343300866508,-419.2372166135936
1232.4265875749518,-0.0004872996344579691,-2.9091396273577828,354.28533029638055,-419.27249557546713
1232.952781028129,-0.0004716027324020249,-2.909391917664576,353.77327385152034,-419.39364732259304
1233.478974481306,-0.00045576368598399235,-2.909635910966553,353.26118735926053,-419.5146720034634
1233.6320938551416,-0.0004511274512295094,-2.9097053424569097,353.1121675373902,-419.54986625449965
1233.7852132289772,-0.00044647888216986905,-2.9097740630588693,352.96314528501915,-419.5850502132062
1234.3114066821545,-0.0004304090607439852,-2.9100047759193504,352.4510133815977,-419.70588258594654
1234.8376001353315,-0.0004141907057797366,-2.910226993866314,351.93885412662837,-419.8265989755086
1234.990719509167,-0.0004094431143611861,-2.9102900511925918,351.78981363989186,-419.8617056120959
1235.1438388830027,-0.0004046828311137412,-2.910352380586493,351.64077095273535,-419.89680290625813
1235.67003233618,-0.0003882269295103753,-2.9105609991417536,351.128570584831,-420.0173447336749
1236.196225789357,-0.00037162067804809713,-2.9107609191527666,350.6163456043165,-420.137781931847
1236.3493451631925,-0.000366760161561377,-2.9108174495171664,350.4672865087529,-420.172809473179
1236.5024645370281,-0.00036188703939445696,-2.9108732347077346,350.31822544660116,-420.207828645108
1237.0286579902054,-0.0003450447643605655,-2.911059232566943,349.80596372162637,-420.32810945979315
1237.5548514433824,-0.00032805617695480185,-2.9112363296369828,349.2936801681406,-420.44829727274407
1237.7079708172182,-0.0003230855132066334,-2.9112861809681028,349.1446045536478,-420.48325444351633
1237.8610901910538,-0.0003181028630544807,-2.91133527035611,348.99552721023116,-420.5182042408269
1238.387283644231,-0.00030088976818156825,-2.911498131239339,348.4832113525679,-420.63825427806404
1238.913477097408,-0.0002835410235749196,-2.9116518990157325,347.9708764954376,-420.7582232069127
1239.0665964712437,-0.00027846794026694245,-2.9116949263325145,347.82178648570937,-420.79311893196393
1239.2197158450792,-0.00027338407093556986,-2.911737176168605,347.67269498842734,-420.82800830126087
1239.7459092982565,-0.00025583319419857575,-2.9118764166679023,347.160332336859,-420.9478584698456
1240.2721027514335,-0.00023816443264914271,-2.912006390995652,346.6479535569981,-421.06763966958295
1240.425222125269,-0.00023300197344281056,-2.912042463384042,346.4988513075207,-421.10248305964785
1240.5783414991047,-0.0002278305540319228,-2.9120777448036406,346.34974781521,-421.1373211312319
1241.104534952282,-0.000209993742438699,-2.912192938993381,345.8373458134866,-421.2570029528134
1241.630728405459,-0.00019206455760658648,-2.9122987232665354,345.3249305911604,-421.37662815880236
1241.7838477792945,-0.00018683155603643937,-2.9123277314084084,345.17581828511436,-421.41142848665754
1241.9369671531301,-0.00018159209692229891,-2.912355938030644,345.0267049837035,-421.44622454954066
1242.4631606063074,-0.00016354162581616816,-2.912446744162653,344.514271163686,-421.5657700639726
1242.9893540594844,-0.00014543233254202942,-2.912528036779017,344.0018270586088,-421.68527148338467
1243.14247343332,-0.0001401536586492168,-2.912549901057487,343.8527069004911,-421.72003814958777
1243.2955928071556,-0.0001348716900925981,-2.912570957120184,343.703585996357,-421.75480161602445
1243.8217862603328,-0.00011670026086000874,-2.912637145659024,343.1911279531382,-421.8742432501562
1244.3479797135099,-9.851099693043757e-05,-2.9126937678185136,342.6786625764297,-421.99365341642084
1244.5010990873454,-9.321713857583082e-05,-2.912708446294974,342.5295367833022,-422.02839590427914
1244.654218461181,-8.792373940248626e-05,-2.912722314566992,342.3804104942572,-422.0631362635533
1245.1804119143583,-6.974253498617611e-05,-2.912763794744899,341.8679358532134,-422.1825066635208
1245.7066053675353,-5.1591040843599934e-05,-2.9127957159087448,341.3554568314807,-422.3018582552585
1245.859724741371,-4.6317448519411285e-05,-2.9128032115047184,341.20632762197613,-422.33658607571226
1246.0128441152067,-4.104859229904063e-05,-2.9128099003691625,341.0571981660357,-422.3713128379556
1246.539037568384,-2.2985167542233716e-05,-2.9128267437996813,340.54471454245055,-422.49064466819345
1247.065231021561,-5.004801710373543e-06,-2.9128341042268793,340.0322294747376,-422.60997029638656
1247.2183503953966,2.0868189336599828e-07,-2.9128344710891074,339.8830990560451,-422.6446929239327
1247.3714697692321,5.412716492323521e-06,-2.912834040815213,339.733968638198,-422.67941555510856
1247.8976632224094,2.321680324996937e-05,-2.912826502315368,339.221483590184,-422.79874126790406
1248.4238566755864,4.088025158334368e-05,-2.9128096324231376,338.7089999985017,-422.9180732351539
1248.576976049422,4.5990527232786846e-05,-2.9128029812209837,338.559870551542,-422.9528000359655
1248.7300954232576,5.108638231426851e-05,-2.9127955490801773,338.4107413487442,-422.9875278852205
1249.2562888764348,6.848048248731506e-05,-2.9127640826577625,337.8982623243518,-423.1068794655333
1249.7824823296119,8.567454189966966e-05,-2.9127235162037795,337.38578759896626,-423.2262495034244
1249.9356017034474,9.063703647402334e-05,-2.912710017375258,337.2366612621727,-423.2609896577313
1250.088721077283,9.558008445853557e-05,-2.91269576061877,337.0875354070095,-423.2957318793186
1250.6149145304603,0.00011241072659966973,-2.912641027557146,336.5750696872992,-423.41514057353385
1251.1411079836373,0.00012898229880640503,-2.912577506482264,336.0626110288591,-423.5345795681149
1251.294227357473,0.00013375263350131792,-2.9125573910502682,335.9134898812091,-423.56934198994577
1251.4473467313085,0.00013849860035084976,-2.9125365474739073,335.764369444884,-423.6041074628643
1251.9735401844857,0.0001546146422767443,-2.9124594164847837,335.25192408524794,-423.7236035023934
1252.4997336376628,0.0001704147288526525,-2.9123738884667234,334.73948844597663,-423.8431412184263
1252.6528530114986,0.0001749500588021933,-2.9123474468710686,334.59037448989443,-423.87793447568055
1252.8059723853341,0.00017945637508034817,-2.9123203134369517,334.4412614651496,-423.912731723944
1253.3321658385114,0.0001947139361410648,-2.912221854301521,333.9288432368415,-424.03234405314095
1253.8583592916884,0.00020960316049833496,-2.912115463645527,333.41643726264016,-424.15200886606135
1254.011478665524,0.00021386391897419208,-2.912083042531032,333.2673324072994,-424.18684110347334
1254.1645980393596,0.00021809150823301078,-2.9120499718870874,333.1182286918031,-424.22167821958465
1254.6907914925368,0.00023236040380066544,-2.9119314413225093,332.6058440256112,-424.3414342372019
1255.2169849457139,0.00024621558755006084,-2.9118055114047228,332.0934740012079,-424.46125288278927
1255.3701043195495,0.0002501673689300399,-2.9117675078586367,331.9443800469037,-424.49613175088007
1255.523223693385,0.0002540824989834336,-2.911728902296423,331.7952874277894,-424.5310163256673
1256.0494171465623,0.0002672521825586721,-2.911591721096905,331.2829423623166,-424.6509416511144
1256.5756105997393,0.0002799714306914432,-2.9114477286041973,330.7706141619934,-424.77093900431424
1256.728729973575,0.0002835862704498583,-2.911404582179854,330.6215327863118,-424.805871597603
1256.8818493474105,0.0002871617478248793,-2.911360885468056,330.4724529265866,-424.84081065963653
1257.4080428005877,0.0002991447753804847,-2.9112066091990516,329.9601530634691,-424.960928934407
1257.9342362537648,0.0003106502149548361,-2.9110461531912306,329.44787210940956,-425.0811278263015
1258.0873556276003,0.0003139073003423542,-2.9109983366535515,329.2988048557228,-425.1161206330841
1258.240475001436,0.00031712316084239143,-2.9109500246727293,329.14973928304664,-425.1511205998492
1258.7666684546132,0.00032785752716587164,-2.910780310691097,328.63748975061367,-425.2714533305981
1259.2928619077902,0.00033809761355409564,-2.9106050783996125,328.1252609801252,-425.3918744088016
1259.4459812816258,0.00034098395409729504,-2.9105530875455528,327.9762092487452,-425.42693327386934
1259.5991006554614,0.00034382811909672376,-2.910500658008648,327.82715934690356,-425.46199991601617
1260.1252941086386,0.0003532793675526436,-2.9103172293854613,327.31496477336185,-425.5825663636142
1260.6514875618157,0.0003622306013423134,-2.910128959129432,326.80279261602556,-425.7032280001673
1260.8046069356515,0.0003647414232309084,-2.9100733018372966,326.65375765832067,-425.738358101617
1260.957726309487,0.0003672100396506118,-2.910017263285252,326.50472466168935,-425.7734965214085
1261.4839197626643,0.0003753719219201487,-2.9098218706909784,325.99258915880864,-425.8943136395304
1262.0101132158413,0.0003830386791767535,-2.9096223136334562,325.4804775243929,-426.01523188913137
1262.163232589677,0.0003851772122545018,-2.909563498772577,325.3314604400712,-426.05043772990854
1262.3163519635125,0.0003872743737029117,-2.9095043595202905,325.1824454312587,-426.0856523544149
1262.8425454166897,0.00039416744004655335,-2.9092987436681224,324.6703725890069,-426.20673477869275
1263.3687388698668,0.00040058002259391615,-2.9090896271432833,324.15832486628886,-426.32792338693014
1263.5218582437024,0.0004023568615114731,-2.9090281541092136,324.00932660383205,-426.3632088007425
1263.674977617538,0.00040409394395323617,-2.9089664118782492,323.8603305144576,-426.39850338930734
1264.2011710707152,0.0004097631107674754,-2.908752268704451,323.3483234062687,-426.51986347465254
1264.7273645238922,0.00041497510446697374,-2.9085352627329377,322.8363424722303,-426.64133393286477
1264.8804838977278,0.00041640740483224253,-2.90847161197016,322.6873638322892,-426.6767021033406
1265.0336032715634,0.00041780224425636464,-2.908407744535858,322.53838744669616,-426.71207976814463
1265.5597967247406,0.00042231382842633947,-2.9081866940449967,322.0264486446128,-426.83372766987384
1266.0859901779177,0.0004263989036293219,-2.907963381801192,321.51453688314757,-426.95548931184123
1266.2391095517532,0.00042750940374211533,-2.9078980065315916,321.36557852463295,-426.99094280347055
1266.3922289255888,0.0004285852964381367,-2.907832463602925,321.2166224862631,-427.0264060416914
1266.918422378766,0.0004320234069539477,-2.9076060231664873,320.70475408494144,-427.14834983504943
1267.444615831943,0.00043507146236808754,-2.9073778762410223,320.19291341396126,-427.2704099696929
1267.597735205779,0.00043588731832966106,-2.9073111956530013,320.04397586248547,-427.3059507687704
1267.7508545796145,0.00043667184012290735,-2.9072443922403974,319.89504068255866,-427.3415015045264
1268.2770480327918,0.0004391342202878633,-2.9070139552083427,319.3832443308449,-427.46374733608246
1268.8032414859688,0.00044124712208864147,-2.9067823144345772,318.8714762363803,-427.58611140923006
1268.9563608598044,0.0004417986583057688,-2.9067147085274962,318.72255989461934,-427.6217409727132
1269.10948023364,0.0004423224131316542,-2.906647019977683,318.5736459626837,-427.65738060667246
1269.6356736868172,0.00044391614436095156,-2.9064138400784647,318.0619229012104,-427.77993287013743
1270.1618671399942,0.00044520346888843895,-2.9061799021829056,317.55022847689537,-427.9026046477245
1270.3149865138298,0.00044552295257978405,-2.906111708302196,317.4013336363983,-427.93832395776474
1270.4681058876654,0.000445818354183215,-2.9060434670197797,317.25244123227105,-427.9740534221765
1270.9942993408426,0.000446655739463143,-2.905808648503686,316.74079233541806,-428.09691495093637
1271.5204927940197,0.0004472307841650013,-2.905573458381885,316.2291723256976,-428.2198967159987
1271.6736121678553,0.00044735129204971874,-2.9055049693623274,316.0802991796585,-428.2557063379449
1271.8267315416908,0.0004474514432851341,-2.905436463125438,315.93142848627826,-428.2915261549051
1272.352924994868,0.00044764625486912467,-2.905200956264244,315.4198543068634,-428.4146984238755
1272.8791184480451,0.00044762243581341374,-2.9049654044154725,314.9083091523243,-428.5379911801636
1273.0322378218807,0.00044757683328902766,-2.904896868186862,314.75945780886093,-428.5738913220018
1273.1853571957163,0.0004475145174836299,-2.9048283399080814,314.6106089255965,-428.60980166293655
1273.7115506488935,0.00044717862304579807,-2.904592941333264,314.0991097407638,-428.73328499298384
1274.2377441020706,0.00044666625563207955,-2.9043577659333613,313.58763962410046,-428.85688866871544
1274.3908634759061,0.00044648629117609025,-2.9042893864378536,313.43881011961537,-428.89287924010614
1274.5439828497417,0.00044629308198672476,-2.904221035218677,313.28998307561056,-428.9288799846597
1275.070176302919,0.00044553351126812936,-2.903986392560488,312.77855893250296,-429.05267374353093
1275.596369756096,0.0004446370900380453,-2.9037521855883575,312.2671638237589,-429.17658738951314
1275.7494891299318,0.00044435264717435357,-2.9036841248265497,312.11835613599635,-429.2126680588068
1275.9026085037674,0.0004440581807017382,-2.9036161081162426,311.96955090317243,-429.2487588515421
1276.4288019569447,0.00044297478771508885,-2.9033827282393077,311.4582016631301,-429.37286164606377
1276.9549954101217,0.0004417909015795784,-2.903149944876086,310.9468813630338,-429.4970836233274
1277.1081147839573,0.00044142943967438855,-2.9030823258415843,310.79809542350716,-429.53325387122356
1277.2612341577928,0.00044106087542180304,-2.9030147624560816,310.6493119289019,-429.56943417483535
1277.78742761097,0.00043974463036145205,-2.90278302243214,310.1380373091478,-429.6938440301973
1278.3136210641471,0.0004383604571979261,-2.9025519928793915,309.6267914895998,-429.8183721834033
1278.4667404379827,0.0004379466075432235,-2.9024849031413473,309.4780271951316,-429.85463135224416
1278.6198598118183,0.0004375282393891353,-2.9024178769067106,309.3292653323267,-429.8909004963131
1279.1460532649955,0.0004360600010231676,-2.9021880369678166,308.81806494434113,-430.01561501935817
1279.6722467181726,0.0004345522534493405,-2.9019589800010785,308.30689318533507,-430.140446833264
1279.8253660920082,0.0004341075458233457,-2.9018924757478772,308.15815040851635,-430.17679417123986
1279.9784854658437,0.0004336605443351114,-2.9018260395845132,308.0094100479654,-430.213151395832
1280.504678919021,0.00043211029851227423,-2.9015982574348875,307.498283431949,-430.33816792016336
1281.030872372198,0.00043054466144396155,-2.901371295063849,306.98718525440205,-430.46330065728296
1281.1839917460336,0.00043008739912540986,-2.901305405419541,306.83846385283056,-430.499735357067
1281.3371111198692,0.000429629703736677,-2.901239585676605,306.68974485095396,-430.5361798507234
1281.8633045730464,0.00042805632557189796,-2.9010139314853642,306.1786915059765,-430.66149556229146
1282.3894980262235,0.0004264874060719846,-2.9007891040223512,305.66766640014487,-430.7869263807647
1282.5426174000593,0.0004260326831264951,-2.9007238354315645,305.51896622436533,-430.82344761235765
1282.6957367738949,0.00042557903191495347,-2.900658636268708,305.3702684313431,-430.85997854428484
1283.221930227072,0.00042403046918180847,-2.900435107674996,304.85928784098945,-430.98559058703074
1283.7481236802491,0.0004225020869363122,-2.9002123886154325,304.3483352903634,-431.11131663860033
1283.9012430540847,0.0004220618893832027,-2.900147729142006,304.19965619049276,-431.14792357640977
1284.0543624279203,0.0004216239278965141,-2.9000831368121043,304.0509794567422,-431.18454012292153
1284.5805558810976,0.00042013763094439163,-2.8998616735048497,303.54007111025277,-431.31044568479336
1285.1067493342746,0.0004186833399330131,-2.89964098385666,303.0291906109771,-431.4364641934116
1285.2598687081102,0.0004182667157401535,-2.899576907299466,302.88053244203536,-431.47315603775394
1285.4129880819457,0.00041785317554985697,-2.8995128942376884,302.731876623399,-431.5098574031615
1285.939181535123,0.0004164567807460479,-2.899293391785311,302.2210400324189,-431.6360537832979
1286.4653749883,0.0004151006619916448,-2.899074613510238,301.7102311083977,-431.76236210532534
1286.6184943621356,0.0004147139725009519,-2.899011083233327,301.5615937344002,-431.79913809865997
1286.7716137359712,0.0004143309311983964,-2.8989476118484263,301.4129586961041,-431.8359235309389
1287.2978071891484,0.00041304321460919455,-2.8987299344097828,300.9021934072758,-431.9624081892622
1287.8240006423255,0.00041180089837429583,-2.898512922614491,300.39145562124577,-432.08900385668835
1287.977120016161,0.0004114481239746087,-2.8984498949918214,300.2428389181484,-432.12586329503574
1288.1302393899966,0.00041109931300167417,-2.898386921064272,300.0942245376247,-432.1627320967357
1288.656432843174,0.000409931253525872,-2.898170912705339,299.5835301413772,-432.28950268765544
1289.182626296351,0.00040881098366384055,-2.8979555063983615,299.0728631023342,-432.4163834361559
1289.3357456701865,0.0004084940324334196,-2.8978929338387793,298.92426695994664,-432.4533256762425
1289.488865044022,0.00040818114599321125,-2.8978304094984706,298.7756731286395,-432.4902772111856
1290.0150584971993,0.00040713698979959813,-2.8976159040647835,298.2650492645887,-432.61733160331175
1290.5412519503764,0.00040614070117397114,-2.8974019354654468,297.7544526319898,-432.7444953870587
1290.6943713242122,0.0004058597264457533,-2.8973397690147022,297.6058769549836,-432.78151984974846
1290.8474906980477,0.0004055827411195739,-2.8972776452941233,297.4573035792615,-432.8185535460766
1291.373684151225,0.0004046611216819548,-2.8970644748069976,296.94674993865124,-432.9458898298706
1291.899877604402,0.00040378558979386553,-2.8968517771444997,296.4362234238316,-433.07333482504777
1292.0529969782376,0.0004035393295007058,-2.896789968640337,296.2876681319697,-433.11044099563077
1292.2061163520732,0.0004032968445558008,-2.8967281975779438,296.13911513327736,-433.1475563457793
1292.7323098052505,0.00040249194930156503,-2.8965161990640893,295.62863145892277,-433.2751728311597
1293.2585032584275,0.0004017299309762935,-2.896304612800066,295.11817482420236,-433.40289743023686
1293.411622632263,0.0004015160306506977,-2.8962431165708904,294.9696398519324,-433.4400848561829
1293.5647420060986,0.0004013055864919341,-2.8961816528608684,294.82110716632064,-433.47728141438466
1294.090935459276,0.000400608211636574,-2.8959706736584545,294.3106932505385,-433.6051766203547
1294.617128912453,0.0003999494433918784,-2.8957600512528483,293.80030630649594,-433.7331794191486
1294.7702482862885,0.00039976473697355764,-2.895698825407362,293.6517916020436,-433.7704477058991
1294.923367660124,0.0003995830925012384,-2.8956376276463422,293.5032791792135,-433.80772508378743
1295.4495611133013,0.00039898157437599075,-2.895427529370937,292.99293486018803,-433.9358977219824
1295.9757545664784,0.00039841368079141084,-2.895217738763922,292.48261746153116,-434.06417750130674
1296.128873940314,0.0003982544526795365,-2.8951567461151595,292.3341229856132,-434.10152630661435
1296.2819933141495,0.0003980978464233088,-2.895095777686202,292.1856307875947,-434.13888416742975
1296.8081867673268,0.0003975789562608152,-2.8948864389633755,291.67535594458406,-434.26733312126703
1297.3343802205038,0.00039708833055349075,-2.8946773658408675,291.16510798501207,-434.3958888248134
1297.4874995943396,0.00039695056726737546,-2.8946165744787864,291.0166337092857,-434.4333178521012
1297.6406189681752,0.0003968149656028436,-2.8945558040859534,290.86816170886317,-434.47075590396753
1298.1668124213525,0.0003963647254471155,-2.894347122105005,290.35795625663627,-434.5994802049998
1298.6930058745295,0.0003959372760361055,-2.894138671041306,289.8477776630775,-434.7283109150097
1298.846125248365,0.00039581686820138547,-2.894078054593303,289.69932356843333,-434.76581990619405
1298.9992446222006,0.0003956981609520996,-2.894017456491748,289.55087174742704,-434.80333789490544
1299.525438075378,0.0003953024675943238,-2.8938093475788507,289.0407356302867,-434.9323366978189
1300.051631528555,0.00039492417927014956,-2.893601442297997,288.5306263568411,-435.06144160987475
1300.2047509023905,0.00039481707537659776,-2.893540979951135,288.38219243163115,-435.0990303380139
1300.357870276226,0.0003947112260991715,-2.8934805339457834,288.2337607791229,-435.1366280396814
1300.8840637294034,0.00039435634863430296,-2.8932729333886873,287.7236939647976,-435.2659005970682
1301.4102571825804,0.00039401376030080855,-2.8930655163325567,287.213653986641,-435.3952789950275
1301.563376556416,0.0003939161037776314,-2.8930051926611795,287.06524022491163,-435.4329472570765
1301.7164959302515,0.0003938192857364867,-2.89294488391352,286.916828735482,-435.47062447091076
1302.2426893834288,0.0003934923238413054,-2.8927377451392933,286.4068312091169,-435.60017010871957
1302.7688828366058,0.00039317295739728684,-2.8925307764119337,285.89686051658754,-435.7298213406523
1302.9220022104414,0.0003930812029902503,-2.8924705810288502,285.7484669163815,-435.7675689505688
1303.075121584277,0.00039298991062878446,-2.8924103996908586,285.6000755884231,-435.8053254920391
1303.6013150374542,0.0003926791325084639,-2.892203692886776,285.0901473468777,-435.9351435865117
1304.1275084906313,0.0003923717603049509,-2.891997148716018,284.5802459399385,-436.0650670423843
1304.2806278644669,0.0003922827385546897,-2.8919370758002403,284.4318725017174,-436.1028938247879
1304.4337472383024,0.0003921938470358247,-2.891877016532457,284.28350133587344,-436.1407295193521
1304.9599406914797,0.00039188886006526056,-2.891670726928519,283.7736423824835,-436.27081947603693
1305.4861341446567,0.00039158363758410756,-2.8914645978686875,283.2638102656906,-436.40101456763
1305.6392535184925,0.00039149458905818297,-2.891404645630306,283.1154569909111,-436.4389203521327
1305.792372892328,0.00039140538712712154,-2.8913447070613603,282.96710598866974,-436.47683502964804
1306.3185663455054,0.00039109724907273913,-2.8911388330352117,282.4573163285632,-436.60719626481585
1306.8447597986824,0.00039078582661468625,-2.890933122013403,281.94755350661296,-436.7376624081241
1306.997879172518,0.00039069443508117744,-2.890873292114015,281.79922039647556,-436.7756470243993
1307.1509985463535,0.00039060265776456345,-2.890813476256155,281.6508895589399,-436.81364051427727
1307.6771919995308,0.0003902839790231436,-2.8906080272870147,281.1411691949676,-436.9442724389434
1308.2033854527078,0.0003899595723663342,-2.8904027475115353,280.63147566888074,-437.0750090392575
1308.3565048265434,0.00038986397643946016,-2.890343044449447,280.4831627232683,-437.1130723129004
1308.509624200379,0.0003897678123181931,-2.8902833560823997,280.3348520501162,-437.15114444005854
1309.0358176535563,0.0003894327445441838,-2.890078350633203,279.82520097944877,-437.28204644677237
1309.5620111067333,0.0003890900750396899,-2.889873523494463,279.31557674342906,-437.41305288654655
1309.7151304805689,0.0003889888430980994,-2.8898139540010503,279.1672839600418,-437.4511946357445
1309.8682498544044,0.000388886906875175,-2.8897544000721314,279.018993448683,-437.4893452173671
1310.3944433075817,0.00038853103656287925,-2.88954986356372,278.50941166007806,-437.6205166697515
1310.9206367607587,0.0003881662196469689,-2.889345516665756,277.99985669903054,-437.7517922991635
1311.0737561345943,0.0003880583190216344,-2.8892860891437993,277.8515840727096,-437.79001233213756
1311.2268755084299,0.000387949621735613,-2.8892266782108065,277.7033137176298,-437.8282411751987
1311.7530689616071,0.00038756988177010966,-2.8890226411388307,277.1938011893343,-437.95968140006465
1312.2792624147842,0.00038718035379084497,-2.8888188064587306,276.68431547700385,-438.09122553008166
1312.43238178862,0.00038706513116231557,-2.888759530453652,276.5360629992339,-438.1295236432429
1312.5855011624556,0.0003869490601515568,-2.8887002721593302,276.38781279151704,-438.1678305427425
1313.1116946156328,0.0003865436482754182,-2.888496768313235,275.8783694897717,-438.2995388246179
1313.6378880688098,0.00038612805453918644,-2.8882934804710265,275.3689529874735,-438.4313507224199
1313.7910074426454,0.00038600519562169845,-2.8882343661792924,275.22072064605436,-438.4697266992033
1313.944126816481,0.0003858814711705382,-2.8881752707661352,275.0724905730726,-438.5081114370719
1314.4703202696583,0.00038544967854663517,-2.887972335617974,274.5631164511845,-438.6400870149778
1314.9965137228353,0.0003850076792646418,-2.8877696303616007,274.05376910707815,-438.7721659015324
1315.1496330966709,0.00038487715037475436,-2.8877106882096326,273.9055568859506,-438.810619511833
1315.3027524705064,0.0003847457672509297,-2.8876517661074628,273.75734693120575,-438.8490818564312
1315.8289459236837,0.0003842877848333068,-2.887449435462303,273.24804192911876,-438.9813239226113
1316.3551393768607,0.00038381988277335944,-2.887247348414316,272.73876367795094,-439.1136689720655
1316.5082587506963,0.0003836818865546514,-2.887188588710259,272.59057155715186,-439.1521999721794
1316.661378124532,0.0003835430722115154,-2.8871298501946585,272.44238170024346,-439.19073967828916
1317.1875715777092,0.00038305986615850684,-2.886928159060402,271.93314574452796,-439.3232473785585
1317.7137650308862,0.0003825672967237747,-2.8867267246494803,271.4239365077671,-439.4558577191481
1317.8668844047218,0.00038242224012615593,-2.886668157282767,271.2757644634949,-439.4944658521377
1318.0200037785573,0.00038227642150321083,-2.8866096121798264,271.12759468019823,-439.5330826613717
1318.5461972317346,0.0003817696019885848,-2.886408593794582,270.6184276844026,-439.6658550968496
1319.0723906849116,0.0003812541734305042,-2.8862078443594568,270.1092873707169,-439.7987298131066
1319.2255100587472,0.0003811026154452557,-2.886149478556593,269.9611353754933,-439.83741480952625
1319.3786294325828,0.0003809503650938637,-2.8860911360066854,269.81298563792933,-439.8761084510892
1319.90482288576,0.0003804219920416906,-2.8858908210929286,269.30388750323516,-440.0091446810699
1320.431016338937,0.00037988589072569855,-2.885690786238892,268.7948160092426,-440.14228281704646
1320.5841357127729,0.0003797284881984269,-2.8856326303954623,268.64668403214625,-440.1810443959396
1320.7372550866085,0.0003795704717795077,-2.885574498693221,268.4985543090233,-440.2198145876498
1321.2634485397857,0.0003790228956325834,-2.8853749149651553,267.98952492511927,-440.3531136332786
1321.7896419929627,0.00037846856251936813,-2.8851756211458057,267.4805221363267,-440.4865141964537
1321.9427613667983,0.0003783060414562545,-2.88511768271604,267.3324101432778,-440.5253520665277
1322.095880740634,0.00037814299152119966,-2.885059769204306,267.1843004001798,-440.564198516008
1322.6220741938112,0.00037757877548984047,-2.8848609410299604,266.6753396462871,-440.69775936448946
1323.1482676469882,0.0003770088299652791,-2.8846624112498045,266.1664054381618,-440.8314213301382
1323.3013870208238,0.00037684196036808914,-2.884604696667528,266.01831339224185,-440.87033519106285
1323.4545063946593,0.000376674649308955,-2.884547007662432,265.8702235919515,-440.90925759705
1323.9806998478366,0.00037609645786151305,-2.884348955842041,265.3613313379575,-441.0430792062245
1324.5068933010136,0.0003755135633843504,-2.884151209499554,264.85246557709144,-441.17700152208937
1324.6600126748492,0.00037534311697206885,-2.8840937241463904,264.70439343888614,-441.2159910658697
1324.8131320486848,0.0003751723143714222,-2.884036264911832,264.55632354172997,-441.25498911959136
1325.339325501862,0.00037458276892578224,-2.8838390066406316,264.0474996493813,-441.38907042268556
1325.865518955039,0.00037398950522191045,-2.8836420595626437,263.53870219468894,-441.5232520137268
1326.0186383288747,0.00037381622378244213,-2.883584807790225,263.3906499226367,-441.5623169260794
1326.1717577027102,0.0003736426675284322,-2.8835275825646436,263.2425998868325,-441.60139031262753
1326.6979511558875,0.0003730442744587864,-2.8833311315525165,262.73384421092294,-441.7357302229351
1327.2241446090645,0.0003724431013135037,-2.8831349961423323,262.22511491481623,-441.87016999594135
1327.3772639829003,0.0003722676916757354,-2.8830779813180434,262.07708246554694,-441.9093099576216
1327.530383356736,0.0003720920841539497,-2.8830209933610726,261.9290522475413,-441.9484583572722
1328.0565768099132,0.00037148722091908434,-2.8828253599962887,261.42036463706086,-442.0830557726363
1328.5827702630902,0.00037088044976983485,-2.882630045408544,260.9117033465798,-442.2177526206203
1328.7358896369258,0.00037070357030512594,-2.8825732699695954,260.7636906752401,-442.2569673086837
1328.8890090107614,0.0003705265628327453,-2.882516521618391,260.6156802300318,-442.2961903981504
1329.4152024639386,0.0003699174084715102,-2.8823217131835475,260.1070605292633,-442.43104420520297
1329.9413959171156,0.0003693071190261087,-2.8821272255803754,259.5984670871454,-442.5659970115196
1330.0945152909512,0.00036912935483095015,-2.8820706911169482,259.4504741477039,-442.6052861004952
1330.2476346647868,0.0003689515234430073,-2.8820141838728333,259.3024834291463,-442.644583554089
1330.773828117964,0.0003683399869344588,-2.8818202048694337,258.79393147867916,-442.779692632133
1331.300021571141,0.0003677279833919695,-2.881626547775414,258.2854057243309,-442.9149002741874
1331.4531409449767,0.00036754984064806575,-2.8815702551375493,258.13743246985223,-442.954263437121
1331.6062603188122,0.0003673716835073499,-2.8815139897736,257.9894614309238,-442.99363492777906
1332.1324537719895,0.0003667594187953319,-2.8813208422886474,257.48097706855305,-443.12899815220004
1332.6586472251665,0.0003661472669467433,-2.881128016943681,256.9725188389035,-443.2644595046759
1332.811766599002,0.0003659691850483134,-2.8810719663397197,256.82456522178904,-443.3038964140367
1332.9648859728377,0.000365791133905195,-2.8810159429976268,256.6766138148297,-443.3433416142134
1333.491079426015,0.00036517956524745256,-2.880823627025549,256.16819687634273,-443.47895785943604
1334.017272879192,0.0003645685918178672,-2.88063163270029,255.65980600659097,-443.6146717970888
1334.1703922530276,0.00036439093749351996,-2.880575823789407,255.51187197878812,-443.65418212555187
1334.3235116268631,0.00036421335014040365,-2.8805200420729378,255.36394015570556,-443.693700707988
1334.8497050800404,0.0003636036359115876,-2.8803285558487803,254.8555904755645,-443.82956885001033
1335.3758985332174,0.00036299488924323065,-2.880137390197694,254.34726679981648,-443.96553425002645
1335.5290179070532,0.00036281794693042007,-2.880081822196603,254.1993523129957,-444.0051176711249
1335.6821372808888,0.0003626410989649292,-2.880026281279478,254.05144002543847,-444.04470930948366
1336.208330734066,0.000362034121900618,-2.879835621655826,253.54315743734216,-444.1808282279393
1336.734524187243,0.0003614283944734978,-2.8796452810907534,253.03490078912475,-444.3170439718074
1336.8876435610787,0.00036125237959946737,-2.879589952879345,252.88700579481994,-444.3567001604409
1337.0407629349143,0.0003610764800223813,-2.879534651608832,252.73911299431364,-444.3963645298016
1337.5669563880915,0.0003604729127559643,-2.8793448143896323,252.23089733163673,-444.5327331095426
1338.0931498412685,0.00035987080756660786,-2.8791552943789065,251.7227075442948,-444.66919808447483
1338.2462692151041,0.0003596958827075618,-2.879100204580707,251.5748319940115,-444.70892671729604
1338.3993885889397,0.00035952108799957336,-2.8790451415559275,251.42695863206404,-444.7486634945281
1338.925582042117,0.00035892142065254855,-2.878856121753714,250.91880972819754,-444.8852806268252
1339.451775495294,0.0003583233509090947,-2.8786674170722066,250.4106866352009,-445.0219937268285
1339.6048948691296,0.0003581496212701532,-2.8786125641278955,250.26283048049982,-445.0617944825309
1339.7580142429651,0.000357976029898411,-2.878557737773909,250.11497650868182,-445.1016033465704
1340.2842076961424,0.00035738054826587077,-2.878369529872504,249.60689419728604,-445.23846792997944
1340.8104011493194,0.0003567867234972249,-2.8781816348737173,249.09883763244704,-445.3754280565854
1340.963520523155,0.00035661423670141194,-2.8781270171214732,248.95100082499994,-445.41530061608904
1341.1166398969906,0.0003564418909241309,-2.878072425769411,248.80316619499783,-445.45518124811343
1341.6428333501678,0.0003558507043892837,-2.8778850239924005,248.29515031016194,-445.5922921889841
1342.1690268033449,0.000355261186947394,-2.877697932854739,247.78716010775952,-445.72949825162726
1342.3221461771805,0.0003550899538987509,-2.877643548595573,247.63934259937952,-445.7694422981664
1342.475265551016,0.0003549188614490959,-2.8775891905449362,247.4915272630234,-445.8093943816726
1343.0014590041933,0.0003543319742435823,-2.877402589043859,246.98357763934254,-445.9467505943514
1343.5276524573703,0.00035374673180655546,-2.8772162959262513,246.47565363417655,-446.08420151048466
1343.6807718312061,0.00035357673586922464,-2.877162143464591,246.32785537683023,-446.12421672962694
1343.8338912050417,0.0003534068765619518,-2.8771080170226764,246.18005928610378,-446.1642399504443
1344.360084658219,0.00035282419016571776,-2.8769222100097793,245.6721757587029,-446.3018403572774
1344.886278111396,0.00035224307670250147,-2.8767367091888127,245.16431778609916,-446.4395350523068
1345.0393974852316,0.0003520742660172401,-2.876682786874849,245.01653873190398,-446.47962113192136
1345.1925168590672,0.00035190558395133543,-2.8766288904000334,244.8687618389409,-446.51971517817293
1345.7187103122444,0.00035132687588392995,-2.8764438723059027,244.36094424344742,-446.657558709323
1346.2449037654214,0.00035074962920024206,-2.87625915833968,243.85315213920785,-446.79549611634206
1346.398023139257,0.0003505819213901488,-2.8762054646168007,243.7053922404139,-446.8356527465059
1346.5511425130926,0.0003504143320212917,-2.8761517965651193,243.55763449747712,-446.87581730850934
1347.0773359662699,0.00034983929964637077,-2.875967562185377,243.04988266993655,-447.01390290156144
1347.6035294194469,0.0003492656020515387,-2.8757836300327266,242.54215627023606,-447.15208196089014
1347.7566487932825,0.0003490989025360739,-2.8757301634657706,242.39441547919256,-447.19230883374433
1347.909768167118,0.00034893231006009054,-2.875676722416651,242.24667683864016,-447.23254360386255
1348.4359616202953,0.0003483606144427231,-2.8754932669828444,241.7389906153909,-447.370870203289
1348.9621550734723,0.00034779010703476923,-2.875310112058912,241.23132975664322,-447.50928986190684
1349.115274447308,0.00034762430669839464,-2.875256871349706,241.08360802575834,-447.5495866714856
1349.2683938211435,0.000347458599617849,-2.8752036560219376,240.93588844000223,-447.5898913439544
1349.7945872743207,0.00034688983644861503,-2.875020975265485,240.42826765752866,-447.72845790050206
1350.3207807274978,0.000346322080980098,-2.874838593523363,239.92067217622846,-447.86711711139856
1350.4739001013336,0.0003461570457000299,-2.874785577538479,239.77296945792102,-447.9074835534326
1350.6270194751692,0.0003459920872285783,-2.874732586819302,239.62526887937744,-447.94785782415937
1351.1532129283464,0.0003454257682172659,-2.8745506770801805,239.11771337412992,-448.0866632941237
1351.6794063815234,0.00034486025538300636,-2.874369065122311,238.61018310665685,-448.2255610155156
1351.832525755359,0.00034469583436292294,-2.8743162729239655,238.46249935329604,-448.2659967871938
1351.9856451291946,0.00034453147283740137,-2.874263505898677,238.31481773432438,-448.3064403535151
1352.5118385823719,0.00034396707276367636,-2.8740823642112656,237.80732734249926,-448.445483697875
1353.038032035549,0.00034340327010053617,-2.8739015193502992,237.29986212488717,-448.58461889230637
1353.1911514093845,0.00034323930684873746,-2.873848950209305,237.152197288724,-448.6251236920084
1353.34427078322,0.0003430753846558801,-2.8737964061728465,237.00453458155746,-448.6656362524204
1353.8704642363973,0.00034251235124919943,-2.87361603029981,236.49710913885573,-448.80491643590324
1354.3966576895743,0.0003419496842707159,-2.8734359505948572,235.98970880654525,-448.94428806929074
1354.54977706341,0.00034178600636332296,-2.8733836040037857,235.84206283963925,-448.9848615963058
1354.7028964372455,0.0003416223485704722,-2.873331282475368,235.6944189963108,-449.0254428501817
1355.2290898904228,0.00034106005899883524,-2.873151670973188,235.18705833767828,-449.1649588402702
1355.7552833435998,0.00034049787318593734,-2.8729723553167985,234.67972272524568,-449.30456588087304
1355.9084027174354,0.00034033428456557897,-2.872920231018905,234.53209557938354,-449.3452078350916
1356.061522091271,0.00034017069306180683,-2.872868131771866,234.3844705516434,-449.3858574823681
1356.5877155444482,0.0003396084544364957,-2.872689284095835,233.87717451097623,-449.5256082481911
1357.1139089976252,0.0003390460442726537,-2.8725107323112167,233.36990345182375,-449.66544966544956
1357.2670283714608,0.0003388823384098607,-2.872458830325117,233.2222950784265,-449.70615974701616
1357.4201477452964,0.0003387186061248937,-2.872406953409704,233.07468881764822,-449.74687748784385
1357.9463411984736,0.00033815570366587766,-2.872228869974528,232.5674572274635,-449.88686199895005
1358.4725346516507,0.00033759234603620924,-2.872051082854693,232.06025055348198,-450.02693676223544
1358.6256540254865,0.0003374283103041404,-2.871999403482838,231.9126609035057,-450.06771467118193
1358.778773399322,0.00033726422325671047,-2.871947749234246,231.76507336058654,-450.10850020555597
1359.3049668524993,0.0003366999085959293,-2.871770431443879,231.25790605167666,-450.24871743064034
1359.8311603056763,0.00033613483134648507,-2.871593410792825,230.7507635928937,-450.3890245079624
1359.984279679512,0.00033597023590661276,-2.871541954637106,230.60319261672566,-450.42986994382784
1360.1373990533475,0.00033580556205766864,-2.8714905236925516,230.45562374198192,-450.4707229712065
1360.6635925065248,0.0003352390207093492,-2.8713139740116334,229.94852054304832,-450.6111718767732
1361.1897859597018,0.00033467138930431923,-2.871137722727851,229.44144212724993,-450.751710233405
1361.3429053335374,0.00033450598875090116,-2.871086490714718,229.29388977459615,-450.7926228948266
1361.496024707373,0.0003343404821270533,-2.8710352840381397,229.14633951764958,-450.8335431137185
1362.0222181605502,0.00033377086874078216,-2.870859506066773,228.63930025490419,-450.9742226626388
1362.5484116137272,0.0003331998423897037,-2.870684028193985,228.1322857072262,-451.1149912596428
1362.7015309875628,0.00033303339378931734,-2.8706330215831235,227.98475192699098,-451.1559708439236
1362.8546503613984,0.00033286681210071504,-2.870582040471329,227.83722023664797,-451.19695795145435
1363.3808438145757,0.00033229329915182343,-2.870407038947505,227.33024473339637,-451.33786710147257
1363.9070372677527,0.00033171805532231,-2.8702323396578255,226.82329387590747,-451.47886489421126
1364.0601566415883,0.0003315503197132928,-2.870181560035459,226.67577861607268,-451.51991109688856
1364.2132760154238,0.00033138242404534573,-2.870130806111276,226.52826544020343,-451.56096478836974
1364.739469468601,0.0003308041888341781,-2.86995658689114,226.02135351643122,-451.7021024906321
1365.2656629217781,0.0003302239034559594,-2.8697826724739754,225.51446616772003,-451.8433284273038
1365.418782295614,0.00033005464100997804,-2.8697321217517713,225.3669693752246,-451.8844409417241
1365.5719016694495,0.0003298851919987753,-2.8696815969634084,225.21947466064307,-451.9255609102287
1366.0980951226268,0.00032930141850685043,-2.869508167020985,224.7126261326015,-452.06692610782284
1366.6242885758038,0.00032871529630747924,-2.8693350448742865,224.20580210736182,-452.2083791280042
1366.7774079496394,0.0003285442814913119,-2.8692847252830704,224.05832372798127,-452.2495576448999
1366.930527323475,0.00032837305684131857,-2.869234431895458,223.91084742032456,-452.29074358084046
1367.4567207766522,0.00032778301022965236,-2.8690617992681546,223.40406210012023,-452.4323352073599
1367.9829142298292,0.00032719036547959547,-2.8688894778030742,222.89730120874998,-452.57401424061004
1368.1360336036648,0.00032701740873734137,-2.8688393918569415,222.74984118698237,-452.6152584477038
1368.2891529775004,0.00032684422330261264,-2.8687893324128093,222.6023832305982,-452.65651003844187
1368.8153464306777,0.0003262473012018256,-2.86861750604798,222.09566092581872,-452.79832701669324
1369.3415398838547,0.00032564758384699986,-2.8684459945150724,221.5889629740679,-452.94023098134187
1369.4946592576903,0.00032547253490957837,-2.8683961449588864,221.44152125303603,-452.981540563011
1369.6477786315259,0.00032529724302659044,-2.86834632222566,221.294081590887,-453.0228574925294
1370.173972084703,0.00032469297984918493,-2.868175311797196,220.78742210428754,-453.1648987334653
1370.7001655378801,0.00032408578590202645,-2.868004620099133,220.28078689297027,-453.30702653564174
1370.8532849117157,0.0003239085401725361,-2.8679550098528392,220.13336341434248,-453.3484011726534
1371.0064042855513,0.00032373104389600153,-2.8679054267657285,219.98594198792927,-453.3897831213001
1371.5325977387286,0.0003231191598069373,-2.8677352424644904,219.47934511718796,-453.53204752320534
1372.0587911919056,0.0003225043098346196,-2.8675653809129655,218.97277244196925,-453.6743980561383
1372.2119105657412,0.00032232483630258233,-2.867516012992328,218.82536714590427,-453.71583742546983
1372.3650299395767,0.0003221451146093543,-2.86746667257088,218.67796389521365,-453.75728406979016
1372.891223392754,0.00032152561747076795,-2.8672973247822715,218.17142943278012,-453.89977051780545
1373.417416845931,0.000320903246891974,-2.867128303724992,217.66491908407372,-454.0423426615239
1373.5705362197668,0.00032072160957194055,-2.8670791811244274,217.51753190920104,-454.08384643631257
1373.7236555936024,0.0003205397375847583,-2.8670300863523286,217.3701467726916,-454.1253574490163
1374.2498490467797,0.0003199129706035808,-2.866861585225212,216.86367450577654,-454.26806481516604
1374.7760424999567,0.00031928355686041874,-2.8666934145951295,216.3572262687976,-454.41085743674955
1374.9291618737923,0.0003190999203652464,-2.8666445401543843,216.20985715224526,-454.45242528640887
1375.0822812476279,0.00031891607469686434,-2.8665956938450825,216.0624900668801,-454.4940003365064
1375.6084747008051,0.0003182827384414253,-2.8664280488238987,215.556079777612,-454.63692748031576
1376.1346681539821,0.0003176471384825995,-2.8662607376556766,215.049693432602,-454.77993943475263
1376.2877875278177,0.0003174617836786261,-2.866212113915013,214.9023423100753,-454.8215710252682
1376.4409069016533,0.0003172762602391787,-2.86616351856436,214.75499321140714,-454.8632097783881
1376.9671003548306,0.00031663749284330467,-2.8659967378571647,214.24864467717285,-455.0063555481457
1377.4932938080076,0.00031599704192142216,-2.865830293708118,213.74231999982106,-455.14958567987696
1377.6464131818432,0.0003158103961313022,-2.8657819227295627,213.594986805741,-455.19128067431217
1377.7995325556788,0.00031562363980211397,-2.865733580332689,213.44765562805858,-455.2329827932329
1378.325726008856,0.0003149811061777045,-2.8655676702491193,212.94136862206736,-455.37634602803115
1378.851919462033,0.00031433768011496113,-2.865402098497331,212.4351053841743,-455.5197931733349
1379.0050388358686,0.00031415032882688333,-2.8653539816549762,212.28779005189045,-455.56155123259214
1379.1581582097042,0.00031396294289037975,-2.86530589349494,212.14047672844018,-455.60331637803483
1379.6843516628815,0.0003133188510124846,-2.865140857713092,211.6342510205542,-455.7468959107316
1380.2105451160585,0.0003126748680364025,-2.864976160819519,211.12804899096994,-455.89055890105715
1380.3636644898943,0.00031248755470110733,-2.8649282985849975,210.98075145305404,-455.93237968491877
1380.5167838637299,0.0003123003008786261,-2.86488046501808,210.83345591634264,-455.9742075166189
1381.0429773169071,0.00031165741038647693,-2.8647163038453987,210.32729127418773,-456.1180021777611
1381.5691707700842,0.00031101585813498586,-2.8645524806053957,209.82115022003316,-456.2618798440279
1381.7222901439197,0.00031082949647294304,-2.864504872326928,209.6738704086551,-456.3037630124773
1381.8754095177553,0.00031064330879598134,-2.864457292559801,209.5265925908352,-456.34565319053974
1382.4016029709326,0.0003100049875636995,-2.864294002147953,209.02048878120132,-456.48966181327273
1382.9277964241096,0.00030936947789154696,-2.8641310468768437,208.51440846938712,-456.6337529911829
1383.0809157979452,0.0003091851645880045,-2.864083690536874,208.36714631678012,-456.6756982060298
1383.2340351717808,0.0003090011597708408,-2.8640363623826453,208.21988615012623,-456.71765039258776
1383.760228624958,0.0003083713958611476,-2.8638739338818904,207.71384294068338,-456.8618718186338
1384.286422078135,0.00030774614092972716,-2.8637118355724813,207.20782313975272,-457.006175355077
1384.4395414519706,0.0003075651420980783,-2.8636647275458147,207.06057857877346,-457.0481822818995
1384.5926608258062,0.00030738460392782584,-2.863617647184258,206.91333599625227,-457.0901961430937
1385.1188542789835,0.00030676793931364515,-2.863456065941234,206.4073531575901,-457.2346292298148
1385.6450477321605,0.00030615767677775015,-2.863294807498725,205.90139363987703,-457.37914399032616
1385.798167105996,0.00030598140665968795,-2.863247942337509,205.75416660465498,-457.42121230071336
1385.9512864798317,0.0003058057652449413,-2.8632011041031507,205.6069415405844,-457.46328750896464
1386.477479933009,0.00030520723506513727,-2.863040348954585,205.10101884854754,-457.60793113740635
1387.003673386186,0.0003046171820266069,-2.8628799065183714,204.59511939261833,-457.75265601455766
1387.1567927600215,0.0003044471920393758,-2.8628332767589124,204.4479098192859,-457.79478538861486
1387.309912133857,0.0003042780130408186,-2.862786672949701,204.30070221007358,-457.8369216251575
1387.8361055870344,0.0003037031023021643,-2.862626715577466,203.79483944836485,-457.98177470896695
1388.3622990402114,0.00030313888810555535,-2.862467057905269,203.2889998417196,-458.12670863160275
1388.5154184140472,0.00030297684013502816,-2.8624206538960815,203.14180766921598,-458.1688987606959
1388.6685377878828,0.00030281579471701497,-2.862374274605867,202.9946174541711,-458.2110957183477
1389.19473124106,0.00030227030764201233,-2.86221507900253,202.48881441719772,-458.35615721346966
1389.720924694237,0.00030173780811519954,-2.862056167013937,201.98303445919584,-458.50129915665104
1389.8740440680726,0.00030158542106264595,-2.8620099768002154,201.8358596301317,-458.543549746342
1390.0271634419082,0.00030143423091933324,-2.8619638098113085,201.68868675233477,-458.585807132454
1390.5533568950855,0.00030092409548351204,-2.861805331977305,201.1829432482334,-458.7310760473782
1391.0795503482625,0.0003004292374490436,-2.861647118553792,200.67722275316262,-458.87642504275544
1391.232669722098,0.0003002882322399659,-2.861601127838543,200.5300652147193,-458.9187358158358
1391.3857890959337,0.00030014861554811213,-2.8615551585911856,200.3829096219238,-458.9610533553323
1391.911982549111,0.0002996797082409324,-2.8613973464900786,199.87722547566995,-459.1065287615584
1392.438176002288,0.0002992283016239912,-2.861239776520549,199.3715642758641,-459.25208390783325
1392.5912953761235,0.0002991003520589629,-2.8611939686942414,199.22442398070038,-459.29445460736196
1392.744414749959,0.00029897397310415976,-2.861148180324062,199.07728562623842,-459.33683204577267
1393.2706082031364,0.00029855192822964086,-2.8609909740729673,198.57166068274958,-459.482513088176
1393.7968016563134,0.00029814944110062943,-2.860833984753541,198.06605863166317,-459.62827356134113
1393.949921030149,0.000298036100642831,-2.8607883410044717,197.91893553880263,-459.67070395359275
1394.1030404039846,0.0002979244937039,-2.8607427144642372,197.77181438246797,-459.713141059983
1394.6292338571618,0.0002975544210232587,-2.860586046846236,197.26624850959814,-459.85902696672997
1395.1554273103388,0.00029720567619368783,-2.8604295683467664,196.76070548472265,-460.0049920296845
1395.3085466841746,0.00029710828782213687,-2.860384067885551,196.61359956038402,-460.0474819068795
1395.4616660580102,0.00029701276686527325,-2.860338582183244,196.4664955692535,-460.08997847654666
1395.9878595111875,0.0002966989468160837,-2.860182379570508,195.9609886605371,-460.2360685680714
1396.5140529643645,0.0002964078333182077,-2.860026336113806,195.45550456600535,-460.38223757908867
1396.6671723382,0.00029632745006221946,-2.859980956515519,195.30841578433106,-460.4247867617504
1396.8202917120357,0.0002962490310870497,-2.8599355890685554,195.1613289334784,-460.46734261852976
1397.346485165213,0.000295994660729409,-2.8597797727266254,194.65588091046789,-460.6136363150433
1397.87267861839,0.00029576388766941713,-2.8596240840243383,194.1504556791967,-460.7600087345869
1398.0257979922255,0.000295701200226013,-2.8595788016704673,194.00338402283677,-460.8026170733859
1398.1789173660611,0.0002956405277781915,-2.8595335287589503,193.85631429589822,-460.8452320714286
1398.7051108192384,0.0002954474546664132,-2.8593780164929234,193.35092510995847,-460.99172889850155
1399.2313042724154,0.00029527826505534074,-2.85922259953703,192.84555870519554,-461.1383042939372
1399.384423646251,0.0002952335149413228,-2.8591773901656,192.69850416570807,-461.1809716708879
1399.5375430200866,0.00029519077451327505,-2.8591321874956477,192.5514515552593,-461.22364569577564
1400.0637364732638,0.00029505919301816533,-2.8589768956898465,192.0461211886756,-461.37034528751917
1400.5899299264408,0.00029495106731866003,-2.8588216669502207,191.5408136047993,-461.5171233352246
1400.7430493002764,0.0002949239640876817,-2.8587765063243826,191.3937761828219,-461.55984966408664
1400.896168674112,0.0002948988013873293,-2.8587313497090605,191.24674069052068,-461.60258263313415
1401.4223621272893,0.00029482699726231747,-2.8585761957571587,190.74146915676317,-461.74948473245524
1401.9485555804663,0.0002947774352942908,-2.858421073736276,190.23622041918077,-461.8964652168163
1402.1016749543019,0.00029476710069859495,-2.858375938408298,190.08920012432947,-461.93925044255667
1402.2547943281375,0.0002947585687999393,-2.8583308045399916,189.94218176078175,-461.9820423041615
1402.7809877813147,0.00029474275694070344,-2.858175709556273,189.43696910378836,-462.1291467596516
1403.3071812344917,0.0002947471369395177,-2.858020617580237,188.93177926781271,-462.27632956856075
1403.4603006083275,0.0002947520662795619,-2.8579754857170503,188.78477611827665,-462.3191736657778
1403.6134199821631,0.0002947585878442983,-2.8579303529989226,188.6377749025958,-462.36202439772194
1404.1396134353404,0.0002947927875915155,-2.857775244718997,188.13262119498057,-462.50933115688173
1404.6658068885174,0.0002948442533706641,-2.8576201139007487,187.62749034360124,-462.6567162734836
1404.818926262353,0.0002948622856233545,-2.8575749661570704,187.48050436541072,-462.6996192437221
1404.9720456361886,0.0002948816249187047,-2.85752981558048,187.33352032444708,-462.74252885035946
1405.4982390893658,0.0002949575810187424,-2.8573746314063677,186.82842566456034,-462.8900379489437
1406.0244325425429,0.00029504699639773383,-2.857219403723557,186.32335390504468,-463.0376254394357
1406.1775519163784,0.0002950753085457195,-2.857174224141166,186.1763851309949,-463.0805873073447
1406.330671290214,0.0002951045694144882,-2.8571290401854523,186.0294182982205,-463.1235558156272
1406.8568647433913,0.0002952117758565174,-2.85697373027383,185.5243828060136,-463.27126736298146
1407.3830581965683,0.00029532779584109226,-2.856818361632063,185.01937026530618,-463.4190573604005
1407.5361775704039,0.000295362932404891,-2.8567731385229176,184.87241873353122,-463.4620781687256
1407.6892969442395,0.00029539859141389707,-2.8567279100337633,184.72546914757515,-463.5051056230667
1408.2154903974167,0.0002955244306313166,-2.8565724402703725,184.22049295927337,-463.653019783503
1408.7416838505937,0.00029565367636249015,-2.856416903394964,183.71553977822143,-463.8010124676231
1408.8948032244293,0.00029569160638066535,-2.8563716301644617,183.56860553043174,-463.84409227108625
1409.047922598265,0.00029572957259259834,-2.856326351168234,183.42167323328064,-463.8871787271209
1409.5741160514422,0.00029585954198572934,-2.8561707058925334,182.9167564949254,-464.03529569757626
1410.1003095046192,0.00029598686207321043,-2.856014992924811,182.41186282141012,-464.1834912712299
1410.253428878455,0.00029602306208137647,-2.8559696688005656,182.26494590081884,-464.22663012939626
1410.4065482522906,0.0002960587633332029,-2.8559243392200795,182.11803093571112,-464.2697756467429
1410.9327417054678,0.00029617679814419,-2.8557685235791377,181.61317379568123,-464.41809563112713
1411.4589351586449,0.0002962856344594641,-2.855612648249143,181.10833977678357,-464.56649429341485
1411.6120545324804,0.00029631520338081497,-2.8555672788759523,180.96144022576374,-464.6096922626967
1411.765173906316,0.0002963437049970174,-2.855521905107548,180.8145426348196,-464.65289689687575
1412.2913673594933,0.0002964326158307606,-2.855365946894546,180.3097452354917,-464.8014200776842
1412.8175608126703,0.0002965054855440258,-2.8552099461176086,179.80497100887612,-464.95002199472816
1412.970680186506,0.00029652329307990917,-2.8551645439732454,179.65808886640676,-464.99327911973046
1413.1237995603415,0.00029653944977476015,-2.8551191392796147,179.51120868805506,-465.0365429134516
1413.6499930135187,0.00029658147056845613,-2.854963090101187,179.00647115682523,-465.185269421421
1414.1761864666958,0.00029660055344000894,-2.854807024846583,178.50175684158657,-465.3340746955125
1414.3293058405313,0.00029660141818676415,-2.854761609435499,178.35489214056213,-465.37739099998134
1414.482425214367,0.0002966000554617213,-2.8547161941118744,178.2080294068403,-465.4207139740662
1415.0086186675442,0.00029657749178213944,-2.854560129742487,177.7033518467876,-465.5696438568414
1415.5348121207212,0.0002965253171741834,-2.854404085036496,177.19869753406329,-465.7186524950259
1415.6879314945568,0.00029650421383022426,-2.8543586828217995,177.0518502985602,-465.76202797271645
1415.8410508683924,0.0002964803384463366,-2.854313284095965,176.90500503238204,-465.8054101169805
1416.3672443215696,0.0002963763157890147,-2.8541573038835337,176.40038751291024,-465.9545433079425
1416.8934377747466,0.0002962365488614642,-2.8540013878113415,175.89579325661674,-466.1037551912555
1417.0465571485822,0.0002961888439640905,-2.853956031845664,175.74896349922392,-466.14718979708647
1417.1996765224178,0.0002961378826970886,-2.853910683472531,175.6021357117253,-466.1906310615505
1417.725869975595,0.0002959371891868638,-2.8537549086618412,175.09757825957604,-466.33996735012727
1418.252063428772,0.0002956955058012836,-2.8535992502390624,174.59304406768217,-466.4893822048728
1418.405182802608,0.0002956172179507111,-2.8535539794578675,174.44623178702034,-466.53287584678225
1418.5583021764435,0.0002955352802248696,-2.8535087209728056,174.29942147510855,-466.57637613363676
1419.0844956296207,0.00029522528669556126,-2.8533532918293574,173.79492406618985,-466.7259151385867
1419.6106890827978,0.0002948703189334077,-2.8531980376350456,173.29044989299186,-466.87553251120227
1419.7638084566333,0.000294758398385669,-2.8531528957827392,173.1436550715604,-466.9190850431666
1419.916927830469,0.00029464255776626895,-2.853107771384781,172.99686221580637,-466.9626441999507
1420.4431212836462,0.00029421419886454544,-2.852952843025396,172.49242476832833,-467.11238534724123
1420.9693147368232,0.0002937385352200535,-2.852798152511381,171.98801050823113,-467.2622045844154
1421.1224341106588,0.0002935911581054742,-2.8527531866770004,171.8412331107308,-467.3058158011216
1421.2755534844944,0.00029343974775327227,-2.852708243719461,171.69445767375635,-467.3494336156158
1421.8017469376716,0.0002928885456145799,-2.85255398057842,171.1900800432,-467.49937612262596
1422.3279403908487,0.00029228976362487475,-2.8524000199944366,170.68572552654416,-467.649396358433
1422.4810597646842,0.00029210663337199736,-2.8523552787415998,170.53896549883655,-467.69306599212473
1422.6341791385198,0.0002919195475794213,-2.8523105658159755,170.39220742435495,-467.73674218947383
1423.160372591697,0.0002912466467898247,-2.8521571347082,169.88788940082927,-467.8868850573248
1423.686566044874,0.000290528341090584,-2.8520040696222964,169.38359439232457,-468.037105209192
1423.8396854187097,0.00029031098535824487,-2.8519596007112504,169.23685166119017,-468.080832929218
1423.9928047925453,0.0002900899751972695,-2.8519151653240233,169.09011087386517,-468.12456717181783
1424.5189982457225,0.00028930314696716124,-2.8517627271182895,168.5858521824159,-468.27490918764727
1425.0451916988995,0.00028847591034308933,-2.8516107135677324,168.0816163827434,-468.42532796295933
1425.1983110727354,0.0002882279612528046,-2.8515665612839545,167.93489085660272,-468.46911337854687
1425.351430446571,0.0002879769121218056,-2.851522447142623,167.78816726288767,-468.5129052692117
1425.8776238997482,0.0002870914854766223,-2.851371147115085,167.28396756731178,-468.6634450201562
1426.4038173529252,0.00028617379920547234,-2.8512203214806497,166.77979061843743,-468.81406093521935
1426.5569367267608,0.00028590124365716207,-2.851176523601384,166.63308218918993,-468.85790360196273
1426.7100561005964,0.0002856264212255788,-2.85113276754318,166.48637567930172,-468.9017526908607
1427.2362495537736,0.00028466609197129445,-2.850982724542435,165.98223458998518,-469.0524885913768
1427.7624430069507,0.0002836850708625732,-2.850833192304613,165.4781160846827,-469.20330000429846
1427.9155623807862,0.00028339645386136515,-2.8507897767550214,165.33142463080378,-469.2471994347999
1428.0686817546218,0.0002831067008198598,-2.8507464053726213,165.18473508196945,-469.29110523058625
1428.594875207799,0.0002821041539434016,-2.85059770000444,164.68065216820534,-469.44203556452146
1429.121068660976,0.0002810960776535366,-2.8504495236246297,164.1765916642121,-469.5930407233054
1429.2741880348117,0.00028080263833642644,-2.850406504901141,164.0299170552249,-469.6369964023237
1429.4273074086473,0.0002805095016108394,-2.850363530946064,163.88324433631374,-469.68095838781244
1429.9535008618245,0.0002795067778893989,-2.8502161930786927,163.3792191434605,-469.8320813663083
1430.4796943150016,0.00027851734054338547,-2.850069379342375,162.87521618257855,-469.9832784730819
1430.6328136888371,0.00027823306140141636,-2.850026754807997,162.7285582849815,-470.0272898774221
1430.7859330626727,0.0002779508303412386,-2.8499841734794247,162.58190226259956,-470.0713075300177
1431.31212651585,0.000276999370098782,-2.8498381694623878,162.07793433430479,-470.2226213658684
1431.838319969027,0.0002760835800223003,-2.849692656712795,161.5739884666113,-470.3740086576652
1431.9914393428626,0.0002758251290727722,-2.8496504028958496,161.42734715129677,-470.41807528089095
1432.1445587166982,0.0002755707641630301,-2.849608188149468,161.28070769737266,-470.4621480978389
1432.6707521698754,0.0002747310554813227,-2.8494634082327663,160.77679660291736,-470.6136510963683
1433.1969456230524,0.0002739527085914223,-2.8493190540211866,160.27290741606092,-470.7652269422643
1433.3500649968882,0.0002737392515428846,-2.849277123078217,160.1262825672026,-470.80934832412294
1433.5031843707238,0.00027353218047120834,-2.8492352241193344,159.97965956803583,-470.8534758524488
1434.029377823901,0.0002728729316862221,-2.8490914706648724,159.47580493464082,-471.0051665182552
1434.5555712770781,0.00027230357996014637,-2.848948040451181,158.97197208797306,-471.1569295319101
1434.7086906509137,0.00027215644026107674,-2.848906356986143,158.825363613291,-471.20110529213457
1434.8618100247493,0.0002720181996467333,-2.8488646951425194,158.67875697996197,-471.2452871629031
1435.3880034779265,0.00027161496518277945,-2.8487216723239186,158.1749585296441,-471.3971643209946
1435.9141969311036,0.0002713323144137407,-2.8485788299594743,157.67118179266367,-471.54911348675324
1436.0673163049391,0.00027127446292934043,-2.848537288418619,157.5245896348928,-471.59334336263277
1436.2204356787747,0.00027122816777834567,-2.8484957546151923,157.37799931485202,-471.6375793288909
1436.746629131952,0.00027116136791417034,-2.848353060389981,156.87425690512268,-471.7896422577618
1437.272822585129,0.00027124704803443517,-2.848210361197434,156.37053619940147,-471.9417770674676
1437.4259419589646,0.0002713024062064003,-2.848168824082448,156.22396034869925,-471.9860609542819
1437.5790613328002,0.00027137203110773735,-2.848127277162993,156.07738633825815,-472.0303509317415
1438.1052547859774,0.0002717243114044671,-2.847984398377832,155.57370000563046,-472.182599504877
1438.6314482391545,0.00027226096742582123,-2.8478412857164326,155.0700354490526,-472.33492010144465
1438.78456761299,0.00027245350947690763,-2.8477995828794835,154.92347595597795,-472.3792580945254
1438.9376869868256,0.00027266296759580227,-2.84775784904097,154.77691831332447,-472.4236022037128
1439.4638804400029,0.00027351585534710396,-2.8476141605986545,154.27328831823533,-472.57603703484267
1439.99007389318,0.00027458352642854416,-2.8474699668635943,153.76968027001104,-472.72854435743864
1440.1431932670157,0.00027493617343419744,-2.847427896163249,153.62313725860065,-472.7729367942697
1440.2963126408513,0.00027530818712813264,-2.8473857697828766,153.47659611685043,-472.81733540251196
1440.8225060940285,0.0002767380313757394,-2.847240538838816,152.97302298822538,-472.9699579887
1441.3486995472056,0.0002784098159698012,-2.847094491866357,152.46947209275504,-473.1226539131286
1441.5018189210411,0.0002789431232280394,-2.84705182146705,152.32294577310782,-473.1671014135305
1441.6549382948767,0.0002794978885955521,-2.8470090676043656,152.17642135279064,-473.21155517478235
1442.181131748054,0.00028157109794670234,-2.8468614637590335,151.67290593008605,-473.3643680301782
1442.707325201231,0.000283908128512458,-2.8467126995940135,151.1694131573592,-473.51725549681873
1442.8604445750666,0.00028463877468970744,-2.8466691721848685,151.02290383702706,-473.56175899889985
1443.0135639489022,0.00028539242930326517,-2.8466255310333857,150.8763964572932,-473.60626888905426
1443.5397574020794,0.00028816004543255044,-2.8464746434519563,150.37293992746535,-473.75927566090076
1444.0659508552565,0.00029120582234317766,-2.8463222263858445,149.869506607298,-473.9123587813277
1444.219070229092,0.0002921449174776297,-2.846277565577905,149.72301470067106,-473.95691957053526
1444.3721896029276,0.0002931078297517194,-2.8462327591225294,149.5765247883945,-474.00148691551396
1444.8983830561049,0.0002965995116143327,-2.8460776214386883,149.0731287148742,-474.15469247284153
1445.424576509282,0.00030037368994221126,-2.8459205721308125,148.56975656192736,-474.3079766051396
1445.5776958831175,0.00030152493319314413,-2.845874491259411,148.4232825966997,-474.3525963334314
1445.730815256953,0.0003026998458134841,-2.8458282323615505,148.27681069255286,-474.39722282704156
1446.2570087101303,0.00030691738764653746,-2.845667856087686,147.7734770329678,-474.55063331145277
1446.7832021633074,0.00031140915705726955,-2.84550518842254,147.270168159174,-474.70412509328696
1446.936321537143,0.00031276688806272836,-2.8454574019304895,147.1237127788878,-474.7488057851787
1447.0894409109785,0.00031414696068647076,-2.8454094060097317,146.97725953937712,-474.7934934934684
1447.6156343641558,0.00031905750865058013,-2.845242822979169,146.47399064848625,-474.94711632060796
1448.1418278173328,0.0003242187456985858,-2.845073590094936,145.97074755925914,-475.1008236484097
1448.2949471911686,0.0003257659443782589,-2.845023827605063,145.82431152085752,-475.14556769047385
1448.4480665650042,0.00032733275171974006,-2.8449738270174256,145.67787771524448,-475.19031903914623
1448.9742600181814,0.0003328619226280952,-2.844800141134923,145.17467632934444,-475.3441628389385
1449.5004534713585,0.0003386003373725434,-2.844623490787516,144.67150189977963,-475.498094781181
1449.653572845194,0.000340306640604753,-2.8445715138899397,144.52508606505663,-475.54290489148644
1449.8066922190296,0.0003420281961226498,-2.844519275017459,144.37867256604957,-475.5877226328593
1450.3328856722069,0.0003480533534821963,-2.8443377232838856,143.87554176501104,-475.741797116447
1450.859079125384,0.00035422590618957905,-2.844152962372719,143.37243919222553,-475.89596374900617
1451.0121984992195,0.0003560457252726997,-2.8440985840485085,143.2260445120537,-475.94084292302614
1451.165317873055,0.0003578746158777137,-2.8440439270088897,143.07965227915292,-475.9857300790797
1451.6915113262323,0.0003642186077605825,-2.843853949404281,142.57659542226156,-476.14004582070277
1452.2177047794094,0.0003706255153790123,-2.84366061707975,142.07356815009467,-476.2944579728014
1452.370824153245,0.00037249634980773323,-2.843603723560181,141.92719564034337,-476.339409402505
1452.5239435270805,0.00037436807816464775,-2.8435465443210317,141.7808256947583,-476.38436918076115
1453.0501369802578,0.0003807937756261,-2.8433478616914756,141.27784632670685,-476.53893730366093
1453.5763304334348,0.00038717345698979945,-2.8431458100086653,140.77489793923988,-476.6936062039673
1453.7294498072704,0.0003890145079482118,-2.8430863847340104,140.62854864737767,-476.73863316716086
1453.882569181106,0.0003908461466832953,-2.8430266792797045,140.48220203752334,-476.7836688465162
1454.4087626342832,0.0003970521489092731,-2.842819377895225,139.97930376124532,-476.9385006033941
1454.9349560874603,0.00040307748695743776,-2.8426088584851548,139.47643784201745,-477.09343741753577
1455.0880754612958,0.00040478868290731214,-2.8425470076804524,139.33011280352977,-477.1385431350666
1455.2411948351314,0.00040647795399061847,-2.8424848977318256,139.18379056025185,-477.1836579192604
1455.7673882883087,0.00041209585546602844,-2.8422695186640428,138.68097687383298,-477.33876415991136
1456.2935817414857,0.00041737217813461177,-2.8420512733615477,138.17819682825865,-477.493979413017
1456.4467011153215,0.00041883373001336667,-2.8419872525897762,138.03189701221032,-477.53916687218
1456.599820489157,0.00042025862691413255,-2.84192301221916,137.88560009309595,-477.5843637093352
1457.1260139423343,0.00042485224988808747,-2.8417006431418605,137.3828741887694,-477.7397542308602
1457.6522073955114,0.0004289174282184927,-2.8414759959622797,136.88018302812938,-477.8952571118015
1457.805326769347,0.00042999002869022505,-2.841410236856807,136.7339092714725,-477.9405288552341
1457.9584461431825,0.0004310090948984795,-2.8413443191828724,136.5876384938818,-477.985810222875
1458.4846395963598,0.00043407606982436947,-2.841116685661776,136.08500301813555,-478.1414930013529
1459.0108330495368,0.0004364031030734527,-2.8408876329947828,135.5824031046342,-478.29729054909313
1459.1639524233724,0.0004369288748305022,-2.8408207692235816,135.43615603520664,-478.3426484295753
1459.317071797208,0.0004373822425420532,-2.840753832222537,135.28991199801501,-478.38801608567974
1459.8432652503852,0.00043835828382486803,-2.8405233850638436,134.7873687731217,-478.54399639231815
1460.3694587035623,0.00043836070145138065,-2.8402926804758124,134.2848615268921,-478.70009256914835
1460.5225780773978,0.00043816498672539654,-2.840225571855207,134.13864147547616,-478.74553747204686
1460.6756974512334,0.00043787626575954487,-2.8401585021922897,133.99242446994828,-478.7909921740259
1461.2018909044107,0.000436142434779134,-2.839928496981234,133.48997417878317,-478.9472715835278
1461.7280843575877,0.0004331827739791568,-2.8396997266124986,132.98755974937754,-479.10366624489296
1461.8812037314233,0.0004320768331335938,-2.839633480177793,132.84136665168919,-479.1491977814469
1462.0343231052589,0.0004308559142736769,-2.839567413856413,132.69517656241737,-479.1947389764264
1462.5605165584361,0.00042574905770270856,-2.8393419784842164,132.19281840024718,-479.35131428050386
1463.0867100116131,0.0004191505499380193,-2.8391196227550575,131.69049530706627,-479.5080020564484
1463.239829385449,0.0004169351969489547,-2.839055609529033,131.54432859712054,-479.5536182326722
1463.3929487592845,0.00041458199265617473,-2.8389919480946793,131.39816479454117,-479.5992437240294
1463.9191422124618,0.0004054084001859783,-2.838776133914527,130.895896093519,-479.75610576847265
1464.4453356656388,0.00039446986072096916,-2.8385656111704494,130.39366084176004,-479.913074877256
1464.5984550394744,0.00039094002509831367,-2.8385054773601426,130.24751933868933,-479.9587717448394
1464.75157441331,0.0003872491329512313,-2.8384458983914933,130.10138056532773,-480.0044773415561
1465.2777678664872,0.0003733013323256149,-2.83824571066998,129.59919639965617,-480.1616098107754
1465.8039613196643,0.0003573151096455781,-2.838053398492009,129.09704308063522,-480.3188408306656
1465.9570806934998,0.000352265269462215,-2.83799906988572,128.9509248717073,-480.3646121278293
1466.1102000673354,0.00034703149529035753,-2.837945530554688,128.8048091249749,-480.4103912847899
1466.6363935205127,0.00032760789934680444,-2.8377679341155106,128.30270190702703,-480.5677694630523
1467.1625869736897,0.00030588044755263814,-2.8376011643822863,127.80062179407028,-480.725234093449
1467.3157063475253,0.0002991107694803716,-2.83755484285522,127.65452411733185,-480.77107088516533
1467.4688257213609,0.000292135328195886,-2.8375095754904143,127.50842853237472,-480.8169143439579
1467.9950191745381,0.00026656193981731665,-2.8373624721413724,127.00638761235692,-480.974503887253
1468.5212126277152,0.00023843602993975688,-2.837229496901919,126.50436876565902,-481.1321637345623
1468.6743320015507,0.00022975890765594405,-2.8371936482768367,126.35828789624837,-481.17805406269713
1468.8274513753863,0.0002208559930041368,-2.8371591472224718,126.2122086329524,-481.2239495035703
1469.3536448285636,0.00018850919573620918,-2.8370513228817167,125.71021991665438,-481.3817052593545
1469.8798382817406,0.0001533870020320245,-2.83696124941163,125.20824681227916,-481.5395106856923
1470.0329576555762,0.00014263382308937896,-2.836938582271042,125.06217795693162,-481.58543924026736
1470.1860770294118,0.00013163739149765297,-2.8369175816638235,124.91611009565472,-481.63137095649404
1470.712270482589,9.196740346363316e-05,-2.836858622032195,124.41415569633261,-481.7892358702994
1471.238463935766,4.93340484370302e-05,-2.8368213161407105,123.91220889589177,-481.9471249444278
1471.3915833096019,3.6362038850248636e-05,-2.836814751360252,123.76614610053554,-481.9930727675359
1471.5447026834374,2.3132631596666675e-05,-2.8368101936245473,123.62008355149818,-482.0390213737309
1472.0708961366147,-2.431336699252916e-05,-2.8368103679735968,123.1181414930947,-482.1969255224701
1472.5970895897917,-7.48676954642587e-05,-2.836836325887898,122.61619737159393,-482.3548231127366
1472.7502089636273,-9.016932263952985e-05,-2.8368489571956914,122.47013344715832,-482.4007673466161
1472.9033283374629,-0.0001057385878881924,-2.8368639526801784,122.32406887861688,-482.4467095324555
1473.4295217906401,-0.00016129730391988185,-2.8369340684356024,121.82211286784704,-482.604569323009
1473.9557152438172,-0.000220060474717483,-2.8370342619052265,121.32014341683627,-482.76238636898563
1474.1088346176527,-0.0002377660431434199,-2.837069309199178,121.17406988813416,-482.80830005843984
1474.2619539914883,-0.0002557451646692786,-2.837107088817714,121.02799467812875,-482.8542083977058
1474.7881474446656,-0.0003196235768303138,-2.837258324054636,120.52599396124748,-483.01192596261194
1475.3143408978426,-0.00038674936233581015,-2.8374440260671303,120.0239666820005,-483.16955895360456
1475.4674602716782,-0.00040689339942464274,-2.8375047835360463,119.87787376375121,-483.21541091026114
1475.6205796455138,-0.0004273122429545981,-2.83756864638294,119.73177797940393,-483.2612537324293
1476.146773098691,-0.00049957679361068,-2.8378123660691608,119.22969729664743,-483.41871654547515
1476.672966551868,-0.0005750747986837324,-2.8380949616001034,118.72757519545158,-483.5760472261822
1476.8260859257036,-0.0005976492784916676,-2.8381847416768093,118.58145179881132,-483.6218019601241
1476.9792052995392,-0.0006204949555110195,-2.8382779985849234,118.43532420647361,-483.6675432898672
1477.5053987527165,-0.0007010641171790075,-2.8386255577679593,117.9331238550783,-483.8246240191893
1478.0315922058935,-0.0007847959860052806,-2.839016344014291,117.4308655506594,-483.98151933831156
1478.1847115797293,-0.0008097501344634884,-2.8391384189645996,117.2846993229725,-484.0271370612543
1478.337830953565,-0.0008349672423227632,-2.839264334103869,117.13852743181339,-484.07273662975473
1478.8640244067421,-0.0009236159307154117,-2.8397268782771143,116.63616344532524,-484.2292932389574
1479.3902178599192,-0.0010153046344924292,-2.840236868627919,116.13372339374524,-484.3856055453025
1479.5433372337548,-0.001042548419274616,-2.840394414552225,115.9875007925248,-484.4310422452308
1479.6964566075903,-0.0010700427865519787,-2.840556149961058,115.84127093231227,-484.476455572562
1480.2226500607676,-0.0011664166563991997,-2.841144429219998,115.33869537666904,-484.6323316618549
1480.7488435139446,-0.0012656617056216153,-2.8417841751762025,114.83602421118404,-484.78789913242684
1480.9019628877802,-0.0012950701924824399,-2.841980221716543,114.6897306110769,-484.8331067139437
1481.0550822616158,-0.0013247131780210492,-2.8421807876645184,114.54342804271987,-484.8782852563504
1481.581275714793,-0.0014283422793729935,-2.8429049908635076,114.04058942301847,-485.0333106202326
1482.10746916797,-0.0015346323025257351,-2.8436844230969998,113.53763440158937,-485.1879578952323
1482.2605885418056,-0.0015660492359315416,-2.8439218084013085,113.39125423208046,-485.2328843783836
1482.4137079156412,-0.0015976814062892224,-2.844164018934129,113.24486328864091,-485.2777757332891
1482.9399013688185,-0.0017079947339989595,-2.845033625458952,112.7417070585967,-485.431767111308
1483.4660948219955,-0.0018207264920348423,-2.8459619144157133,112.23841261053099,-485.585306113341
1483.619214195831,-0.001853970949276619,-2.846243246569825,112.0919295217437,-485.6298958842557
1483.7723335696667,-0.0018874091947451983,-2.8465296819935717,111.94543377714994,-485.6744440461316
1484.298527022844,-0.002003762618778929,-2.847553341995512,111.44190294033174,-485.827206040212
1484.824720476021,-0.0021222726213725256,-2.84863879379619,110.9382112984218,-485.97943694477505
1484.9778398498565,-0.0021571485858810136,-2.848966423752427,110.79160835043346,-486.02363104697235
1485.1309592236921,-0.0021921957261604973,-2.8492994049886367,110.64499081105632,-486.06777670227393
1485.6571526768694,-0.002313904198836559,-2.8504848624597803,110.14102659531588,-486.2191028150052
1486.1833461300464,-0.002437497958478684,-2.8517348581452695,109.63687849267478,-486.3698151211979
1486.3364655038822,-0.0024738019567355413,-2.852110864857708,109.49013836203044,-486.4135515721401
1486.4895848777178,-0.002510253984656571,-2.852492439721476,109.34338167475633,-486.4572324178364
1487.015778330895,-0.002636613080418757,-2.853846492947493,108.83892425813515,-486.60690615989506
1487.541971784072,-0.0027645833933105956,-2.8552674594083993,108.33425966902787,-486.755879813974
1487.6950911579077,-0.0028021095659847258,-2.855693643095424,108.18736486676298,-486.79909393435025
1487.8482105317432,-0.002839760798460354,-2.8561255803720687,108.04045153801682,-486.8422450080871
1488.3744039849205,-0.0029700664398608066,-2.857654067924629,107.53544080826391,-486.9900410381619
1488.9005974380975,-0.003101717044126275,-2.859251475307931,107.03019971618318,-487.1370475776803
1489.053716811933,-0.0031402649185119113,-2.8597293591384,106.88313281255168,-487.1796723243791
1489.2068361857687,-0.0031789160312535657,-2.8602131514634603,106.73604543343362,-487.2222263371503
1489.733029638946,-0.0033124936917447935,-2.861920971993242,106.23042176374844,-487.3679116006173
1490.259223092123,-0.0034471687270178734,-2.863699368929175,105.72454493789583,-487.51271528045424
1490.4123424659585,-0.003486551422947426,-2.864230212191668,105.57728878799935,-487.55468157080503
1490.5654618397941,-0.003526017382049764,-2.8647670904174953,105.43001025964085,-487.5965692293532
1491.0916552929714,-0.003662245873482786,-2.8666582606696696,104.92371527990558,-487.73990404955396
1491.6178487461484,-0.0037993473567242268,-2.8686213431434564,104.41714503965913,-487.8822629035219
1491.770968119984,-0.003839395310365509,-2.869206162850357,104.26968300429311,-487.9234999179144
1491.9240874938196,-0.003879508581411758,-2.869797118207137,104.12219675791768,-487.96465022441555
1492.4502809469968,-0.004017827909239514,-2.871874852008789,103.61517410434489,-488.10538930907086
1492.9764744001739,-0.004156821767879595,-2.874025546002038,103.10785505783022,-488.2450561188575
1493.1295937740097,-0.004197384726134057,-2.8746651414865467,102.9601712161601,-488.2854915754457
1493.2827131478452,-0.004237997522437536,-2.8753109505337924,102.81246142470589,-488.3258320988822
1493.8089066010225,-0.004377919599757142,-2.877577747816892,102.3046574586659,-488.4637254467659
1494.3351000541995,-0.004518350424783437,-2.8799183050308863,101.7965372074968,-488.60044860611964
1494.488219428035,-0.004559302386224706,-2.880613287365392,101.64861655928974,-488.6400090038691
1494.6413388018707,-0.004600291703695521,-2.8813145421370967,101.50066833829017,-488.6794661190737
1495.167532255048,-0.004741417552115846,-2.8837722986108116,100.99203282574865,-488.8142598094328
1495.693725708225,-0.004882923159693558,-2.886304414495428,100.48306262660161,-488.947784060842
1495.8468450820606,-0.004924165649935962,-2.887055242207731,100.33489128119825,-488.986394883413
1495.9999644558961,-0.004965436045234047,-2.887812386372889,100.1866908761359,-489.0248939701364
1496.5261579090734,-0.005107460152002826,-2.8904625199168534,99.6771776187966,-489.1563308088673
1497.0523513622504,-0.005249768704643149,-2.893187460452768,99.16731299495838,-489.286397830929
1497.205470736086,-0.0052912287305222575,-2.89399447594589,99.01887834556334,-489.3239837065391
1497.3585901099216,-0.005332709966978849,-2.894807840938652,98.87041330455429,-489.36144930444686
1497.8847835630988,-0.005475411866522333,-2.8976514126612662,98.35998072129203,-489.4892693203843
1498.4109770162759,-0.005618336171378465,-2.9005701317032835,97.84918202615542,-489.6156181692588
1498.5640963901114,-0.005659965678043483,-2.9014335949089785,97.70047291056338,-489.6521029891244
1498.717215763947,-0.005701612673134176,-2.9023034335491236,97.55173224364216,-489.6884589117254
1499.2434092171243,-0.005844860771409471,-2.905341264269891,97.04034390707535,-489.812399713975
1499.7696026703013,-0.005988306047403221,-2.9084545230789605,96.52857684409719,-489.93476712658486
1499.922722044137,-0.006030084494306211,-2.9093746471113047,96.3795836929017,-489.97007412275894
1500.0758414179725,-0.006071879824507925,-2.9103011695874135,96.23055801884284,-490.005243530448
1500.6020348711497,-0.006215637942186203,-2.9135339662346724,95.7181831492772,-490.1250405218433
1501.1282283243268,-0.0063596025631925505,-2.9168424617926414,95.20541924997566,-490.24316107036145
1501.2813476981626,-0.006401535562279638,-2.9178194502092216,95.05613422275947,-490.2772128494654
1501.4344670719981,-0.006443487401907546,-2.918802861090567,94.90681590403219,-490.31111827829614
1501.9606605251754,-0.006587801767942474,-2.9222313399833384,94.39342982421277,-490.42650471675177
1502.4868539783524,-0.00673235857819006,-2.9257358199369925,93.87964689053743,-490.54011081502756
1502.639973352188,-0.006774472047293065,-2.926769898192258,93.73006400257277,-490.5728293504047
1502.7930927260236,-0.006816608486956971,-2.9278104270607423,93.580447271236,-490.6053927001144
1503.3192861792008,-0.006961592161442719,-2.931435413177587,93.06603183367312,-490.71609962797044
1503.8454796323779,-0.007106880789125481,-2.9351367689869483,92.55121435848761,-490.82492141753045
1503.9985990062135,-0.0071492205309207245,-2.9362282109837743,92.401329602069,-490.85622800837587
1504.151718380049,-0.007191589741450191,-2.9373261389405827,92.25141068068724,-490.8873704980148
1504.6779118332263,-0.007337426992357203,-2.9411486583232045,91.73595468041619,-490.9931265630416
1505.2041052864033,-0.007483660156850109,-2.9450480204760483,91.22009425668173,-491.096891691895
1505.357224660239,-0.007526293309770166,-2.946197176946336,91.06990571965761,-491.1267068907513
1505.5103440340745,-0.007568964618959567,-2.9473528651173644,90.91968293964545,-491.15634898246964
1506.0365374872517,-0.007715909175731933,-2.951374243144573,90.40318251977668,-491.25688014689376
1506.5627309404288,-0.007863360796853609,-2.955473075842503,89.88627824575104,-491.3553134349199
1506.7158503142643,-0.007906370148942543,-2.956680400460676,89.7357862296342,-491.3835569423726
1506.8689696881,-0.007949427555360869,-2.957894315238687,89.58526014958129,-491.41161823283
1507.3951631412772,-0.008097775811953475,-2.962116254298374,89.06771921046804,-491.5066473770079
1507.9213565944542,-0.008246753886088164,-2.966416418942401,88.54977810499018,-491.5994703894079
1508.07447596829,-0.008290231170867869,-2.9676824841099694,88.39898524736076,-491.6260609253464
1508.2275953421256,-0.00833376749418349,-2.9689552120391465,88.24815877624096,-491.6524600151515
1508.7537887953029,-0.008483847309486623,-2.973379837770023,87.72958940592386,-491.7417064774019
1509.2799822484799,-0.00863469504762664,-2.977883636555148,87.2106268508908,-491.8286370479045
1509.4331016223155,-0.008678743319500177,-2.979209146520488,87.05953825662696,-491.85349220987734
1509.586220996151,-0.008722863029001401,-2.980541407723577,86.90841678617049,-491.8781465604872
1510.1124144493283,-0.00887504491486625,-2.9851713192993397,86.38883972424334,-491.9613256334741
1510.6386079025053,-0.009028148113821051,-2.9898815503815923,85.86887994308634,-492.0420773406094
1510.791727276341,-0.0090728820320489,-2.9912673579223377,85.71750332647653,-492.0651134473177
1510.9448466501765,-0.009117700538013923,-2.9926600227065623,85.56609487465691,-492.08793922275254
1511.4710401033537,-0.009272384029495897,-2.9974983466303353,85.04554001626697,-492.1647615955213
1511.9972335565308,-0.009428142280685614,-3.002418346760399,84.52461659668703,-492.23904318762095
1512.1503529303664,-0.00947367729312246,-3.003865462348815,84.37296243740732,-492.26017510927613
1512.303472304202,-0.009519309654344322,-3.0053195588075665,84.221277806291,-492.28108700594413
1512.8296657573792,-0.009676886469416177,-3.010369961459614,83.69978475995921,-492.3512581790879
1513.3558592105562,-0.00983568818153125,-3.0155036022665245,83.17794123730357,-492.4187729962651
1513.5089785843918,-0.009882137140781915,-3.017013190828515,83.02602295530458,-492.4379139889551
1513.6620979582274,-0.009928696374082696,-3.01852990123168,82.8740759082868,-492.45682507124957
1514.1882914114046,-0.010089558138096016,-3.0237965778649767,82.35169462334127,-492.5200448028644
1514.7144848645817,-0.010251801923306022,-3.0291482625106143,81.8289851366556,-492.5804902373315
1514.8676042384172,-0.010299282504071252,-3.030721644922003,81.67681928847763,-492.59755178819387
1515.0207236122528,-0.010346886867592655,-3.0323023081460923,81.52462674903342,-492.6143733343646
1515.54691706543,-0.010511444028501403,-3.037789999261574,81.00141821710598,-492.6703351129736
1516.073110518607,-0.010677539757751727,-3.043364684070091,80.47790823986712,-492.72340208443046
1516.226229892443,-0.010726169833500838,-3.0450033430895354,80.32551473688186,-492.7382937591658
1516.3793492662785,-0.010774936079655392,-3.0466494597588896,80.17309700942073,-492.75293510926883
1516.9055427194558,-0.010943576765088713,-3.0523634560195805,79.6491340439484,-492.80132563627933
1517.4317361726328,-0.011113890792524981,-3.0581666301556862,79.12490119712675,-492.8466980928199
1517.5848555464684,-0.011163772600014825,-3.0598721987419815,78.97230354876599,-492.85932739594267
1517.737974920304,-0.011213801511017155,-3.0615854174510324,78.81968456492066,-492.8716958152326
1518.2641683734812,-0.011386863358876228,-3.0675314992975866,78.29505267162702,-492.9121945658799
1518.7903618266582,-0.01156172909328374,-3.073569119752123,77.77018763164185,-492.94954909470687
1518.9434812004938,-0.011612960595318352,-3.075343364199825,77.61741321666881,-492.9598213661162
1519.0966005743294,-0.01166435089245121,-3.07712546639981,77.46462080968318,-492.9698219454099
1519.6227940275066,-0.011842184226355364,-3.0833098733045454,76.93941915283153,-493.00210085201763
1520.1489874806837,-0.012021968290627452,-3.0895883681761096,76.41402665313952,-493.0311063896924
1520.3021068545193,-0.012074659074672258,-3.091433195687311,76.26110701759357,-493.0389247230301
1520.4552262283548,-0.012127520674461371,-3.0932861050819334,76.1081732232143,-493.0464602978748
1520.981419681532,-0.012310500984646543,-3.0997155777901653,75.58251568190884,-493.07018347097244
1521.5076131347091,-0.0124955518925703,-3.1062418783071606,75.05671560509587,-493.09050102785267
1521.6607325085447,-0.012549793890851792,-3.1081593395742897,74.90368678704485,-493.09576619188516
1521.8138518823803,-0.012604212858911785,-3.1100851200002557,74.75064817151753,-493.1007372664494
1522.3400453355575,-0.012792579332260223,-3.116766841378685,74.22466449269912,-493.1155607611462
1522.8662387887346,-0.012983032785255186,-3.1235482290396996,73.69859306452814,-493.1268432697691
1523.0193581625704,-0.013038843073079521,-3.1255404536540534,73.54549594943235,-493.12945368695057
1523.172477536406,-0.01309482638477977,-3.127541236376624,73.39239396830213,-493.13175842537873
1523.6986709895832,-0.013288521389820679,-3.134482522007227,72.86623102603677,-493.1373303292249
1524.2248644427602,-0.013484196016809814,-3.1415262495134475,72.340042111564,-493.1392229435452
1524.3779838165958,-0.013541499076475536,-3.14359532681976,72.18692281562879,-493.1390748222891
1524.5311031904314,-0.013598961695658633,-3.1456731890828324,72.03380419945613,-493.13860920160204
1525.0572966436087,-0.01379762344603178,-3.152881063020837,71.50762733607479,-493.1345703263335
1525.5834900967857,-0.013998062470062833,-3.1601939390661635,70.98149379776505,-493.1267113685155
1525.7366094706213,-0.014056709938351186,-3.1623418027341135,70.82840406497341,-493.1236990261284
1525.8897288444568,-0.014115497284886846,-3.16449865526193,70.67532121674776,-493.12035717933077
1526.415922297634,-0.014318554532180413,-3.17197949454975,70.14931560806644,-493.1063423889465
1526.9421157508111,-0.014523132183804145,-3.1795675812451165,69.62343066341886,-493.088364887649
1527.0952351246467,-0.014582933133226568,-3.181795932044628,69.47042825788229,-493.0823812335757
1527.2483544984823,-0.014642850028085698,-3.1840334460384923,69.31743964382312,-493.07605594777755
1527.7745479516595,-0.014849599962036043,-3.191792760230054,68.79181162756772,-493.05169597260215
1528.3007414048366,-0.015057555382296325,-3.1996611820428047,68.26639014962035,-493.0232296239281
1528.4538607786722,-0.015118275934695398,-3.2019714344507912,68.11353922776642,-493.0141667557973
1528.6069801525077,-0.015179082209573832,-3.2042909879143595,67.96070974636366,-493.0047500800956
1529.133173605685,-0.015388645924399836,-3.2123332220014267,67.43568806411324,-492.9696736951055
1529.659367058862,-0.015599010657879149,-3.2204859378886423,66.91096777614956,-492.9303471915369
1529.8124864326976,-0.01566035094519311,-3.22287914588564,66.75833922427121,-492.91809710344916
1529.9656058065332,-0.01572173893179316,-3.2252817463899945,66.60574053878635,-492.90548107197066
1530.4917992597104,-0.015932998714913545,-3.2336099903239086,66.08157743673391,-492.8593177027313
1531.0179927128875,-0.016144575992394522,-3.2420494813043454,65.55781993946898,-492.80876153482296
1531.1711120867233,-0.01620617564190162,-3.244526246506378,65.40549165717577,-492.79321697089784
1531.3242314605588,-0.01626778094472518,-3.2470124405463068,65.25320247165254,-492.77729447284526
1531.850424913736,-0.016479464558085386,-3.255628141590145,64.73017458834167,-492.71967731070373
1532.3766183669131,-0.016690966931877438,-3.2643551814819385,64.20766614711052,-492.65752705143166
1532.5297377407487,-0.016752451408322218,-3.2669156014205005,64.05572325630703,-492.6385824886248
1532.6828571145843,-0.01681389960121872,-3.2694854293514726,63.903829515319565,-492.6192482610413
1533.2090505677616,-0.01702472442890631,-3.2783882902336106,63.382238495664,-492.54981773403534
1533.7352440209386,-0.017234872679176328,-3.2874019077545387,62.861290539522564,-492.47571757400476
1533.8883633947742,-0.017295869820461097,-3.2900455734447007,62.70982550754445,-492.45327025773787
1534.0414827686097,-0.017356788377771652,-3.2926985692134823,62.558420509222515,-492.4304219237672
1534.567676221787,-0.01756546823937815,-3.301886552497375,62.038593314591516,-492.34882927738965
1535.093869674964,-0.017772964897329716,-3.311184030461245,61.51954262124539,-492.26243562511354
1535.2469890487996,-0.01783309465220364,-3.313910022683342,61.36865529044665,-492.2363866205433
1535.4001084226352,-0.017893102845349302,-3.3166452089710785,61.217839704867735,-492.2099257427132
1535.9263018758124,-0.018098326209312704,-3.3261145098551714,60.7001285886906,-492.11583667777575
1536.4524953289895,-0.01830186849042229,-3.335691355642422,60.18333712048866,-492.0168218238133
1536.605614702825,-0.018360755961665393,-3.3384982385322615,60.03313463355981,-491.9870770866328
1536.7587340766606,-0.01841948178465557,-3.341314122563077,59.88301641586426,-491.9569102387106
1537.284927529838,-0.01861999925480961,-3.351059181980018,59.36779853076093,-491.85000859769633
1537.811120983015,-0.018818391250009274,-3.3609091931714956,58.85365289707657,-491.73806438148137
1537.9642403568507,-0.018875700089696523,-3.363795045052,58.70424951366028,-491.7045358167583
1538.1173597306863,-0.01893281241147381,-3.366689654153364,58.55494370881592,-491.6705756372412
1538.6435531838636,-0.019127527524546658,-3.3767033148902192,58.042620346669615,-491.5505669714408
1539.1697466370406,-0.019319736635189683,-3.386818774123769,57.5315309102322,-491.42540824775665
1539.3228660108762,-0.019375178288680402,-3.389781248889593,57.38304772252704,-491.3880146963167
1539.4759853847117,-0.019430393929052877,-3.39275219322908,57.23467617018891,-491.35018086442875
1540.002178837889,-0.01961837377053684,-3.4030259198680963,56.72567166752053,-491.2167957040019
1540.528372291066,-0.019803533053863766,-3.4133978181894102,56.218071328791396,-491.0781634789492
1540.6814916649016,-0.019856868322131526,-3.416434210317093,56.07063588574608,-491.03683160397696
1540.8346110387372,-0.01990995446031107,-3.419478748368024,55.92332683477219,-490.9950517143744
1541.3608044919145,-0.02009045201849446,-3.430002857913966,55.41808717569878,-490.84804848220574
1541.8869979450915,-0.020267904176059184,-3.440621142858402,54.91442987004124,-490.6957126752998
1542.040117318927,-0.020318960047159603,-3.443728464508326,54.768175721344534,-490.65037773587204
1542.1932366927626,-0.020369751910515405,-3.4468435825903154,54.62206336590866,-490.60458805773726
1542.71943014594,-0.020542265348367596,-3.457607539686301,54.121054531815425,-490.44375556071424
1543.245623599117,-0.0207116025314775,-3.468461436561641,53.621813501745244,-490.2775173028127
1543.3987429729525,-0.02076027689167176,-3.4716365144965304,53.47687968232467,-490.2281237840918
1543.551862346788,-0.020808679055280364,-3.4748190240326604,53.33210364114229,-490.17826987396535
1544.0780557999653,-0.02097292715938881,-3.4858117702163574,52.83580978503927,-490.00342927355086
1544.6042492531424,-0.0211339287691828,-3.4968900885351033,52.34147570403259,-489.8231226757604
1544.757368626978,-0.021180166603248413,-3.500129646161263,52.19800617958107,-489.7696247673829
1544.9104880008135,-0.021226127607804735,-3.503376262183215,52.0547109376188,-489.715661932353
1545.4366814539908,-0.021381955724631026,-3.514586453635364,51.563632437853904,-489.52666822704725
1545.9628749071678,-0.021534495290344936,-3.5258777756153727,51.07471142101861,-489.332161712014
1546.1159942810036,-0.021578263927492982,-3.529178478655894,50.93285450100937,-489.27452367049887
1546.2691136548392,-0.0216217527579333,-3.53248586183269,50.79118881874617,-489.21641732026393
1546.7953071080165,-0.02176906591137368,-3.543901989776274,50.30584022020695,-489.0131604838646
1547.3215005611935,-0.02191305889373792,-3.5553947594106194,49.822851720551654,-488.80435782390714
1547.474619935029,-0.02195433427679413,-3.5587532370479202,49.68275943754435,-488.74255425796645
1547.6277393088646,-0.02199532622784799,-3.562118012521489,49.5428757263501,-488.6802801830514
1548.153932762042,-0.022134029184924037,-3.573728449902713,49.063783564480964,-488.46268606962855
1548.680126215219,-0.0222693472501845,-3.5854109813179273,48.587258147566715,-488.23952722527633
1548.8332455890545,-0.02230808260669461,-3.58882381948082,48.44908559967568,-488.1735433297413
1548.98636496289,-0.022346525579799544,-3.5922425652050705,48.311139259169046,-488.1070879321353
1549.5125584160673,-0.022476390147910457,-3.6040354828915313,47.83883974104082,-487.8751190517786
1550.0387518692444,-0.02260271345544013,-3.6158958027694617,47.36931668811521,-487.63758094554726
1550.19187124308,-0.022638795588157547,-3.6193594832880214,47.233221324410266,-487.5674127306911
1550.3449906169155,-0.022674566793460856,-3.6228286627674806,47.097370019057294,-487.49677325645325
1550.8711840700928,-0.022795092296185707,-3.634791748944288,46.63240646318204,-487.2504296116203
1551.3973775232698,-0.022911793094027248,-3.646817248584232,46.17043107848884,-486.99852704037403
1551.5504968971054,-0.022945014496074993,-3.6503280370391122,46.036571887257196,-486.9241816151935
1551.703616270941,-0.022977895253394588,-3.653843883132153,45.90297472098397,-486.8493664461277
1552.2298097241182,-0.02308824356884968,-3.6659639195779485,45.44589460931584,-486.5886866041496
1552.7560031772953,-0.023194347473722843,-3.6781409038943726,44.99201508537695,-486.3224734216325
1552.9091225511308,-0.02322439862398779,-3.681694715234496,44.86055164425651,-486.2439693588736
1553.0622419249664,-0.02325406759832071,-3.685253094558774,44.72936819296615,-486.1649983864728
1553.5884353781437,-0.02335304303380233,-3.6975154835624617,44.28071970617974,-485.8900608316585
1554.1146288313207,-0.02344721200985132,-3.7098286882285785,43.835483430785295,-485.60963139746696
1554.2677482051565,-0.023473676677895804,-3.71342094466114,43.70657478708953,-485.52699917214755
1554.420867578992,-0.0234997057263272,-3.7170172148419987,43.57796395809487,-485.4439042431166
1554.9470610321694,-0.023585746039940514,-3.7294054844082813,43.13829189130696,-485.1548289583593
1555.4732544853464,-0.023666282599027914,-3.7418375798044936,42.7022410987041,-484.8603197862605
1555.626373859182,-0.023688642477775346,-3.7454630672053018,42.57604445249943,-484.7736022656682
1555.7794932330175,-0.023710503023307627,-3.7490919342109197,42.450163144159944,-484.68642767549204
1556.3056866861948,-0.023781717037358083,-3.7615872582374283,42.02000411807881,-484.38337785985067
1556.8318801393718,-0.02384662789150622,-3.7741183962711635,41.59367081563812,-484.0749693466904
1556.9849995132074,-0.02386428633043694,-3.7777711392815965,41.47033998972556,-483.98422229150145
1557.138118887043,-0.023881375296629818,-3.78142653630022,41.347341537680045,-483.8930252828784
1557.6643123402202,-0.023935648216220066,-3.794007352187172,40.92721847846153,-483.57620903272124
1558.1905057933973,-0.023982771092197278,-3.806614844976024,40.511118657491366,-483.2541270583339
1558.3436251672329,-0.023995093362648105,-3.810288026595911,40.39080236427804,-483.15941956689034
1558.4967445410684,-0.024006774709419074,-3.8139630398167617,40.27083478766144,-483.0642707622873
1559.0229379942457,-0.024041919277545072,-3.8266048438028673,39.86125074852554,-482.7339424532636
1559.5491314474227,-0.024069084697835356,-3.8392630413429565,39.455877993632626,-482.3984595652201
1559.7022508212583,-0.02407544661271583,-3.8429489835997925,39.33871793984466,-482.2998743746036
1559.8553701950939,-0.024081100528047204,-3.846635840299549,39.22192203173317,-482.20085805565117
1560.3815636482711,-0.02409502936030892,-3.859311204885218,38.823353533130835,-481.8573191215566
1560.9077571014482,-0.0241002348836636,-3.871991603657212,38.42917224328003,-481.5087550008149
1561.060876475284,-0.024100073259723596,-3.8756818164811824,38.31530114100286,-481.4063885574307
1561.2139958491196,-0.024099146302233396,-3.879371941525851,38.20180847430798,-481.3036027046948
1561.7401893022968,-0.024090039832184114,-3.8920507675536355,37.81469862727238,-480.94720152505886
1562.2663827554738,-0.024071608300807353,-3.9047223484233853,37.43213713998605,-480.5859224640628
1562.4195021293094,-0.024064464635765486,-3.9084076433626933,37.32167671312398,-480.47988469041974
1562.572621503145,-0.024056512301993783,-3.9120917794954586,37.211607652644766,-480.37344071269763
1563.0988149563223,-0.02402295597754564,-3.924741757330808,36.83635938702977,-480.00457138733265
1563.6250084094993,-0.023979659169703356,-3.93737151535862,36.465803337993215,-479.6309885963218
1563.7781277833349,-0.023965213180335534,-3.9410421716196904,36.358862421899595,-479.52140230816866
1563.9312471571704,-0.023949932422090623,-3.9447105505650915,36.252324240560654,-479.41142441899825
1564.4574406103477,-0.02389102110575955,-3.9572977845636967,35.88929397537321,-479.03052431191327
1564.9836340635247,-0.02382217286872857,-3.9698514054420193,35.53108022884844,-478.6450909781033
1565.1367534373603,-0.023800267496683705,-3.973497375640562,35.427753059951236,-478.5320909377824
1565.289872811196,-0.023777520695237454,-3.9771399275817902,35.32483825562075,-478.4187151683953
1565.8160662643731,-0.023692932970983027,-3.9896296824957362,34.97433033871682,-478.02626120905904
1566.3422597175502,-0.0235984490075529,-4.002072324234825,34.62874180745268,-477.6294683342756
1566.4953790913858,-0.023569104713322835,-4.005683467392812,34.529106593548676,-477.5131999545898
1566.6484984652213,-0.023538932431523538,-4.009290055997138,34.42989149594101,-477.39657282069913
1567.1746919183986,-0.02342896118793521,-4.021647576996158,34.09215371033355,-476.99307664586377
1567.7008853715756,-0.023309367635803976,-4.033944700248881,33.759415341337615,-476.5854477826058
1567.8540047454112,-0.02327278048164272,-4.037511023689004,33.66353318813759,-476.4660655230995
1568.0071241192468,-0.023235397635097778,-4.041071687577151,33.56807692888893,-476.34634239056413
1568.533317572424,-0.023100922495868318,-4.053263022449353,33.24329729506063,-475.9323445059201
1569.059511025601,-0.022957308734765012,-4.065381193042172,32.923573412789466,-475.5144296075345
1569.2126303994369,-0.02291383347363749,-4.068893080744061,32.83148765457886,-475.3920951325044
1569.3657497732725,-0.022869611211157048,-4.072398259228466,32.73983154477676,-475.26943835386464
1569.8919432264497,-0.022712028465901472,-4.084391011187096,32.42813654276824,-474.84550158182464
1570.4181366796267,-0.022545967461113474,-4.096298613534504,32.121529630706185,-474.4178702566589
1570.5712560534623,-0.022496093025611393,-4.099747025611426,32.033265580868374,-474.29275044260163
1570.724375427298,-0.02244553368631038,-4.103187754421615,31.945432908481962,-474.1673273533285
1571.2505688804752,-0.022266666987981104,-4.114951724753851,31.646887138416602,-473.7340298781357
1571.7767623336522,-0.022080121830171204,-4.126619556422878,31.353438043144056,-473.2972643629894
1571.9298817074878,-0.022024443517883085,-4.129996192790924,31.269003153952823,-473.16952924708045
1572.0830010813233,-0.02196815256153369,-4.133364263487324,31.18499938800853,-473.0415101128833
1572.6091945345006,-0.021770154857776156,-4.144871966208119,30.89960660533091,-472.5994384332095
1573.1353879876776,-0.021565379139235074,-4.156273700559948,30.61929607245967,-472.15412658788216
1573.2885073615132,-0.021504569506363293,-4.159571125677033,30.53868047305294,-472.02394734324884
1573.4416267353488,-0.021443226415473412,-4.1628592059529685,30.458493841434343,-471.89350334319175
1573.967820188526,-0.021228480588083635,-4.174086247328831,30.186199238317545,-471.44324541468876
1574.494013641703,-0.021007920656905966,-4.185198761184545,29.918950631051334,-470.9899740047062
1574.6471330155387,-0.020942701496824135,-4.18841048978038,29.842127996666427,-470.8575210169957
1574.8002523893742,-0.020877031930724117,-4.191612204914546,29.765730389179385,-470.72482233539733
1575.3264458425515,-0.020648056469647565,-4.202537531206035,29.50642394609736,-470.2669611415411
1575.8526392957285,-0.020414258552913827,-4.213341103336667,29.252106957107703,-469.806309627336
1576.0057586695643,-0.02034537401637566,-4.216461649030258,29.17903565234888,-469.67175073217123
1576.1588780434,-0.02027612297357699,-4.219571626398372,29.106383790914634,-469.53696481712876
1576.6850714965772,-0.020035479503683954,-4.230177645352264,28.859904492139382,-469.07207255370355
1577.2112649497542,-0.01979099793392399,-4.240656029496235,28.61833963301766,-468.6046075512474
1577.3643843235898,-0.019719188157880686,-4.243680916991065,28.548964064685745,-468.4681064768505
1577.5175036974254,-0.01964709393055499,-4.24669479428497,28.48000087549022,-468.3313965079993
1578.0436971506026,-0.019397301709905328,-4.2569673735984415,28.246141559319465,-467.8600295151692
1578.5698906037796,-0.019144621680552778,-4.267107754107732,28.01710519309488,-467.3863000420605
1578.7230099776152,-0.01907060224742514,-4.270033498865513,27.95135730386344,-467.2480150863565
1578.8761293514508,-0.01899637671336067,-4.272947900688525,27.886013422809214,-467.10953867937474
1579.402322804628,-0.018739851408411116,-4.282876266047246,27.66452603335237,-466.63223320135245
1579.928516257805,-0.01848133597417815,-4.292669125873427,27.44775572488433,-466.15276676557204
1580.0816356316407,-0.018405783687258054,-4.2954931906747404,27.385556564489278,-466.01284972008455
1580.2347550054762,-0.018330098456435996,-4.298305682901072,27.323751913633888,-465.87275787839724
1580.7609484586535,-0.018069105978550395,-4.307882245467629,27.114352948670405,-465.3900266729142
1581.2871419118305,-0.017806949762517232,-4.317321169325293,26.909552939314,-464.9053262076832
1581.440261285666,-0.01773048870626345,-4.32004190241236,26.850814258863302,-464.7639215261637
1581.5933806595017,-0.01765396096840505,-4.322750928186708,26.792459640111982,-464.62235783658343
1582.119574112679,-0.0173905668328034,-4.331971047483315,26.59483561375968,-464.1346876152224
1582.645767565856,-0.01712674516013879,-4.341052458026559,26.40168224181794,-463.6452292310951
1582.7988869396916,-0.01704993239757174,-4.343669011298661,26.346308059340295,-463.5024734330036
1582.9520063135271,-0.01697311112125799,-4.34627380712734,26.291306713592288,-463.3595734947644
1583.4781997667044,-0.016709138763184167,-4.355135487623054,26.105119456236565,-462.8674231532
1584.0043932198814,-0.016445376054763,-4.363858322750262,25.923266350291946,-462.3736546581584
1584.1575125937172,-0.016368694544884335,-4.366370554999934,25.871154438817985,-462.2296759509338
1584.3106319675528,-0.01629205417274774,-4.368871052943943,25.81940352292607,-462.0855670211946
1584.83682542073,-0.01602906881957594,-4.3773746019432735,25.64429516544347,-461.5893665939781
1585.363018873907,-0.015766828278803567,-4.385739965729184,25.473378076488114,-461.09170670543034
1585.5161382477427,-0.015690684448266573,-4.388148340197575,25.42442133961434,-460.9466248014698
1585.6692576215783,-0.015614622587119048,-4.390545065020717,25.37581328772062,-460.801425632488
1586.1954510747555,-0.015353922341883576,-4.398692736406374,25.211410827026633,-460.30157588244504
1586.7216445279325,-0.015094394571354369,-4.406703537504,25.051052011058676,-459.8004140363745
1586.8747639017681,-0.015019114360011005,-4.40900901546845,25.005139722315633,-459.65434013670733
1587.0278832756037,-0.014943947699340989,-4.4113029776479475,24.959563468573492,-459.50816097656684
1587.554076728781,-0.014686549899382196,-4.419098599153886,24.805482838351654,-459.00503352262643
1588.080270181958,-0.014430644010307726,-4.426759172139488,24.65529491676424,-458.50073018496875
1588.2333895557936,-0.01435647195689391,-4.4289631019720925,24.612313802111693,-458.3537671023497
1588.3865089296291,-0.014282436258741852,-4.431155686721388,24.569655844569233,-458.20670983205787
1588.9127023828064,-0.014029085479615722,-4.438604280274454,24.42550542669647,-457.70064772226436
1589.4388958359834,-0.01377744831446624,-4.445920013152412,24.28509467289329,-457.1935351083422
1589.592015209819,-0.013704555025631934,-4.448024024118295,24.244929824730526,-457.04577750196427
1589.7451345836546,-0.013631813172507537,-4.4501168863163425,24.205075120477552,-456.89793588092743
1590.2713280368318,-0.013383012078932088,-4.457224317306749,24.0704586780428,-456.38925451281
1590.7975214900089,-0.013136060554783545,-4.464201317406231,23.939427732875075,-455.87963761572183
1590.9506408638447,-0.01306455174794374,-4.466207225676991,23.90196336013343,-455.7311723087041
1591.1037602376803,-0.012993202528531287,-4.468202197221425,23.86479605762258,-455.5826322998791
1591.6299536908575,-0.012749238326211026,-4.474974865514266,23.73931511801077,-455.0716205915415
1592.1561471440345,-0.012507181341294669,-4.4816196632236895,23.617265169770373,-454.55977842764224
1592.3092665178701,-0.012437103600151477,-4.483529387712508,23.582385194840445,-454.41068478177573
1592.4623858917057,-0.012367187496738355,-4.485428394293283,23.547789214155088,-454.2615249315372
1592.988579344883,-0.012128154609645819,-4.491872955224913,23.431044937188346,-453.7484466624903
1593.51477279806,-0.01189102353023189,-4.498192238975631,23.317577399718857,-453.23463365964676
1593.6678921718956,-0.011822375298604495,-4.500007727435794,23.28516591203165,-453.0849839868768
1593.8210115457312,-0.011753886365126934,-4.50181271639027,23.253025383338056,-452.93527583947616
1594.3472049989084,-0.011519734055479907,-4.507935848354648,23.144619955793928,-452.420371094192
1594.8733984520854,-0.011287437735848942,-4.513936259211537,23.039337699998068,-451.9048185582013
1595.026517825921,-0.011220186129048746,-4.51565943409435,23.0092792858033,-451.7546785503293
1595.1796371997566,-0.011153088905937475,-4.517372322769824,22.979478867015303,-451.60448707859564
1595.7058306529339,-0.01092367817618183,-4.523180569549462,22.87901650750791,-451.08797373113634
1596.2320241061109,-0.010696054773734457,-4.528868572144974,22.781524743809204,-450.5708913321185
1596.3851434799465,-0.010630149102162024,-4.530501298031027,22.753704722226974,-450.4203204926786
1596.538262853782,-0.010564391450542965,-4.532123943242933,22.7261298262934,-450.2697045293974
1597.0644563069593,-0.010339533416033183,-4.537623622539421,22.63321750426438,-449.7517797200234
1597.5906497601363,-0.010116383698411013,-4.543005432462832,22.54312441390821,-449.2333569570254
1597.743769133972,-0.010051764924717018,-4.5445494980926835,22.517429005756505,-449.0824090246611
1597.8968885078075,-0.009987287728464082,-4.546083679679382,22.491965963235902,-448.9314216845704
1598.4230819609847,-0.009766781322638219,-4.551280838698457,22.406213913340274,-448.4122632582422
1598.9492754141618,-0.009547914277615963,-4.556362400000858,22.323131103983577,-447.8926708774853
1599.1023947879976,-0.009484529988565424,-4.557819516443105,22.29944755515557,-447.74139423444194
1599.2555141618332,-0.009421282625419873,-4.559266937731063,22.27598373419047,-447.5900833207239
1599.7817076150104,-0.009204970786561755,-4.564167373806786,22.19700584792715,-447.06985120771066
1600.3079010681874,-0.00899026046318311,-4.568954409362532,22.12054872627766,-446.5492425563535
1600.461020442023,-0.008928080777023869,-4.570326230303836,22.098765415055098,-446.39768061707247
1600.6141398158586,-0.008866036544272966,-4.571688540727452,22.077189328883833,-446.2460890075006
1601.1403332690359,-0.008653853085123916,-4.5762978959757366,22.004603531614787,-445.72492653110754
1601.666526722213,-0.00844327428457452,-4.580796023857366,21.934391702004575,-445.20343883495224
1601.8196460960485,-0.00838229982422338,-4.582084182703209,21.91439826093917,-445.05163041220516
1601.972765469884,-0.008321462991988157,-4.583363016093523,21.89459969275876,-444.89979642277353
1602.4989589230613,-0.008113451095445815,-4.587686915639292,21.828028398779658,-444.3778315300188
1603.0251523762383,-0.007907093778217732,-4.591901796001316,21.763686163049417,-443.8555870958054
1603.178271750074,-0.007847359998858676,-4.5931079499357965,21.745373633701558,-443.703566745401
1603.3313911239095,-0.0077877704085185994,-4.594304969309039,21.727243795800863,-443.5515244727722
1603.8575845770868,-0.007584101968479064,-4.598349181370448,21.66631449068064,-443.0288708944084
1604.3837780302638,-0.007382195067296877,-4.602286687887193,21.607471490997305,-442.5059782446292
1604.5368974040994,-0.0073237798361950246,-4.603412570230656,21.59073252338785,-442.3537765910565
1604.690016777935,-0.007265520481383148,-4.604529521251093,21.574164262560792,-442.20155623618035
1605.2162102311122,-0.007066520975454149,-4.608300149797643,21.51851025757531,-441.67831458367175
1605.7424036842892,-0.006869451848780191,-4.611966573983447,21.464802311581806,-441.15486953091744
1605.895523058125,-0.006812479413471667,-4.61301405543005,21.449531423416058,-441.0025135758771
1606.0486424319606,-0.006755679536654686,-4.6140528281513795,21.43441948761837,-440.8501417507379
1606.5748358851379,-0.006561830128170179,-4.617556526934837,21.383680894958133,-440.32640055721674
1607.101029338315,-0.006370133897481285,-4.620958789922674,21.334751062003523,-439.8024872259531
1607.2541487121505,-0.006314769472528039,-4.621929938780252,21.32084496600957,-439.65000064231845
1607.407268085986,-0.0062595983746586365,-4.622892627045359,21.307086339108313,-439.49750066245474
1607.9334615391633,-0.006071510718546832,-4.626136795384575,21.260911277567214,-438.9733373776102
1608.4596549923403,-0.005885842668690731,-4.629282629821003,21.216411145191728,-438.4490291841792
1608.612774366176,-0.00583228464165846,-4.630179762150914,21.203769137734184,-438.2964325985908
1608.7658937400115,-0.005778944029410866,-4.631068712579251,21.19126343422064,-438.1438247645666
1609.2920871931888,-0.00559733556895961,-4.6340616552097025,21.149309430046202,-437.61930671378923
1609.8182806463658,-0.005418447612980502,-4.636959752413042,21.10890057912053,-437.0946673134461
1609.9714000202014,-0.005366920670381003,-4.637785472556634,21.09742497777281,-436.94197857971096
1610.124519394037,-0.005315637615934824,-4.63860332396867,21.08607488511849,-436.789280449535
1610.6507128472142,-0.00514130524490893,-4.641354378029871,21.04801042685905,-436.2644657627661
1611.1769063003912,-0.0049700145448538366,-4.6440144997924335,21.011366034587656,-435.73954996727207
1611.3300256742268,-0.004920759271054852,-4.6447717296720405,21.000962652592015,-435.58678443127866
1611.4831450480624,-0.004871775228070061,-4.645521440750697,20.99067440884336,-435.43401108436706
1612.0093385012397,-0.004705552600318066,-4.648041056898486,20.956180609602445,-434.90894959598035
1612.5355319544167,-0.004542692690062714,-4.650474092507743,20.92298713510831,-434.3838042621916
1612.6886513282523,-0.0044959504587423465,-4.651166083227375,20.913565774524155,-434.2309750183451
1612.8417707020878,-0.004449505940164322,-4.651850941825072,20.904249661988825,-434.0781393109738
1613.367964155265,-0.0042922103801295,-4.6541506981025265,20.873021955475533,-433.55287343008575
1613.8941576084421,-0.004138578974745471,-4.656368650513167,20.842980824383343,-433.02753831815187
1614.047276982278,-0.004094577225934638,-4.656998973199651,20.83445576212873,-432.87465645674973
1614.2003963561135,-0.004050897273721963,-4.657622584957098,20.826026590949112,-432.72176926832896
1614.7265898092908,-0.00390328153605273,-4.659715131086585,20.79777636981542,-432.1963348164841
1615.2527832624678,-0.0037595946515129467,-4.661731036449718,20.77060556670162,-431.6708434134155
1615.4059026363034,-0.0037185339347199017,-4.662303554362925,20.762896007535247,-431.517918257512
1615.559022010139,-0.0036778153195421116,-4.662869812843784,20.75527356347355,-431.36498872614186
1616.0852154633162,-0.003540524614965053,-4.664768752862456,20.72972967436973,-430.8394157364745
1616.6114089164932,-0.003407375113592071,-4.666596540948202,20.705165161491575,-430.31379603848103
1616.7645282903288,-0.003369417300550328,-4.667115364807104,20.69819563491363,-430.16083536822657
1616.9176476641644,-0.0033318168855303748,-4.6676284050386325,20.691305068612557,-430.0078711134945
1617.4438411173417,-0.003205350234595526,-4.6693481242665555,20.668215087810154,-429.48218458424475
1617.9700345705187,-0.003083171950499171,-4.671002425825986,20.646011977055586,-428.9564598306975
1618.1231539443543,-0.003048430446704877,-4.671471854278514,20.639712657453057,-428.8034700931001
1618.2762733181899,-0.0030140557281430787,-4.671935991757427,20.633484794807693,-428.6504774240828
1618.802466771367,-0.0028987362106662525,-4.673491436695858,20.61261601705355,-428.1246980196398
1619.3286602245441,-0.0027877785643459926,-4.674987348853189,20.59254943287132,-427.5988873721758
1619.4817795983797,-0.0027563117598885687,-4.675411797811364,20.58685636594054,-427.44587387447746
1619.6348989722153,-0.0027252146765427594,-4.67583145686319,20.58122792318184,-427.2928579811784
1620.1610924253926,-0.0026211708495437907,-4.677237882330585,20.562368012163393,-426.76700267490446
1620.6872858785696,-0.002521484285420831,-4.678590706998966,20.544233601463908,-426.24112183652085
1620.8404052524054,-0.002493292043992359,-4.678974632184778,20.539088825584496,-426.0880889218151
1620.993524626241,-0.0024654657957385285,-4.67935426799891,20.534002518395436,-425.93505404872525
1621.5197180794182,-0.0023726232100216233,-4.680626965960347,20.516959787000932,-425.4091367035541
1622.0459115325953,-0.002284054769276412,-4.681851935274551,20.50057385158589,-424.8831984745114
1622.1990309064308,-0.0022590779510037085,-4.682199751990525,20.495925408383112,-424.73014967884023
1622.3521502802664,-0.002234456913871923,-4.6825437703523,20.491329949897118,-424.5770992799344
1622.8783437334437,-0.002152541108982814,-4.683697794627913,20.475933257222014,-424.05113116495016
1623.4045371866207,-0.0020747426586907544,-4.6848097986057935,20.461132503307745,-423.5251459345517
1623.5576565604563,-0.002052866524623666,-4.685125803435744,20.456934337328963,-423.37208412536916
1623.7107759342919,-0.00203133007504688,-4.685438482972641,20.452784325648064,-423.2190210004909
1624.2369693874691,-0.0019598827689254056,-4.686488387184662,20.438882598731198,-422.69301124383514
1624.7631628406461,-0.001892331117872267,-4.687501721226046,20.425523520625095,-422.1669874191802
1624.9162822144817,-0.0018733917716743703,-4.6877900206491825,20.42173527481802,-422.01391491563527
1625.0694015883173,-0.001854770940826456,-4.688075442428997,20.41799097746039,-421.8608413287866
1625.5955950414946,-0.0017931740697594112,-4.689035046132435,20.40545238849839,-421.33479730910636
1626.1217884946716,-0.0017351961177012433,-4.689963190091323,20.39341032407609,-420.8087416837012
1626.2749078685072,-0.0017189878995259118,-4.690227638708099,20.38999704307825,-420.6556603597021
1626.4280272423428,-0.0017030727980183152,-4.690489625598715,20.386624090750967,-420.5025781402493
1626.95422069552,-0.0016505741130820888,-4.691371814517042,20.37533493456407,-419.97650582055746
1627.480414148697,-0.0016013732142096547,-4.69222724660777,20.36450283962515,-419.4504238872011
1627.6335335225326,-0.0015876566367445848,-4.692471395613316,20.361434594796503,-419.29733525863827
1627.7866528963682,-0.0015742045716559737,-4.692713461992741,20.358403598533858,-419.1442458868489
1628.3128463495455,-0.0015299474002158568,-4.69353002504196,20.34826691919532,-418.61815009590043
1628.8390398027225,-0.001488636067416231,-4.694324075297809,20.338553911456607,-418.09204630922983
1628.9921591765583,-0.0014771478947546123,-4.694551133148318,20.335805362927168,-417.9389516069586
1629.1452785503939,-0.0014658936278033167,-4.694776447114333,20.333091470161897,-417.78585628548166
1629.6714720035711,-0.0014289531946378544,-4.695537958831782,20.324025493152252,-417.25974095224484
1630.1976654567482,-0.001394589886195728,-4.6962807107682165,20.315355226696933,-416.7336189465366
1630.3507848305837,-0.0013850537023933217,-4.696493518213551,20.312905140967867,-416.58051917674504
1630.5039042044193,-0.0013757198999550322,-4.696704878204222,20.310487549351972,-416.42741888965713
1631.0300976575966,-0.0013451376184667036,-4.697420630326789,20.30242398555493,-415.9012872364351
1631.5562911107736,-0.0013167579651876848,-4.6981208697573225,20.294732922692386,-415.3751500041821
1631.7094104846092,-0.0013088925815556006,-4.698321887953298,20.2925636650328,-415.2220459977397
1631.8625298584448,-0.0013011979578059257,-4.698521712136956,20.29042511304259,-415.06894155874943
1632.388723311622,-0.0012760077197986198,-4.699199686176115,20.28330739734107,-414.54279625839183
1632.914916764799,-0.0012526496223862454,-4.699864887307141,20.27654303583716,-414.016646295014
1633.0680361386346,-0.0012461764256998572,-4.700056196218705,20.274640053312012,-413.86353874734317
1633.2211555124702,-0.0012398431783222418,-4.700246522040816,20.272766303083312,-413.71043083868403
1633.7473489656475,-0.001219098061263532,-4.700893396673816,20.266547818092565,-413.1842741410292
1634.2735424188245,-0.0011998297701094644,-4.701529743910092,20.260666922224324,-412.6581135606418
1634.42666179266,-0.0011944810733349428,-4.701713051467714,20.259018231410618,-412.505003063494
1634.5797811664956,-0.0011892432073835149,-4.701895546062098,20.257397557921173,-412.35189226686373
1635.105974619673,-0.0011720433953336601,-4.702516742612499,20.25203989257275,-411.8257260988994
1635.63216807285,-0.0011559889866640442,-4.70312919008628,20.24700677907802,-411.29955672535743
1635.7852874466857,-0.0011515147229661077,-4.703305851962912,20.245602473491022,-411.14644379167515
1635.9384068205213,-0.0011471243875794473,-4.703481832916712,20.24422517503528,-410.9933306123862
1636.4646002736986,-0.0011326354276113865,-4.704081593354699,20.23969646794283,-410.46715665600624
1636.9907937268756,-0.0011189881383140245,-4.704673951237602,20.235481392427488,-409.940980092946
1637.1439131007112,-0.0011151589167078292,-4.704844997154674,20.234313181689796,-409.7878651758699
1637.2970324745468,-0.001111389228556494,-4.705015459292621,20.23317112308017,-409.63475006125776
1637.823225927724,-0.0010988512103333415,-4.705596941301323,20.229444524491424,-409.1085698121328
1638.349419380901,-0.0010868836837235642,-4.706171975981392,20.22602219461574,-408.5823874953898
1638.5025387547366,-0.001083494323314478,-4.7063381399002475,20.225082981814797,-408.4292710023653
1638.6556581285722,-0.0010801431293408002,-4.706503786037736,20.224169176405393,-408.2761543553951
1639.1818515817495,-0.001068885449865205,-4.707069173605028,20.22122144860325,-407.7499691660712
1639.7080450349265,-0.001057965682101926,-4.707628726358544,20.21856968470891,-407.2237824013979
1639.861164408762,-0.0010548397626031249,-4.707790482620178,20.217853188571357,-407.07066470419437
1640.0142837825977,-0.0010517339970211434,-4.7079517603405545,20.21716142598465,-406.91754689306646
1640.540477235775,-0.0010411878148868213,-4.708502394898825,20.214971708021707,-406.39135800293633
1641.066670688952,-0.0010307857497238954,-4.7090475180418006,20.213070278128182,-405.8651679915496
1641.2197900627875,-0.001027776062122844,-4.70920512148531,20.212570707587734,-405.7120494329166
1641.372909436623,-0.0010247715236846775,-4.709362263275466,20.212095234358376,-405.5589307973859
1641.8991028898004,-0.0010144631807358845,-4.7098987800346706,20.21064399134872,-405.032739351981
1642.4252963429774,-0.0010041369647161194,-4.710429867908952,20.20947363073729,-404.5065472063583
1642.578415716813,-0.001001120510897304,-4.71058339044249,20.209185412440053,-404.3534281040154
1642.7315350906485,-0.0009980966543728454,-4.7107364495312956,20.208920665037617,-404.2003089591224
1643.2577285438258,-0.00098762986242838,-4.71125889436975,20.208188811159836,-403.6741160210678
1643.7839219970028,-0.0009770104578433266,-4.711775791498916,20.207730404563755,-403.14792277323545
1643.9370413708386,-0.0009738848595584753,-4.711925152114858,20.2076479553491,-402.9948034218235
1644.0901607446742,-0.000970741587362601,-4.712074031991029,20.20758833724908,-402.8416840596493
1644.6163541978515,-0.0009597896385914299,-4.71258195984517,20.207556503324163,-402.31549061328565
1645.1425476510285,-0.0009485775266361661,-4.713084056407482,20.207790403500887,-401.7892972174282
1645.295667024864,-0.0009452608123175625,-4.713229048755761,20.207907941468605,-401.63617788892446
1645.4487863986997,-0.0009419185288567594,-4.713373530709767,20.208047638470898,-401.48305857885794
1645.974979851877,-0.0009302263724235005,-4.713866100755537,20.208695569488672,-400.95686553011865
1646.501173305054,-0.0009181955449398768,-4.714352429361888,20.209601045247396,-400.43067286100006
1646.6542926788895,-0.0009146274807788297,-4.7144927503562775,20.209912438743643,-400.27755380401385
1646.807412052725,-0.000911028420183396,-4.714632522259537,20.210245272347237,-400.1244347919478
1647.3336055059024,-0.00089841638523968,-4.715108598324617,20.21155135758595,-399.5982429648951
1647.8597989590794,-0.0008854152957810347,-4.715577935660505,20.213106177068862,-399.0720518134677
1648.012918332915,-0.0008815568655089807,-4.715713215077633,20.213604833501908,-398.91893325181826
1648.1660377067506,-0.0008776641877461107,-4.715847900863794,20.214124154209014,-398.7658147586695
1648.6922311599278,-0.0008640215701149554,-4.71630615095357,20.21606509478799,-398.23962489004714
1649.2184246131048,-0.0008499623421996771,-4.716757112778457,20.2182452442054,-397.7134359575793
1649.3715439869404,-0.0008457919242473911,-4.716886939721356,20.21892403747144,-397.56031808853317
1649.524663360776,-0.0008415857042368474,-4.71701612527915,20.219622656201707,-397.4072003084622
1650.0508568139533,-0.0008268561246346684,-4.717455105557539,20.222173258596758,-396.881013041503
1650.5770502671303,-0.0008117002066013912,-4.717886223059324,20.22495277792923,-396.35482693337525
1650.730169640966,-0.0008072097609701146,-4.718010166766043,20.225804007951087,-396.2017099258583
1650.8832890148017,-0.0008026833914768908,-4.718133420199697,20.226674158745737,-396.0485930244947
1651.409482467979,-0.0007868550271144195,-4.71855164093784,20.229807229389316,-395.5224089029589
1651.935675921156,-0.0007706074232652692,-4.718961422593741,20.23315814061511,-394.99622612299817
1652.0887952949915,-0.0007658015607809255,-4.719079049972563,20.23417351846455,-394.84311011601767
1652.2419146688271,-0.0007609610429454287,-4.719195938988131,20.235206846297505,-394.6899942289176
1652.7681081220044,-0.0007440649434549539,-4.719591923811666,20.238893169912952,-394.16381369210353
1653.2943015751814,-0.0007267717334216336,-4.719978913539777,20.242785486227515,-393.63763463814206
1653.447420949017,-0.0007216664752242391,-4.72008980582506,20.243956142526528,-393.48451973961005
1653.6005403228526,-0.0007165289081085978,-4.720199914159769,20.245143714220216,-393.33140497113504
1654.1267337760298,-0.0006986313987780248,-4.720572254199681,20.249352110153083,-392.805228350476
1654.6529272292069,-0.0006803691056663922,-4.720935080713932,20.253753919526762,-392.27905331168705
1654.8060466030424,-0.0006749883493633772,-4.721038846698197,20.2550704335143,-392.1259395977918
1654.959165976878,-0.0006695782969507487,-4.721141786826484,20.256402768780305,-391.97282602054696
1655.4853594300553,-0.0006507682312003632,-4.721489179985463,20.261100211583916,-391.4466535382038
1656.0115528832323,-0.000631631833967725,-4.72182658955424,20.265977816288018,-390.9204826945154
1656.1646722570679,-0.0006260042272335939,-4.721922873955723,20.26743025948766,-390.76737020970677
1656.3177916309035,-0.000620350780762037,-4.722018295001113,20.268897375855634,-390.614257864596
1656.8439850840807,-0.0006007313510196446,-4.722339570135897,20.274049158222095,-390.08808963418437
1657.3701785372577,-0.000580828610704766,-4.722650447117106,20.279367249512983,-389.5619230578341
1657.5232979110933,-0.0005749862905182177,-4.722738936060109,20.280945238497235,-389.4088118154308
1657.676417284929,-0.0005691218958877388,-4.722826529075555,20.28253670491126,-389.2557007123338
1658.2026107381062,-0.0005488066707016933,-4.723120662855016,20.288106627774027,-388.72953674177586
1658.7288041912832,-0.0005282535171560505,-4.723404044297807,20.293828484258523,-388.2033744009666
1658.881923565119,-0.0005222305036191732,-4.723484469088803,20.29552123975368,-388.05026438436846
1659.0350429389546,-0.0005161892582356496,-4.723563970576408,20.29722623622858,-387.8971545034183
1659.5612363921318,-0.0004952955794212245,-4.723830097389505,20.303176817452137,-387.3709946998274
1660.0874298453089,-0.0004742088922318073,-4.72408517930572,20.30926451801845,-386.84483646434575
1660.2405492191444,-0.00046803897459828857,-4.724157317528735,20.311060927388493,-386.69172762880146
1660.39366859298,-0.00046185454609447014,-4.724228510225662,20.312868307639867,-386.5386189222094
1660.9198620461573,-0.00044049695643279805,-4.724465922532296,20.319160997634985,-386.0124630985828
1661.4460554993343,-0.00041898930594994527,-4.724692057134561,20.325575636417838,-385.4863087471081
1661.5991748731699,-0.0004127048368986726,-4.724755731361904,20.327464315861018,-385.33320102195046
1661.7522942470055,-0.0004064093944865226,-4.724818442774661,20.329362669300778,-385.1800934162888
1662.2784877001827,-0.0003846969932606382,-4.725026585081759,20.335958062116777,-384.65394129969275
1662.8046811533598,-0.00036287498757543106,-4.7252232736289,20.34265995610714,-384.1277905284777
1662.9578005271953,-0.0003565064755237322,-4.725278349201683,20.344629310329797,-383.9746838197364
1663.110919901031,-0.00035013027080124865,-4.725332449315167,20.346607021395247,-383.8215772185877
1663.6371133542082,-0.00032816489625299937,-4.725510909747016,20.353465055832896,-383.29542845953245
1664.1633068073852,-0.0003061266876314194,-4.7256777929801705,20.36041394124264,-382.7692808921594
1664.3164261812208,-0.00029970192686004844,-4.725724174961188,20.3624522196228,-382.6161750854652
1664.4695455550564,-0.0002932723910406403,-4.725769573059364,20.36449752345993,-382.4630693723541
1664.9957390082336,-0.00027114535462862186,-4.725918071309723,20.37157767047652,-381.93692355505704
1665.5219324614106,-0.00024897751856212705,-4.726054915724124,20.378732883349393,-381.4107787529569
1665.6750518352462,-0.00024252078297306768,-4.726092544598324,20.380828231090703,-381.2576737166434
1665.8281712090818,-0.00023606178185920694,-4.726129184851201,20.382929264046385,-381.1045687581546
1666.354364662259,-0.0002138520075462407,-4.726247556285133,20.390190694925824,-380.5784254113639
1666.880558115436,-0.00019162880799071714,-4.726354237549082,20.397511330752128,-380.05228288477554
1667.033677489272,-0.0001851608567151513,-4.7263830843553025,20.39965183367237,-379.89917847308794
1667.1867968631075,-0.000178692770302129,-4.726410940952229,20.401796677342745,-379.746074122082
1667.7129903162847,-0.0001564674326567064,-4.726499120089462,20.409198409419545,-379.2199327301719
1668.2391837694618,-0.0001342515603468776,-4.726575606889827,20.41664346025636,-378.6937919492825
1668.3923031432973,-0.00012778978415758439,-4.726595668595504,20.418817183100067,-378.5406880056234
1668.545422517133,-0.00012132961129780558,-4.726614741135247,20.420993901933876,-378.3875841044843
1669.0716159703102,-9.914408470663085e-05,-4.726672745834242,20.428494922454217,-377.8614441186095
1669.5978094234872,-7.698612344876896e-05,-4.726719083906734,20.436023392417997,-377.33530452468233
1669.7509287973228,-7.054432747786525e-05,-4.726730378695472,20.43821841088075,-377.18220088484117
1669.9040481711584,-6.410546460768965e-05,-4.726740687445483,20.44041508347926,-377.02909726869905
1670.4302416243356,-4.200265440094082e-05,-4.7267686023468105,20.447974451558313,-376.5029581178241
1670.9564350775127,-1.9940835584043935e-05,-4.726784897678806,20.455545450003452,-375.97681913413294
1671.1095544513482,-1.3529300307102907e-05,-4.726787460049259,20.45774987617934,-375.82371562944644
1671.2626738251838,-7.121666005042223e-06,-4.726789041059536,20.45995461999984,-375.6706121293295
1671.788867278361,1.4866966676026169e-05,-4.726787001078398,20.467531545841695,-375.14447323097096
1672.315060731538,3.6805019763452164e-05,-4.726773404130019,20.475104358084632,-374.6183342734041
1672.4681801053737,4.317893433641793e-05,-4.726767280495466,20.47730635950585,-374.46523073381456
1672.6212994792093,4.954828155102417e-05,-4.726760181286384,20.47950734923556,-374.31212717969385
1673.1474929323865,7.140072218388259e-05,-4.726728357512264,20.487061252401993,-373.78598795028927
1673.6736863855635,9.319644248446008e-05,-4.726685050049876,20.494595390816556,-373.2598484375642
1673.8268057593993,9.952797614421233e-05,-4.726670295048613,20.496783204045006,-373.10674469456274
1673.979925133235,0.00010585456531503211,-4.726654570966621,20.49896868462776,-372.95364091828185
1674.5061185864122,0.00012755766518395903,-4.726593158363418,20.506459234607316,-372.4275007831544
1675.0323120395892,0.0001492012565755195,-4.726520341387633,20.513914472783704,-371.90136014661914
1675.1854314134248,0.00015548817342809484,-4.726497014390581,20.516076412164324,-371.74825603606604
1675.3385507872604,0.00016177003234557486,-4.726472725133678,20.518234707022202,-371.5951518741483
1675.8647442404376,0.0001833189372405359,-4.726381930740672,20.52562184743729,-371.0690102770407
1676.3909376936147,0.00020480821248377044,-4.72627981314335,20.53295823830409,-370.542867970038
1676.5440570674502,0.00021105031830009928,-4.726247975083565,20.535082700129763,-370.3897633348565
1676.6971764412858,0.00021728743348367372,-4.726215181606396,20.53720221485254,-370.2366586311837
1677.223369894463,0.0002386833291490915,-4.726095214648337,20.544446172670305,-369.71051504336197
1677.74956334764,0.00026002123110922885,-4.725964004568005,20.551624052833724,-369.1843705501789
1677.9026827214757,0.0002662196838226161,-4.725923715675983,20.553699515786928,-369.03126524293157
1678.0558020953113,0.00027241335148903476,-4.725882478022898,20.55576873823229,-368.87815985130914
1678.5819955484885,0.000293661727911404,-4.725733543122502,20.56283002174358,-368.35201378029086
1679.1081890016656,0.00031485537147546086,-4.7255734418655715,20.569810006087046,-367.8258666247601
1679.2613083755011,0.000321012550569671,-4.725524759974794,20.571825029087165,-367.67276051012897
1679.4144277493367,0.0003271652872766219,-4.7254751356061435,20.573832526966818,-367.519654296756
1679.940621202514,0.0003482758582973582,-4.725297427060603,20.580671915547562,-366.99350529472235
1680.466814655691,0.0003693364597372832,-4.725108623417628,20.587414883998576,-366.4673550485202
1680.6199340295266,0.0003754558833903595,-4.72505160231735,20.58935810179173,-366.31424800570124
1680.7730534033622,0.0003815713033514136,-4.724993644481859,20.591292518014914,-366.16114085155573
1681.2992468565394,0.0004025570670650318,-4.724787340918022,20.5978710442505,-365.63498852348204
1681.8254403097164,0.0004234982154563352,-4.7245700065208505,20.604338121284982,-365.10883481416465
1681.9785596835522,0.0004295838918691791,-4.724504694796466,20.606198238040744,-364.95572673918974
1682.1316790573878,0.00043566602046932445,-4.724438451467631,20.608048284142942,-364.80261854234385
1682.657872510565,0.0004565408581414121,-4.724203713042321,20.61432721019781,-364.27646255391096
1683.1840659637421,0.0004773765594209452,-4.723958000710746,20.620479740046466,-363.75030507276443
1683.3371853375777,0.0004834325970927203,-4.723884441444397,20.62224552201117,-363.59719588077587
1683.4903047114133,0.0004894855697552613,-4.723809955071201,20.6239999707597,-363.44408655866704
1684.0164981645905,0.0005102639730255047,-4.72354692278761,20.629940762748415,-362.9179266440382
1684.5426916177676,0.0005310092748882117,-4.723272965753119,20.635740283392973,-362.39176515381774
1684.6958109916031,0.0005370401799457279,-4.723191196212652,20.63740055124538,-362.2386547813143
1684.8489303654387,0.0005430685561498397,-4.723108503370603,20.63904822894384,-362.08554427298765
1685.375123818616,0.000563766622513086,-4.722817297489449,20.64461252998538,-361.55938024249343
1685.901317271793,0.0005844380345634057,-4.72251520743394,20.65002074528903,-361.0332145850779
1686.0544366456286,0.0005904486412255657,-4.722425258475649,20.651564365828882,-360.8801029921366
1686.2075560194642,0.0005964572454863456,-4.722334389286436,20.65309414392329,-360.7269912604651
1686.7337494726414,0.0006170912705255034,-4.722015107731849,20.658243744674394,-360.2008230082216
1687.2599429258185,0.0006377044864184397,-4.721684974163188,20.66322249434247,-359.6746531122198
1687.413062299654,0.0006436992179150713,-4.721586870297921,20.664638371714844,-359.52154028470915
1687.5661816734896,0.0006496924248846502,-4.721487848596336,20.66603915803373,-359.3684273186074
1688.0923751266669,0.0006702771235580623,-4.721140568267441,20.67073596698982,-358.84225483012824
1688.618568579844,0.0006908467364012859,-4.720782460373897,20.675247197715624,-358.3160807185078
1688.7716879536797,0.0006968298861507389,-4.720676220295874,20.676524265214304,-358.16296667031156
1688.9248073275153,0.0007028120320495382,-4.720569064109158,20.677784995839957,-358.00985248696094
1689.4510007806925,0.0007233628569366267,-4.720193841797855,20.68199101184526,-357.4836758468192
1689.9771942338696,0.0007439053243620474,-4.719807807975855,20.68599674995037,-356.95749764458685
1690.1303136077051,0.0007498818986197344,-4.719693444115338,20.68712396197587,-356.8043824198421
1690.2834329815407,0.0007558580714448527,-4.719578165105222,20.688233593132686,-356.65126706693025
1690.809626434718,0.0007763930017154228,-4.71917503480356,20.691910876639,-356.1250864664641
1691.335819887895,0.0007969265635739224,-4.718761099516049,20.69537319781114,-355.59890440839047
1691.4889392617306,0.0008029018241243265,-4.71863861718203,20.696339520745152,-355.44578808374
1691.6420586355662,0.0008088772501358034,-4.718515219854107,20.69728701955622,-355.29267164171574
1692.1682520887434,0.0008294137804548308,-4.7180841910835145,20.70039766016448,-354.76648738680126
1692.6944455419205,0.0008499557099818463,-4.717642354704598,20.703278656533715,-354.24030182524086
1692.847564915756,0.0008559347354653147,-4.717511752304457,20.704073059185426,-354.0871845121191
1693.0006842895916,0.0008619145942709291,-4.717380234261336,20.70484739413719,-353.9340670964841
1693.5268777427689,0.00088247178061541,-4.716921292583062,20.70735347819748,-353.40787961545124
1694.053071195946,0.0009030441749589365,-4.716451529846739,20.709615225678675,-352.88169102832285
1694.2061905697815,0.0009090341724305809,-4.716312797764915,20.710226669577693,-352.72857287529047
1694.359309943617,0.00091502603863445,-4.716173148252216,20.710816800607034,-352.57545463893837
1694.8855033967943,0.0009356332496883719,-4.715686247154418,20.712680374783087,-352.0492644906496
1695.4116968499713,0.0009562701757682085,-4.715188494859143,20.71428489128866,-351.5230734895806
1695.564816223807,0.0009622818519893531,-4.71504161121479,20.714702317204328,-351.36995468470815
1695.7179355976425,0.000968296660430629,-4.7148938067323956,20.715097181603284,-351.21683582031585
1696.2441290508198,0.0009889924685572852,-4.714378852263524,20.7162801990005,-350.69064370244536
1696.7703225039968,0.0010097314687742952,-4.713852996432205,20.717189383166247,-350.16445104117327
1696.9234418778326,0.0010157750719424726,-4.713697924374843,20.71740169207754,-350.011331814513
1697.0765612516682,0.001021822620741113,-4.713541926587436,20.717590185142765,-349.8582125570269
1697.6027547048454,0.001042636102201155,-4.712998776363714,20.7180544375617,-349.33201931472496
1698.1289481580225,0.0010634976676957677,-4.712444661571553,20.718230003213943,-348.8058258979652
1698.282067531858,0.0010695772725174539,-4.71228135407185,20.71822603843468,-348.6527065241736
1698.4351869056936,0.0010756607944186472,-4.712117115402473,20.7181969963695,-348.4995871534492
1698.9613803588709,0.0010965961647396453,-4.7115456035849625,20.717904063463966,-347.97339378855423
1699.487573812048,0.0011175743577472171,-4.710963064446138,20.717307503655736,-347.447200681405
1699.6406931858835,0.001123686428106125,-4.710791474229213,20.717076043655407,-347.2940814825107
1699.793812559719,0.001129801686241284,-4.710618947962871,20.716818237864096,-347.1409623260929
1700.3200060128963,0.0011508395439888187,-4.7100189201394,20.715729479608967,-346.6147700067574
1700.8461994660734,0.001171909756138434,-4.709407813820572,20.71432207684413,-346.0885784443946
1700.999318839909,0.0011780465838749788,-4.709227901890656,20.713851841379665,-345.93545979262507
1701.1524382137445,0.0011841857733019847,-4.7090470501714465,20.713353985820294,-345.7823412285743
1701.6786316669218,0.0012052998850379422,-4.7084183853868495,20.711430576135523,-345.2561512989584
1702.2048251200988,0.0012264384062176373,-4.707778604072838,20.709173445094756,-344.7299626962763
1702.3579444939344,0.001232593868607134,-4.707590341334016,20.70845310863137,-344.5768450168478
1702.51106386777,0.0012387511985837187,-4.707401135967661,20.70770387344399,-344.4237274765244
1703.0372573209472,0.0012599244727859308,-4.706743743454997,20.704906846529532,-343.89754146630975
1703.5634507741242,0.001281117753568453,-4.706075204440395,20.701760976965744,-343.3713574273594
1703.71657014796,0.001287288421265243,-4.705878568072744,20.700779180012116,-343.2182412012119
1703.8696895217956,0.0012934606073981205,-4.7056809867747535,20.69976720234776,-343.0651251720056
1704.395882974973,0.0013146822480942732,-4.704994793602326,20.696057485473474,-342.5389448057468
1704.92207642815,0.001335919289806177,-4.704297429689538,20.69198376925394,-342.01276713304895
1705.0751958019855,0.0013421017432828871,-4.7040924012313035,20.690729125359407,-341.85965289954964
1705.228315175821,0.0013482852721561692,-4.703886426071355,20.68944301612031,-341.7065389275807
1705.7545086289983,0.001369542337586449,-4.703171374977667,20.68478145175688,-341.18036613396293
1706.2807020821754,0.0013908097535510473,-4.70244513583212,20.679740704810865,-340.6541968377207
1706.433821456011,0.0013970001827805407,-4.702231701970928,20.678201807183356,-340.501085197335
1706.5869408298465,0.0014031913702821075,-4.7020173201940105,20.676630157732966,-340.3479738901196
1707.1131342830238,0.0014244727602199191,-4.701273371377344,20.67097752751096,-339.82181081107694
1707.6393277362008,0.0014457623591055868,-4.700518222272866,20.664930513960154,-339.29565211823444
1707.7924471100364,0.0014519590192390568,-4.7002963736374035,20.663095942290546,-339.142543735152
1707.945566483872,0.0014581563658028626,-4.700073576124064,20.661227331072922,-338.98943576422573
1708.4717599370492,0.001479458724216265,-4.6993006995628415,20.65454437611958,-338.46328476394183
1708.9979533902263,0.0015007691314387456,-4.698516611722464,20.647451824085316,-337.93713912718187
1709.1510727640618,0.0015069718438752689,-4.698286340023018,20.645310148147065,-337.78403473193794
1709.3041921378974,0.0015131752216320442,-4.698055118521141,20.643133143886814,-337.6309308354785
1709.8303855910747,0.0015344980225882418,-4.697253285990838,20.635380572864335,-337.1047945094183
1710.3565790442517,0.0015558282115537255,-4.696440231598503,20.62720317912674,-336.57866461621984
1710.5096984180873,0.0015620365146500237,-4.696201528855268,20.624742959723076,-336.42556500833473
1710.6628177919229,0.0015682454167766787,-4.695961875455095,20.62224612226721,-336.2724659938031
1711.1890112451001,0.0015895867361007251,-4.695131060466826,20.613384614148565,-335.7463471777902
1711.7152046982771,0.0016109352223761864,-4.69428901393044,20.604083047273473,-335.2202359595019
1711.868324072113,0.0016171489024704498,-4.694041872831519,20.60129283731329,-335.0671420101196
1712.0214434459485,0.0016233632456846558,-4.69379378023673,20.59846471874001,-334.9140487568975
1712.5476368991258,0.0016447240407672051,-4.692933957553145,20.588454926689764,-334.38795053617855
1713.0738303523028,0.0016660935858883647,-4.692062892656923,20.577989830069328,-333.8618611770981
1713.2269497261384,0.001672313762461643,-4.691807305253705,20.574858175115903,-333.70877383163474
1713.380069099974,0.0016785347637243073,-4.691550765345704,20.57168732008852,-333.5556872936772
1713.9062625531512,0.0016999197397118235,-4.69066190548651,20.56048987080793,-333.02961301207625
1714.4324560063283,0.0017213152423272281,-4.68976179022343,20.548821859239073,-332.5035489586756
1714.5855753801638,0.0017275432613418167,-4.689497746712833,20.54533729601949,-332.3504692395179
1714.7386947539994,0.0017337722128699799,-4.68923274949249,20.54181224013717,-332.1973904480581
1715.2648882071767,0.0017551851326308354,-4.688314816734396,20.529387727333336,-331.671343717315
1715.7910816603537,0.001776609425642706,-4.68738561364584,20.516477380090116,-331.1453086876287
1715.9442010341893,0.001782845959338211,-4.687113102871854,20.51262843458152,-330.99223769687325
1716.0973204080249,0.001789083505486048,-4.686839637075377,20.508737702539257,-330.83916776316335
1716.6235138612021,0.0018105266711924235,-4.685892591983817,20.49504668152667,-330.3131524723602
1717.1497073143792,0.001831982674369535,-4.684934260261345,20.480854538222268,-329.78715046542584
1717.3028266882147,0.0018382287788311948,-4.684653270044258,20.476629724652113,-329.63408938762814
1717.4559460620503,0.0018444760647241317,-4.6843713233219875,20.472361829277425,-329.48102950569125
1717.9821395152276,0.0018659541441013532,-4.683395121940419,20.457364813567143,-328.95504983073687
1718.5083329684046,0.001887447288791951,-4.682407614970455,20.44185136992734,-328.4290851361394
1718.6614523422404,0.0018937046182271374,-4.682118131189252,20.437239189266283,-328.2760352411068
1718.814571716076,0.001899963294945572,-4.681827689176572,20.43258262988962,-328.1229866905367
1719.3407651692532,0.0019214816714611328,-4.680822280235749,20.41624008455126,-327.5970471038482
1719.8669586224303,0.0019430164831827001,-4.679805544142029,20.39936578470458,-327.0711243114868
1720.0200779962659,0.0019492861167051368,-4.67950755069408,20.394354722322355,-326.9180869571345
1720.1731973701014,0.0019555571584485114,-4.679208597131359,20.389297982444244,-326.7650511059569
1720.6993908232787,0.0019771183148871965,-4.678173923826539,20.37157031658838,-326.2391563863175
1721.2255842764557,0.001998696323246019,-4.677127900748669,20.35329554692559,-325.7132803962821
1721.3787036502913,0.0020049785996028163,-4.676821380670577,20.34787407117618,-325.5602570315068
1721.5318230241269,0.002011262333805326,-4.676513898536926,20.342405617214528,-325.40723533905174
1722.0580164773041,0.002032867574466391,-4.6754499019729865,20.323253181005114,-324.8813905814727
1722.5842099304812,0.002054490530815394,-4.674374532211913,20.30353826871058,-324.35556661389995
1722.7373293043167,0.0020607860754765285,-4.674059467946836,20.297694830692162,-324.2025587814487
1722.8904486781523,0.002067083155783529,-4.673743439590685,20.29180311177951,-324.049552801222
1723.4166421313296,0.0020887348711302552,-4.672650058276604,20.27118619565567,-323.52376342683533
1723.9428355845066,0.0021104049469242124,-4.67154527914108,20.249991407543416,-322.9979970318525
1724.0959549583422,0.0021167142675293646,-4.671221652237295,20.243714440638477,-322.84500637122807
1724.2490743321778,0.0021230251214838266,-4.670897059142536,20.237387888138393,-322.6920177538202
1724.775267785355,0.002144723916863412,-4.66977422910855,20.215266721076304,-322.1662895199051
1725.301461238532,0.0021664402244877356,-4.668639976703075,20.192552262405165,-321.64058658767453
1725.4545806123676,0.0021727627532720215,-4.668307768693986,20.185830182165702,-321.48761483805606
1725.6076999862032,0.0021790866928071096,-4.667974592486433,20.17905720970006,-321.33464533406055
1726.1338934393805,0.002200829404942755,-4.666822251595381,20.15539196075797,-320.80898434403355
1726.6600868925575,0.002222588012265339,-4.665658465649572,20.131117979233018,-320.2833511146631
1726.8132062663933,0.002228922548591718,-4.6653176594055115,20.123939185045455,-320.13040011777184
1726.966325640229,0.0022352583678894034,-4.664975883135067,20.1167081903551,-319.97745158064305
1727.4925190934061,0.002257040979637775,-4.66379397451319,20.09145897640751,-319.4518642938188
1728.0187125465832,0.0022788379886162493,-4.662600600235749,20.065585571357104,-318.9263073670505
1728.1718319204188,0.002285183406067335,-4.662251180194927,20.057938449264864,-318.7733790699587
1728.3249512942543,0.0022915299532777988,-4.661900788479864,20.050237817073764,-318.62045345881717
1728.8511447474316,0.00231334816794574,-4.660689260645237,20.02336471271435,-318.09494670003306
1729.3773382006086,0.002335178364627553,-4.65946624905646,19.995851945168866,-317.5694730448347
1729.5304575744442,0.002341532899847262,-4.659108201505293,19.987724870853697,-317.41656950275
1729.6835769482798,0.0023478882908837405,-4.658749180914447,19.979542975913063,-317.2636688851607
1730.209770401457,0.0023697345401722815,-4.65750799014094,19.951006024621687,-316.73824985426944
1730.735963854634,0.002391588785473282,-4.6562553019103525,19.92181393016517,-316.2128668182026
1730.8890832284696,0.002397949507184731,-4.655888616348116,19.913195273114432,-316.05999019716256
1731.0422026023052,0.0024043107194908282,-4.655520956830388,19.904520484577205,-315.90711675181507
1731.5683960554825,0.0024261741564456122,-4.654250072233924,19.874279715557837,-315.3817930327579
1732.0945895086595,0.0024480412930457662,-4.6529676822667,19.843368323761503,-314.85650835083663
1732.247708882495,0.0024544049717821073,-4.652592352501797,19.83424645337295,-314.703660930246
1732.4008282563307,0.0024607687843683805,-4.6522160483571975,19.825067141056678,-314.55081694947376
1732.927021709508,0.0024826384676653965,-4.650915454063613,19.793082591656276,-314.0255965188204
1733.453215162685,0.002504507526492382,-4.649603352250146,19.76041194931657,-313.50041832189055
1733.6063345365208,0.0025108709227652983,-4.649219376425622,19.750775241707412,-313.3476024969334
1733.7594539103563,0.002517234050302976,-4.64883442630254,19.741079782920526,-313.19479038911476
1734.2856473635336,0.002539098162983758,-4.647504121584632,19.707311522099566,-312.6696816242318
1734.8118408167106,0.0025609562539103486,-4.6461623136980705,19.672841717032533,-312.1446184469877
1734.9649601905462,0.002567315366945229,-4.645769694795883,19.662678562081577,-311.9918367309279
1735.1180795643818,0.0025736737011181456,-4.645376102295739,19.652455348755396,-311.83905902276894
1735.644273017559,0.002595517274176596,-4.644016104528321,19.616863502552167,-311.31407070950956
1736.170466470736,0.0026173484705873415,-4.642644616072016,19.580554690894473,-310.7891314979102
1736.3235858445717,0.002623698553661787,-4.642243363112612,19.569853500598626,-310.636386524191
1736.4767052184072,0.002630047330145096,-4.6418411379772255,19.559090947818977,-310.4836458627989
1737.0028986715845,0.00265185410193901,-4.640451486195765,19.521635730022123,-309.9587872024197
1737.5290921247615,0.0026736425264690463,-4.639050364660854,19.483448168477942,-309.4339813203028
1737.682211498597,0.0026799790714431017,-4.638640493023163,19.4721973865334,-309.28127584441864
1737.8353308724327,0.0026863138174637534,-4.638229651319969,19.460883942166273,-309.1285749991525
1738.36152432561,0.0027080686611788314,-4.636810405884962,19.42152568738408,-308.6038556145301
1738.887717778787,0.00272979926488039,-4.635379719571082,19.38141976594163,-308.07919284962855
1739.0408371526225,0.0027361178508920267,-4.634961250615302,19.369607877134314,-307.92652975084263
1739.1939565264581,0.0027424341098721923,-4.634541814388729,19.3577320311752,-307.77387161501383
1739.7201499796354,0.002764121256149224,-4.63309305634132,19.31643122667792,-307.2493015563635
1740.2463434328124,0.002785777482255472,-4.631632894794513,19.274367500440547,-306.72479212579213
1740.399462806648,0.002792073127788446,-4.631205856235005,19.26198303998803,-306.5721744086824
1740.5525821804836,0.0027983658625380273,-4.630777853962066,19.2495333339655,-306.4195620010762
1741.0787756336608,0.0028199676908167736,-4.629299687144946,19.206250652726386,-305.8951517509651
1741.6049690868379,0.0028415318823256965,-4.627810163489316,19.162189876161364,-305.3708063058862
1741.7580884606737,0.0028477995258953926,-4.627374589990699,19.149221439921536,-305.21823710163454
1741.9112078345092,0.0028540637303032627,-4.626938057101667,19.1361864771858,-305.06567356777
1742.4374012876865,0.0028755636294788695,-4.625430608993318,19.09088281368269,-304.5414340452326
1742.9635947408635,0.0028970200749561968,-4.6239118592113,19.04478597648839,-304.0172636746837
1743.116714114699,0.0029032553102318784,-4.6234677918731535,19.031222231291842,-303.8647462421444
1743.2698334885347,0.002909486629091831,-4.623022770142412,19.01759068727144,-303.7122348553247
1743.796026941712,0.0029308699150504065,-4.621486189298184,18.97022719189193,-303.18817741935777
1744.322220394889,0.002952204047479119,-4.619938369641006,18.92205555208634,-302.66419365357274
1744.4753397687246,0.00295840259731916,-4.6194858553682945,18.907885245115207,-302.5117313802075
1744.6284591425601,0.0029645967281362135,-4.619032392360089,18.89364587661545,-302.3592755424378
1745.1546525957374,0.002985848274200122,-4.6174668473346605,18.844183987161387,-301.8354119950133
1745.6808460489144,0.003007044550016926,-4.615890134426241,18.79389910236223,-301.31162680817545
1745.83396542275,0.0030132018340025745,-4.615429226162703,18.77911107029906,-301.1592232107966
1745.9870847965856,0.003019354198485859,-4.614967375516072,18.76425272468348,-301.0068264535012
1746.5132782497628,0.0030404585015333355,-4.6133730559716835,18.712654198358823,-300.48316904180416
1747.0394717029399,0.0030615021590208037,-4.611767647436843,18.66021795825313,-299.95959485394417
1747.1925910767754,0.003067614093130747,-4.611298404129906,18.644801136783506,-299.8072535792066
1747.345710450611,0.003073720705482788,-4.6108282254075625,18.629312761460266,-299.6549195636958
1747.8719039037883,0.003094664887135138,-4.60920534050244,18.575539707063122,-299.13148098157103
1748.3980973569653,0.0031155441336348185,-4.607571451990272,18.520914364420772,-298.6081306598266
1748.5512167308011,0.003121607455885077,-4.607093937529895,18.504857796934047,-298.455855484569
1748.7043361046367,0.0031276651087480483,-4.606615495122054,18.488728447903984,-298.30358800237093
1749.230529557814,0.0031484384097773244,-4.604964269802869,18.43274335390985,-297.78038139140676
1749.756723010991,0.0031691426624657535,-4.603302131875069,18.375891550903507,-297.257268251002
1749.9098423848266,0.0031751542831014905,-4.602816414394815,18.35918439586528,-297.1050630825099
1750.0629617586621,0.0031811598867453974,-4.602329776906747,18.34240324499747,-296.95286605562086
1750.5891552118394,0.003201751653454318,-4.60065045057859,18.28416900405532,-296.4299050058872
1751.1153486650164,0.0032222705383609025,-4.598960308172563,18.2250537962882,-295.9070428106542
1751.268468038852,0.0032282275541365823,-4.598466459965909,18.20768533420373,-295.75491168676524
1751.4215874126876,0.0032341782899640557,-4.597971700122095,18.190241676176058,-295.6027891677346
1751.9477808658648,0.003254579721733452,-4.596264525837093,18.129721608808165,-295.0800877179229
1752.4739743190419,0.0032749060670194115,-4.594546636207262,18.068306488280765,-294.55749068026086
1752.6270936928775,0.0032808067451912566,-4.594044732800224,18.050266128146735,-294.4054377693299
1752.780213066713,0.003286701030701001,-4.593541926379805,18.03214938674825,-294.2533939412212
1753.3064065198903,0.0033069078386314212,-4.591807166149404,17.96930726152824,-293.73096657851454
1753.8325999730673,0.0033270389220986705,-4.590061793151815,17.905556174114302,-293.2086493593346
1753.985719346903,0.003332882724632965,-4.589551911553266,17.886833457919852,-293.0566789602433
1754.1388387207385,0.003338720123998197,-4.589041135642464,17.8680331902968,-292.90471813665573
1754.6650321739157,0.0033587314480504346,-4.587279054751119,17.802833236472203,-292.38257979691116
1755.1912256270928,0.00337866737194959,-4.585506463869598,17.73671059177723,-291.8605575059694
1755.3443450009283,0.003384454504546097,-4.584988681298674,17.717295196907244,-291.7086740482501
1755.497464374764,0.0033902353229496415,-4.584470013071738,17.69780109577429,-291.55680067345276
1756.0236578279412,0.003410053092018521,-4.582680876239337,17.630208009592273,-291.0349667417268
1756.5498512811182,0.003429797643141958,-4.580881330689993,17.561678685285365,-290.51325493827306
1756.702970654954,0.003435529649581871,-4.580355723318425,17.541560425402473,-290.3614629823236
1756.8560900287896,0.0034412556571637247,-4.579829238685919,17.521362319720076,-290.2096816314887
1757.3822834819669,0.003460887888959892,-4.578013304334222,17.451341265004388,-289.6881679430061
1757.9084769351439,0.003480452200426219,-4.576187057500296,17.38037060395604,-289.1667826371311
1758.0615963089795,0.0034861329277881756,-4.575653697879633,17.3595394273852,-289.01508687470107
1758.214715682815,0.0034918082314735195,-4.575119468784658,17.33862728035223,-288.8634022544397
1758.7409091359923,0.0035112709815931665,-4.573276978945978,17.266143878286943,-288.34222509687277
1759.2671025891693,0.0035306739434246845,-4.571424263665703,17.192697672971526,-287.8211827525455
1759.420221963005,0.0035363093882512728,-4.57088321760966,17.17114365710512,-287.6695880077767
1759.5733413368405,0.0035419402083355176,-4.570341308930167,17.149507560103643,-287.51800495725126
1760.0995347900177,0.0035612564705300785,-4.568472478989011,17.0745278649614,-286.9971810751047
1760.6257282431948,0.0035805237781167,-4.5665934978369425,16.998572328042304,-286.47649861544414
1760.7788476170304,0.0035861219617956486,-4.566044821683502,16.976285669856235,-286.3250098465757
1760.931966990866,0.0035917165960040846,-4.565495288500037,16.95391583255115,-286.17353333928384
1761.4581604440432,0.003610917230542795,-4.563600297625775,16.876406294582846,-285.65307994063915
1761.9843538972202,0.003630083846798024,-4.561695212453418,16.797908016672295,-285.13277475571226
1762.1374732710558,0.003635655802150802,-4.561138949737884,16.774879019405695,-284.9813970575653
1762.2905926448914,0.0036412256806063106,-4.5605818338608906,16.751765755913766,-284.83003220393346
1762.8167860980686,0.003660353117896788,-4.558660811754732,16.671693169589137,-284.3099669702581
1763.3429795512457,0.003679466293985553,-4.556729728668366,16.59061906024524,-283.79005692844703
1763.4960989250815,0.00368502666497325,-4.556165905471231,16.566838114740456,-283.63879553605784
1763.649218298917,0.0036905868183793275,-4.555601230711957,16.54297182428086,-283.48754758722845
1764.1754117520943,0.0037096955633098196,-4.5536542410689815,16.46030325632617,-282.9678886876309
1764.7016052052713,0.0037288140569437895,-4.551697193964669,16.376620463664356,-282.44839215188955
1764.854724579107,0.0037343807094855157,-4.551125814231167,16.352078023399997,-282.2972524456307
1765.0078439529425,0.003739949353694264,-4.550553581770822,16.327449164641152,-282.1461267987604
1765.5340374061198,0.0037591046473129767,-4.548580606883051,16.242151860792873,-281.62689290956695
1766.0602308592968,0.0037782980805935997,-4.546597542570761,16.15582767057894,-281.1078287591663
1766.2133502331324,0.003783892151243619,-4.546018583827399,16.130514220909635,-280.95681627149105
1766.366469606968,0.0037894908451090036,-4.545438767918043,16.105113280572002,-280.8058184766895
1766.8926630601452,0.003808770210360167,-4.543439693465859,16.017154552833972,-280.2870288068019
1767.4188565133222,0.00382812162381019,-4.54143045538225,15.928156267824848,-279.76841646518915
1767.5719758871578,0.0038337683498081447,-4.540843863718607,15.902062289306466,-279.6175368892372
1767.7250952609934,0.0038394228002659745,-4.540256406551001,15.875879744748145,-279.4666726584092
1768.2512887141706,0.0038589181400085766,-4.538231003123502,15.785226836887656,-278.94834698158536
1768.7774821673477,0.003878524633867928,-4.536195312131574,15.6935216328801,-278.43020645174744
1768.9306015411833,0.0038842531870702545,-4.53560099658768,15.666637557557047,-278.27946565224306
1769.0837209150188,0.003889992955528911,-4.535005802712291,15.639663832258593,-278.1287408702635
1769.609914368196,0.003909808633876802,-4.532953707212288,15.546283760744828,-277.6108995656769
1770.1361078213731,0.003929778617624509,-4.530891144234819,15.451838518599581,-277.09325147406133
1770.2892271952087,0.003935621256349706,-4.530288972041117,15.424154679546795,-276.942655500729
1770.4423465690443,0.00394147892216023,-4.529685903726,15.396380091981523,-276.79207623914436
1770.9685400222215,0.003961729338448301,-4.527606604333292,15.300239465462534,-276.2747403406358
1771.4947334753986,0.0039821811301807035,-4.525516596322885,15.203020583545712,-275.7576059897832
1771.6478528492344,0.0039881730462874455,-4.524906388929299,15.174527159048543,-275.6071610933025
1771.80097222307,0.003994184148550916,-4.524295262211163,15.145941866306009,-275.45673362657845
1772.3271656762472,0.004014994133422719,-4.5221880846882625,15.047006687673992,-274.93992488075935
1772.8533591294242,0.0040360564760181135,-4.520069890693066,14.94697987735432,-274.423326311029
1773.0064785032598,0.004042235816763975,-4.519451419660063,14.917666830153337,-274.2730389616971
1773.1595978770954,0.004048438771025117,-4.518832000249142,14.888260766627495,-274.1227697862017
1773.6857913302727,0.004069942169821228,-4.516696094195558,14.786496218045519,-273.6065107201859
1774.2119847834497,0.004091751094639142,-4.514548792811406,14.683626282601981,-273.0904707813546
1774.3651041572853,0.004098157732914816,-4.513921776513436,14.65348329450175,-272.9403476906486
1774.5182235311208,0.00410459250709469,-4.513293776684797,14.623246106089235,-272.790243546534
1775.044416984298,0.004126927081659968,-4.511128106564474,14.51861632011424,-272.27455754554535
1775.5706104374751,0.004149620573467727,-4.50895058970728,14.412866922711595,-271.7590999780101
1775.7237298113107,0.004156294625809252,-4.508314692054056,14.381883326680633,-271.60914812286416
1775.8768491851463,0.004163001310460401,-4.507677769584852,14.350804302770491,-271.4592160186282
1776.4030426383235,0.004186304579821625,-4.505481112589185,14.243272128304191,-270.94412741249346
1776.9292360915006,0.004210019561288283,-4.503272085245632,14.134605558199098,-270.4292769368919
1777.0823554653361,0.004217000720676384,-4.502626915877833,14.10277027052975,-270.2795035863446
1777.2354748391717,0.004224018911703712,-4.501980674350208,14.070838276276367,-270.12975082572893
1777.761668292349,0.00424842603501069,-4.499751622092917,13.96036504687288,-269.6152849832164
1778.287861745526,0.004273295521847332,-4.497509605320794,13.848741989888097,-269.1010673976295
1778.4409811193616,0.004280621955227764,-4.496854720783278,13.816043443913841,-268.9514801416308
1778.5941004931972,0.004287989519371606,-4.496198710940903,13.783246854237946,-268.8019143526534
1779.1202939463744,0.004313627941378714,-4.493935675818495,13.669792163790289,-268.2880977828988
1779.6464873995515,0.004339774348726717,-4.491659016276993,13.555171483127095,-267.77454006657547
1779.7996067733873,0.004347480569764485,-4.490993923488552,13.521597566640828,-267.625146846552
1779.9527261472228,0.004355231481958837,-4.490327647023297,13.487924204285227,-267.47577601222076
1780.4789196004,0.004382213493899811,-4.488028877803636,13.371445699698798,-266.962636471262
1781.0051130535771,0.004409741743725293,-4.485715767112536,13.253784238690796,-266.44976689230896
1781.1582324274127,0.004417856814509313,-4.485039929666318,13.219322238720801,-266.300576032648
1781.3113518012483,0.00442601946109839,-4.484362845784309,13.184759320074646,-266.1514085224903
1781.8375452544255,0.0044544373493583585,-4.482026451920728,13.065212523682954,-265.6389751218069
1782.3637387076026,0.00448343115943826,-4.47967495322724,12.944464942403137,-265.12682334572514
1782.5168580814382,0.0044919777539072885,-4.478987799458625,12.909101500498219,-264.97784358530186
1782.6699774552737,0.00450057400697995,-4.478299333099569,12.87363559219279,-264.8288881868521
1783.196170908451,0.004530496552793785,-4.47592331408599,12.75097376287182,-264.31719150115265
1783.722364361628,0.004561014049812285,-4.473531393494984,12.62709241596506,-263.80578869766066
1783.8754837354636,0.004570006937021386,-4.472832326084306,12.590813495935759,-263.6570292206824
1784.0286031092992,0.004579050553861897,-4.472131877761767,12.554430484136425,-263.50829517019105
1784.5547965624764,0.0046105169408880275,-4.469714158981054,12.428604524066062,-262.9973673417544
1785.0809900156535,0.004642584154492364,-4.467279724717983,12.301539387823967,-262.4867462867977
1785.234109389489,0.0046520283223850075,-4.466568132740535,12.264330258576798,-262.3382167519595
1785.3872287633246,0.0046615231090260615,-4.465855090865545,12.227015333718768,-262.18971376328005
1785.9134222165019,0.004694537218825704,-4.463393567993884,12.09797375104724,-261.67958859893463
1786.439615669679,0.004728143681705627,-4.460914517467623,11.967672410496178,-261.169783767636
1786.5927350435147,0.0047380333704001975,-4.460189790489562,11.92951764705178,-261.02149433432095
1786.7458544173503,0.004747972347760553,-4.459463545606611,11.891255307036905,-260.87323262470466
1787.2720478705276,0.00478250088524591,-4.456956134260854,11.75894424379423,-260.36394568119147
1787.7982413237046,0.004817598749878648,-4.4544304044366125,11.62535194706302,-259.8549933277886
1787.9513606975402,0.004827917278670588,-4.453691947234665,11.586235451389108,-259.70695467824567
1788.1044800713757,0.004838282508299817,-4.4529519067749455,11.547009524675254,-259.5589449900134
1788.630673524553,0.0048742541352337744,-4.450396593464786,11.411372853369036,-259.05053364446263
1789.15686697773,0.004910756843417109,-4.447822212394292,11.27443263516681,-258.5424718662315
1789.3099863515656,0.004921476127212584,-4.447069460094346,11.234337677188936,-258.3946952228788
1789.4631057254012,0.0049322382164749285,-4.446315063585051,11.194131366105918,-258.24694884011495
1789.9892991785784,0.004969541863885844,-4.443709958591201,11.055110856292522,-257.7394523425896
1790.5154926317555,0.005007322887600549,-4.441085099066157,10.91476373214625,-257.2323211245028
1790.668612005591,0.005018403227732082,-4.440317532869396,10.87367301150797,-257.08481826136443
1790.8217313794266,0.005029521207040909,-4.439548267679844,10.832468956374166,-256.937347020631
1791.347924832604,0.005068006551309662,-4.436891659132359,10.690004513042984,-256.43080652524594
1791.874118285781,0.005106901304804263,-4.434214692134445,10.54618974530204,-255.924647761974
1792.0272376596165,0.005118292223596985,-4.433431854644602,10.504085473895051,-255.7774310093158
1792.180357033452,0.005129714481011537,-4.432647271183082,10.46186583780681,-255.63024730348158
1792.7065504866293,0.005169195715003985,-4.429937676039418,10.31589580970153,-255.12470587532516
1793.2327439398064,0.005209005717850896,-4.4272072196308905,10.168551241192683,-254.61956336835843
1793.385863313642,0.005220647154501753,-4.4264087286594584,10.12541524483539,-254.47264560998372
1793.5389826874775,0.005232312613337928,-4.425608454000682,10.082161817353999,-254.32576238467414
1794.0651761406548,0.005272572260043941,-4.4228446635625245,9.93262336820166,-253.82126498109238
1794.5913695938318,0.005313068744736976,-4.42005962645054,9.781685815687998,-253.3171844097983
1794.7444889676676,0.005324892095564495,-4.419245187342542,9.737499652632383,-253.1705790726802
1794.8976083415032,0.005336731274466056,-4.4184289373873735,9.693193970048524,-253.02400981502478
1795.4238017946805,0.005377524105999924,-4.41561005781953,9.540023504899162,-252.52060324014099
1795.9499952478575,0.005418452642494807,-4.412769677627262,9.385429204651958,-252.01763210564954
1796.103114621693,0.005430382291370372,-4.411939093922473,9.340174298669524,-251.87135314158883
1796.2562339955286,0.005442318920541325,-4.4111066838180175,9.294797778557056,-251.7251118609747
1796.782427448706,0.00548337827334751,-4.408232169895575,9.137931416869819,-251.2228446926289
1797.308620901883,0.00552446601794295,-4.405336043340703,8.979616512824112,-250.72103223416096
1797.4617402757185,0.005536421574973401,-4.404489224814625,8.933274297805989,-250.57509409346505
1797.614859649554,0.00554837486018725,-4.403640576656552,8.886808384668498,-250.42919529433937
1798.1410531027313,0.005589420353534867,-4.400710255579011,8.726182468055214,-249.92811778402725
1798.6672465559084,0.005630383396595365,-4.397758358323984,8.564083529114601,-249.42751486882443
1798.820365929744,0.00564228171495113,-4.396895326047584,8.516635601092219,-249.2819324664381
1798.9734853035795,0.005654168311513622,-4.3960304736345845,8.469061918967974,-249.13639111362315
1799.4996787567568,0.005694912317574364,-4.393044559147575,8.304613539397721,-248.63655506116177
1800.0258722099338,0.005735461937875805,-4.390037256573573,8.138668092100348,-248.1372140498534
1800.1789915837694,0.005747218943932091,-4.389158145435908,8.09009636482468,-247.99200272447356
1800.332110957605,0.005758954808172127,-4.388277236505183,8.041396873044759,-247.84683420152737
1800.8583044107822,0.0057991091508588265,-4.385236334368697,7.873064408876883,-247.34829280630152
1801.3844978639593,0.005838959198623378,-4.382174383338967,7.703211473107682,-246.85026739570324
1801.537617237795,0.0058504921995819765,-4.381279441812743,7.65349833359354,-246.70544286250856
1801.6907366116307,0.005861994957277559,-4.380382737451394,7.603655482068701,-246.5606629237936
1802.216930064808,0.005901279452811194,-4.3772878405299,7.431379128974591,-246.06347061518338
1802.743123517985,0.005940155043847158,-4.374172379945477,7.257559742862816,-245.56681566171775
1802.8962428918205,0.005951385198544288,-4.3732619664755035,7.206688202659526,-245.4223939597656
1803.049362265656,0.0059625765591712655,-4.3723498371407645,7.155685082386425,-245.27801867733046
1803.5755557188334,0.006000726666957613,-4.369202309036554,6.979407363919768,-244.78223092848356
1804.1017491720104,0.006038370811039508,-4.366034839712778,6.801565082632536,-244.28700225675811
1804.254868545846,0.00604922486253018,-4.36510941623166,6.749518920479042,-244.14299969240383
1804.4079879196815,0.00606003229093115,-4.3641823350021065,6.697339405007707,-243.9990453990339
1804.9341813728588,0.006096804487386614,-4.360983885017789,6.517005649131334,-243.50471852855867
1805.4603748260358,0.006132983238085336,-4.35776624187807,6.3350870054071935,-243.01097272950557
1805.6134941998714,0.006143395035981809,-4.356826365211577,6.281850898037342,-242.8674058170835
1805.766613573707,0.006153753295736902,-4.355884898954423,6.2284797727695125,-242.72388904675265
1806.2928070268842,0.006188930755566595,-4.35263754985671,6.0440385442273055,-242.23108001254712
1806.8190004800613,0.006223439415728097,-4.3493718665689345,5.857993461030298,-241.7388742354799
1806.9721198538969,0.006233351809037725,-4.348418177518401,5.803553099325929,-241.59575963657426
1807.1252392277324,0.006243204861933021,-4.347462975689102,5.748976175825288,-241.45269706365832
1807.6514326809097,0.006276603747227208,-4.3441690229980985,5.560379654296724,-240.96146325389415
1808.1776261340867,0.006309272214759729,-4.340857688202829,5.370161799115138,-240.47085499798945
1808.3307455079223,0.006318638322480576,-4.339890898304013,5.314503986512476,-240.32820946097945
1808.4838648817579,0.006327940462646969,-4.3389226795242966,5.258708198758164,-240.1856178399354
1809.0100583349351,0.006359412686578984,-4.335584644320623,5.065912492804855,-239.6960168670775
1809.5362517881122,0.006390106769882381,-4.332230253365007,4.871479565182966,-239.20706377790464
1809.689371161948,0.006398890149629691,-4.331251130750659,4.814592296316262,-239.06490407931713
1809.8424905357836,0.006407606113612733,-4.330270668640396,4.757565777087776,-238.92280018630962
1810.3686839889608,0.006437039491211516,-4.3268912488349,4.560531169390266,-238.43488968877392
1810.8948774421378,0.006465661167049158,-4.323496554934879,4.361845119466943,-237.9476493638287
1811.0479968159734,0.006473835996524765,-4.322505910094929,4.303717638754574,-237.80599225254798
1811.201116189809,0.006481941196869484,-4.321514019000117,4.245449775958533,-237.6643928300445
1811.7273096429863,0.006509260828800139,-4.318096039863005,4.044140899635618,-237.17823028492438
1812.2535030961633,0.006535750126341865,-4.314663903772684,3.841168077525794,-236.6927600917109
1812.4066224699989,0.006543301770427291,-4.313662574709062,3.7817909175384745,-236.55162223714493
1812.5597418438344,0.006550782817671107,-4.3126600947828,3.722272390265597,-236.41054394261056
1813.0859352970117,0.006575952100115364,-4.309206457184769,3.5166583349871487,-235.92618649366855
1813.6121287501887,0.006600286472088907,-4.305739795337302,3.3093695694137315,-235.44254340478744
1813.7652481240243,0.006607210912352241,-4.3047286325780805,3.2487345686108706,-235.30194135029353
1813.91836749786,0.00661406489683574,-4.303716414891345,3.187957362595887,-235.16140071026487
1814.4445609510371,0.006637081993119573,-4.300230045242946,2.9780117105481603,-234.67890501518093
1814.9707544042142,0.006659271756204103,-4.296731781817825,2.7663823191469943,-234.19714546351992
1815.1238737780498,0.006665574185221394,-4.295711634946604,2.704482620229715,-234.05709558577303
1815.2769931518853,0.006671807275180716,-4.294690528219549,2.6424400241767234,-233.91710895590342
1815.8031866050626,0.006692700693624914,-4.291174334470782,2.4281408224797025,-233.43653105412815
1816.3293800582396,0.006712785670777049,-4.287647359440269,2.2121505619440907,-232.95671080875658
1816.4824994320754,0.0067184797998749895,-4.286619065192046,2.148980593332035,-232.81722928315588
1816.635618805911,0.006724106666836515,-4.28558990399046,2.0856671786096705,-232.67781281431934
1817.1618122590883,0.0067429341661558746,-4.28204673549611,1.8669968562296766,-232.19920801597937
1817.6880057122653,0.006760983221182304,-4.27849386490102,1.6466298188987274,-231.72138207969297
1817.8411250861009,0.006766091125281871,-4.27745823563227,1.5821852608757243,-231.58248485222526
1817.9942444599365,0.006771134725611568,-4.276421828875553,1.517596845981353,-231.44365446315368
1818.5204379131137,0.006787981700621264,-4.272854437325621,1.2945420788877937,-230.9670772610683
1819.0466313662907,0.006804089720957588,-4.269278375424285,1.0697865387897858,-230.4912997919193
1819.1997507401263,0.006808640684838365,-4.268236188433295,1.0040642752257802,-230.3530025581384
1819.352870113962,0.006813131030898983,-4.2671933088902305,0.9381978760005685,-230.21477391521387
1819.8790635671392,0.006828105881426702,-4.2636043137874475,0.7107494049987033,-229.7402779216446
1820.4052570203162,0.006842389171838965,-4.260007620963553,0.48159761955252006,-229.2666021791832
1820.5583763941518,0.006846418477822607,-4.2589596096064115,0.4145956773644283,-229.12892037033038
1820.7114957679873,0.006850391509389361,-4.257910985180962,0.3474494452255875,-228.99130887449655
1821.2376892211646,0.006863622787354943,-4.254302845016939,0.11560185480071906,-228.51894678214188
1821.7638826743416,0.006876217930545333,-4.250687910006047,-0.11795016958962776,-228.04742509774857
1821.9170020481772,0.0068797668722619535,-4.249634755682681,-0.18623269103878792,-227.91037387388874
1822.0701214220128,0.006883264588909859,-4.248581061396756,-0.2546595407779388,-227.77339465460452
1822.59631487519,0.006894902060139271,-4.244956045753259,-0.4909080769484127,-227.30321822216476
1823.122508328367,0.006905967124199962,-4.241325057147039,-0.7288608520892578,-226.8339019948004
1823.2756277022027,0.006909083236068714,-4.240267380885961,-0.7984238611419894,-226.69749624556636
1823.4287470760382,0.006912153847420136,-4.23920923044189,-0.8681311305046735,-226.56116416246195
1823.9549405292155,0.0069223682183755094,-4.235569390999879,-1.1087791369467195,-226.09322422743068
1824.4811339823925,0.006932081497909263,-4.231924308658252,-1.3511299927096723,-225.6261639476083
1824.6342533562283,0.0069348180483129315,-4.230862662947767,-1.4219724949529606,-225.49041830130966
1824.787372730064,0.006937515447624493,-4.229800600629636,-1.4929590938346453,-225.35474795426
1825.3135661832412,0.0069464966141969476,-4.226147743986309,-1.738002111769598,-224.88909447492333
1825.8397596364182,0.006955055473417526,-4.222490272619609,-1.9847455255594937,-224.4243397782338
1825.9928790102538,0.006957471334494496,-4.221425133819226,-2.056865721677806,-224.28926861961537
1826.1459983840894,0.006959855069265249,-4.220359626914443,-2.129129766583699,-224.15427436749567
1826.6721918372666,0.006967813013170181,-4.216695288345885,-2.3785606998397704,-223.6909564950514
1827.1983852904436,0.006975436014249327,-4.2130268504816994,-2.6296886528471677,-223.22855624652695
1827.3515046642792,0.006977596453802883,-4.211958610713163,-2.703084044253944,-223.09417374368695
1827.5046240381148,0.006979732542313895,-4.210890041290387,-2.776622964838856,-222.95986973238993
1828.030817491292,0.006986899903592748,-4.207215455541476,-3.030432453069077,-222.498935915835
1828.557010944469,0.006993828472173974,-4.203537161199558,-3.2859348146878915,-222.03893832861286
1828.7101303183047,0.00699580536555323,-4.202466119381441,-3.360602317531863,-221.90525847020416
1828.8632496921402,0.006997766397576572,-4.201394775303142,-3.435412971562147,-221.77165867106004
1829.3894431453175,0.007004397962360276,-4.1977108457940835,-3.693589792592272,-221.3131567986611
1829.9156365984945,0.007010894957487428,-4.1940234622038846,-3.953454733670534,-220.85560959021242
1830.06875597233,0.007012766276406396,-4.1929498154048215,-4.029390801066239,-220.72264623370162
1830.2218753461657,0.007014630889858842,-4.191875881750687,-4.1054695975066515,-220.58976449299794
1830.748068799343,0.007021001956872902,-4.188183151710804,-4.368001096612066,-220.13374207209665
1831.27426225252,0.007027350621993677,-4.18448707515103,-4.632215528026987,-219.67869265902445
1831.4273816263558,0.007029200300850595,-4.183410910483632,-4.709416279340398,-219.54645959020667
1831.5805010001914,0.007031053116042699,-4.182334461463371,-4.7867593083747915,-219.4143096899888
1832.1066944533686,0.00703745978018954,-4.178633086059158,-5.053631850586733,-218.96081406581973
1832.6328879065456,0.007043964205009528,-4.174928313789697,-5.322181883923868,-218.50830979821546
1832.7860072803812,0.007045882193983725,-4.1738496001926,-5.400643240375054,-218.37682080237389
1832.9391266542168,0.00704781378229153,-4.17277059093516,-5.4792464096924824,-218.24541653295012
1833.465320107394,0.007054571843280752,-4.169060309275536,-5.7504458533195555,-217.79449514818486
1833.991513560571,0.007061554206966942,-4.165346412555153,-6.023317281853369,-217.3445835852357
1834.1446329344067,0.0070636353304060545,-4.164264993257205,-6.1030351077752885,-217.21385253035584
1834.2977523082423,0.007065740954654052,-4.163183252454971,-6.182894284347796,-217.0832077748476
1834.8239457614195,0.00707318078884527,-4.15946336398651,-6.458406471779041,-216.63490847025767
1835.3501392145965,0.007080975467673106,-4.15573946736754,-6.735585265635315,-216.18763769611533
1835.5032585884321,0.007083317655012178,-4.154655054464962,-6.816555513157835,-216.05767862757196
1835.6563779622677,0.00708569549566963,-4.153570279215142,-6.897666668114007,-215.92780745781505
1836.182571415445,0.007094156207360093,-4.149839628025115,-7.177477924549219,-215.48217881085466
1836.708764868622,0.007103104417667686,-4.146104396604692,-7.458950729610859,-215.03759778665943
1836.8618842424576,0.007105807257403217,-4.1450165678679385,-7.541169583651307,-214.9084250320791
1837.0150036162931,0.007108556991270132,-4.143928320704859,-7.623528937120199,-214.77934181454822
1837.5411970694704,0.007118381505712921,-4.1401852869319775,-7.9076265667735,-214.3364335112746
1838.0673905226474,0.007128825755332002,-4.136436920513615,-8.193381197402955,-213.89459245877913
1838.220509896483,0.007131988645983104,-4.135345118253546,-8.276845218189274,-213.76622074176686
1838.3736292703186,0.0071352094710143915,-4.134252826312738,-8.360449381356819,-213.6379402521988
1838.8998227234958,0.007146736630370224,-4.13049532582063,-8.648822151547595,-213.19780348772716
1839.4260161766729,0.00715901126717117,-4.126731563153863,-8.938848066698283,-212.75875429888694
1839.5791355505087,0.007162730410499191,-4.125635096429946,-9.023554326505755,-212.63119885973967
1839.7322549243443,0.00716651795984098,-4.124538054115373,-9.108400437415112,-212.50373640445187
1840.2584483775215,0.007180071477277077,-4.120763551387841,-9.401039037272332,-212.06642430395576
1840.7846418306985,0.0071944913927807965,-4.116981688941669,-9.695327784817326,-211.63022096684952
1840.9377612045341,0.007198856540834326,-4.115879740147998,-9.781273994185192,-211.50349768715486
1841.0908805783697,0.0072032996564992255,-4.11477711621016,-9.867359842449119,-211.37686922785238
1841.617074031547,0.007219177439899801,-4.110982652349483,-10.164257299120836,-210.9424372764011
1842.143267484724,0.007236027930553518,-4.107179577787033,-10.462802911101814,-210.50913630507844
1842.2963868585596,0.0072411195177205035,-4.106071213381342,-10.54998752957191,-210.38326183252818
1842.4495062323952,0.007246297388529408,-4.104962062090058,-10.6373116650876,-210.2574841109088
1842.9756996855724,0.007264761501761888,-4.101144296562948,-10.938463701176438,-209.82599057947743
1843.5018931387494,0.007284287572516485,-4.097316535942785,-11.24126302448374,-209.39565143501167
1843.655012512585,0.007290173415006793,-4.096200721256129,-11.329685351478394,-209.27064330470247
1843.8081318864206,0.007296152198608115,-4.095083997722091,-11.418247172783953,-209.1457339630995
1844.3343253395979,0.0073174166633466564,-4.091239265100884,-11.723652489941292,-208.71724031739615
1844.8605187927749,0.007339810221885896,-4.087383046196659,-12.030705436867512,-208.28992580585185
1845.0136381666105,0.007346541734687678,-4.0862586651406065,-12.120365678018981,-208.16580255368802
1845.166757540446,0.007353370774444797,-4.085133245594209,-12.210165495538561,-208.041780247265
1845.6929509936233,0.0073775887376613435,-4.081257629654925,-12.519825967366158,-207.61635152316722
1846.2191444468003,0.0074029763358907106,-4.0773689626548,-12.831135668764487,-207.19212815327452
1846.3722638206361,0.007410585132323038,-4.076234842401174,-12.92203497266454,-207.0689094163213
1846.5253831944717,0.007418293637948312,-4.075099549384083,-13.01307404184373,-206.94579391162637
1847.051576647649,0.007445546678643717,-4.071188973399337,-13.326994799417049,-206.5234990392333
1847.577770100826,0.0074739798271356355,-4.0672637465604975,-13.642567644954987,-206.10243732184634
1847.7308894746616,0.007482475071291913,-4.06611868630734,-13.734708106110574,-205.98014392048873
1847.8840088484972,0.0074910695314204315,-4.064972317841222,-13.826988626368813,-205.85795617526315
1848.4102023016744,0.007521359129214056,-4.061022647759012,-14.14517802357411,-205.4388682344
1848.9363957548514,0.007552806245301479,-4.057056734949467,-14.46502357803007,-205.02104290714044
1849.089515128687,0.007562172384292525,-4.055899537998455,-14.558408203122076,-204.8996969043171
1849.2426345025226,0.007571634341002609,-4.054740900005993,-14.651933279843421,-204.77845912386007
1849.7688279556999,0.007604874569748007,-4.05074805840389,-14.974402729827302,-204.3626555150964
1850.295021408877,0.007639214318569382,-4.046737436730903,-15.298533517939115,-203.94814567649368
1850.4481407827125,0.007649409288663444,-4.04556694535785,-15.393166153412402,-203.82777040947713
1850.601260156548,0.007659693617098906,-4.044394886798874,-15.487939721103707,-203.70750607506167
1851.1274536097253,0.007695705830725636,-4.040354975530612,-15.814703398185747,-203.29506859093866
1851.6536470629023,0.007732722889635851,-4.036295850499795,-16.143134553758166,-202.88395772917823
1851.806766436738,0.007743677114926963,-4.035110982765781,-16.239019773776384,-202.76457780967098
1851.9598858105735,0.00775471113684189,-4.033924432588972,-16.335046479566685,-202.64531167483838
1852.4860792637508,0.0077932219172832575,-4.029833860618856,-16.666120884911038,-202.2363264574735
1853.0122727169278,0.007832606634255857,-4.025722794598351,-16.998869664450268,-201.82870236090977
1853.1653920907634,0.007844223280524932,-4.0245225817212775,-17.09601261970381,-201.71034363994443
1853.318511464599,0.00785590717657918,-4.023320586184508,-17.193297667870546,-201.59210169127996
1853.8447049177762,0.007896550987374566,-4.019176197095129,-17.528701062912404,-201.18665906568074
1854.3708983709532,0.007937903798514827,-4.015010234962924,-17.865786230481394,-200.78261360621207
1854.524017744789,0.007950060361465653,-4.0137938573976015,-17.96419246033286,-200.66530310163446
1854.6771371186246,0.007962268877965115,-4.012575615900918,-18.062741420576067,-200.5481124819732
1855.2033305718019,0.008004594726255131,-4.008374808856822,-18.402493139384134,-200.1463066593556
1855.729524024979,0.008047433786382547,-4.0041515952041,-18.74393423646792,-199.7459354449505
1855.8826433988145,0.008059984444106934,-4.0029184159683275,-18.84360944889492,-199.62970123076406
1856.03576277265,0.008072569299935243,-4.001683314016434,-18.94342803299714,-199.51359012425
1856.5619562258273,0.008116049271742582,-3.9974241541934155,-19.287547690692055,-199.11551877439834
1857.0881496790043,0.008159819581919463,-3.9931420391068104,-19.633364209679332,-198.71892067116937
1857.24126905284,0.008172597996660796,-3.9918916336458556,-19.73431403464311,-198.60379172907025
1857.3943884266755,0.008185390784126128,-3.990639272269441,-19.835407847235132,-198.48878920849523
1857.9205818798528,0.008229431069475603,-3.986320588396443,-20.183914464687287,-198.0945529032676
1858.4467753330298,0.008273517517703602,-3.981978718668313,-20.534124947282322,-197.7018294304327
1858.5998947068654,0.008286341080421275,-3.9807109000551404,-20.636354669969574,-197.58783546478597
1858.753014080701,0.00829915770076959,-3.9794411203473756,-20.738728939991528,-197.47397130261652
1859.2792075338782,0.008343115284713097,-3.9750625835172504,-21.091640008802948,-197.08367283691496
1859.8054009870552,0.008386861129343412,-3.970660972202154,-21.44626109579227,-196.69492744365235
1859.9585203608908,0.008399536590149593,-3.9693758095044047,-21.549775377932807,-196.58209866310872
1860.1116397347264,0.008412182960219122,-3.968088710131647,-21.65343467920789,-196.46940310965604
1860.6378331879037,0.008455385522156775,-3.963650887212814,-22.010765197522232,-196.0831467137345
1861.1640266410807,0.008498112237492672,-3.9591904565824088,-22.36981066235418,-195.69848395452019
1861.3171460149165,0.008510441376494357,-3.9578882854019333,-22.474613261307645,-195.58685082553887
1861.470265388752,0.008522719050962725,-3.9565842322779687,-22.579561231984655,-195.4753543596965
1861.9964588419293,0.008564483805341513,-3.952088612742038,-22.941322744734038,-195.0932448223626
1862.5226522951064,0.008605509716202884,-3.9475712112530865,-23.304802544071467,-194.71276945130305
1862.675771668942,0.0086172948283263,-3.9462526368271047,-23.410896039140493,-194.60236242964336
1862.8288910427775,0.00862900656656618,-3.9449322653597862,-23.517135109378835,-194.4920954883011
1863.3550844959548,0.008668660421175969,-3.940381262315471,-23.88333478445528,-194.11423721228627
1863.8812779491318,0.00870732265059853,-3.935809654565804,-24.251254156569367,-193.73805321866868
1864.0343973229674,0.008718373305380249,-3.9344755466282484,-24.35863969149946,-193.628902465591
1864.187516696803,0.008729329955531811,-3.933139755542597,-24.466170828391274,-193.51989515863676
1864.7137101499802,0.008766233984309625,-3.9285366762441516,-24.836810600282604,-193.1463911735655
1865.2399036031572,0.00880191345841952,-3.923914500463689,-25.209169243938028,-192.7746007869123
1865.3930229769928,0.008812053738792465,-3.9225659783900224,-25.31784629533923,-192.6667358789032
1865.5461423508284,0.00882208141901707,-3.921215913783359,-25.426668774863455,-192.55901769885418
1866.0723358040057,0.008855654644312263,-3.9165648965946107,-25.801744589685278,-192.18996866450829
1866.5985292571827,0.008887798045847184,-3.911896589576458,-26.178535956968158,-191.82267136355713
1866.7516486310183,0.008896872510231602,-3.9105349984168543,-26.288502138133058,-191.7161210057711
1866.9047680048538,0.008905818398072939,-3.90917202888811,-26.398613353448358,-191.60972054225533
1867.430961458031,0.008935556500527221,-3.9044779513659433,-26.77811454557278,-191.24522377699296
1867.9571549112081,0.008963693932941887,-3.8997686469799997,-27.159325275688918,-190.88251533658925
1868.1102742850437,0.008971572707423473,-3.8983955262087333,-27.270576182998692,-190.77730708964566
1868.2633936588793,0.008979310152518297,-3.8970212108190854,-27.381971495990193,-190.67225175827946
1868.7895871120566,0.009004803487001249,-3.8922895735395047,-27.765880318046854,-190.31240032479022
1869.3157805652336,0.009028567029640954,-3.8875449769367876,-28.151489831510286,-189.9543719325785
1869.4688999390694,0.009035151280173608,-3.886162021998378,-28.264018938772946,-189.85053196206388
1869.622019312905,0.009041585252122786,-3.8847780709925415,-28.376691580093556,-189.7468477571429
1870.1482127660822,0.009062537164473588,-3.8800148562230805,-28.76498290386887,-189.3917296387204
1870.6744062192593,0.009081677790936491,-3.875241093237894,-29.154963173723946,-189.03846711595514
1870.8275255930948,0.009086904238960395,-3.8738501100882363,-29.26876177909771,-188.93601997480548
1870.9806449669304,0.009091975627624531,-3.8724583387716085,-29.3827028012158,-188.8337312560097
1871.5068384201077,0.009108215151864867,-3.8676698473567606,-29.775344003604467,-188.4834286583034
1872.0330318732847,0.00912261206527976,-3.8628732955954472,-30.169659514920326,-188.13501181861514
1872.1861512471203,0.009126455046726925,-3.861476150714506,-30.284716742989858,-188.03398027183115
1872.3392706209559,0.009130142464744903,-3.8600784291639303,-30.399915028465102,-187.9331095941717
1872.8654640741331,0.009141628853630663,-3.855271105998462,-30.796866067088953,-187.58769840194128
1873.3916575273101,0.009151292126776431,-3.8504582184261413,-31.195473964652294,-187.24420057393905
1873.5447769011457,0.009153764134301074,-3.8490567872709938,-31.311776822753846,-187.1446054724315
1873.6978962749813,0.009156084372440516,-3.84765498870536,-31.42821914648434,-187.04517346594272
1874.2240897281586,0.009162908134534846,-3.8428352448669414,-31.82943281824615,-186.70472287509756
1874.7502831813356,0.00916797872920568,-3.83801237166219,-32.232283232696105,-186.36621060647488
1874.9034025551712,0.009169130189062786,-3.836608486852331,-32.34981671821868,-186.26807081480098
1875.0565219290067,0.00917013785673424,-3.8352044358702058,-32.467487860212316,-186.17009611858165
1875.582715382184,0.009172518316966846,-3.830378471361237,-32.872910229819134,-185.83466845829736
1876.108908835361,0.009173263346801427,-3.8255516845460593,-33.279946767448884,-185.50120141440354
1876.2620282091966,0.009173180727540857,-3.8241470853597916,-33.39869402145777,-185.4045337957777
1876.4151475830322,0.009172966119422431,-3.822742507746816,-33.51757692528594,-185.3080330495453
1876.9413410362095,0.009171242058387642,-3.817916141922147,-33.92714790551871,-184.97768380341967
1877.4675344893865,0.00916804246634143,-3.8130910714944832,-34.338308280746475,-184.649314865697
1877.6206538632223,0.00916684417088205,-3.811687357479508,-34.45825078123793,-184.5541343250664
1877.7737732370579,0.009165528962030668,-3.8102838344559955,-34.57832675121841,-184.45912221864816
1878.2999666902351,0.009160142563324742,-3.80546235411026,-34.991980808961216,-184.13390024331486
1878.8261601434122,0.009153475535710102,-3.8006440449815306,-35.40719759055241,-183.8106758014277
1878.9792795172477,0.009151306574252905,-3.7992426361026856,-35.52831537643178,-183.7169953839734
1879.1323988910833,0.009149038402278967,-3.7978415652890116,-35.64956430445162,-183.62348476174995
1879.6585923442606,0.009140516033222273,-3.7930295969566172,-36.067231260128466,-183.3034326902851
1880.1847857974376,0.009130934821966735,-3.7882223916169395,-36.486432697599895,-182.9853931119874
1880.3379051712732,0.009127960755193558,-3.7868244961317394,-36.60870461348277,-182.89322415187524
1880.4910245451088,0.009124907072595072,-3.785427060359246,-36.731105225514135,-182.80122616677144
1881.017217998286,0.009113837401510845,-3.7806284704553725,-37.152711111546125,-182.48638097668012
1881.543411451463,0.009101948207057413,-3.7758359209538654,-37.57582200712699,-182.17356123266103
1881.6965308252986,0.009098348175546117,-3.7744425121162792,-37.69922595885759,-182.08291354493855
1881.8496501991342,0.009094689177125035,-3.773049657202862,-37.82275607104388,-181.99243785463054
1882.3758436523115,0.009081698134311365,-3.768267484081458,-38.24822401439496,-181.68283157342137
1882.9020371054885,0.00906813425515033,-3.7634922974730967,-38.675166605434285,-181.3752619873065
1883.055156479324,0.009064093365830996,-3.7621041002350384,-38.79967981607938,-181.28614409372784
1883.2082758531596,0.009060014358312768,-3.7607165228476283,-38.92431659015191,-181.19719908961906
1883.734469306337,0.009045738949914077,-3.755952944005877,-39.3535676838715,-180.89285960380238
1884.260662759514,0.009031134827312983,-3.7511969632741944,-39.784262501089124,-180.59056669091132
1884.4137821333497,0.009026836676993145,-3.7498144512934926,-39.90986175749362,-180.5029860687528
1884.5669015071853,0.009022520632879663,-3.748432597096873,-40.035581945696606,-180.41557912665323
1885.0930949603626,0.009007583610989365,-3.743688931448102,-40.46853607657373,-180.11653105538764
1885.6192884135396,0.008992549845346058,-3.7389531510154215,-40.902902746810874,-179.81953841060155
1885.7724077873752,0.008988169305397227,-3.7375765536295256,-41.029564627920514,-179.73350175282152
1885.9255271612108,0.008983789672616042,-3.736200625361197,-41.15634479879566,-179.64763949363973
1886.451720614388,0.008968774943464984,-3.731477369368965,-41.59292140254006,-179.35390508655001
1886.977914067565,0.008953874061268125,-3.7267619840761492,-42.03087936915207,-179.06223428036134
1887.1310334414006,0.008949570326456395,-3.725391302940761,-42.15858044860559,-178.97774775511348
1887.2841528152362,0.008945284149968001,-3.7240212781012105,-42.28639718628279,-178.89343630353696
1887.8103462684135,0.008930713939636651,-3.7193181744765376,-42.726515906036624,-178.60503632112835
1888.3365397215905,0.00891643922222748,-3.7146226598579286,-43.16798504456877,-178.31870776223548
1888.489659095426,0.00891235004102053,-3.713257694355751,-43.296702061431475,-178.2357772596693
1888.6427784692617,0.008908292372374225,-3.7118933514841603,-43.42553213248831,-178.15302248882938
1889.168971922439,0.008894609451578496,-3.707209485700714,-43.86911336190004,-177.86997702501623
1889.695165375616,0.008881369186485391,-3.702532703319341,-44.314014475081294,-177.5890107507389
1889.8482847494515,0.00887760662164083,-3.701173082715796,-44.44372446865109,-177.50764210625601
1890.001404123287,0.008873886411331803,-3.699814034190836,-44.57354495273059,-177.42644985775073
1890.5275975764644,0.008861440813214154,-3.6951479518049166,-45.02051025250712,-177.1487790697088
1891.0537910296414,0.008849546004935259,-3.6904882733002413,-45.46876543636056,-176.87319543195693
1891.206910403477,0.00884619298785206,-3.6891334940294396,-45.59944584315797,-176.7933946169782
1891.3600297773125,0.008842889703336715,-3.6877792238738065,-45.73023422565719,-176.7137708874847
1891.8862232304898,0.008831927526090173,-3.6831290643559713,-46.180506609137375,-176.4414956038146
1892.4124166836668,0.008821581964867835,-3.6784845108343753,-46.63203948757345,-176.17131582307061
1892.5655360575026,0.00881868975770195,-3.677133978009564,-46.76366820004323,-176.09308909552777
1892.7186554313382,0.008815851061247411,-3.6757838837621226,-46.89540242653949,-176.01504018233615
1893.2448488845155,0.008806508601676758,-3.6711475267019344,-47.34890651419259,-175.74818236412082
1893.7710423376925,0.008797806558090288,-3.666515917091457,-47.8036423440219,-175.48342892827716
1893.924161711528,0.008795394805625197,-3.6651689878104854,-47.936197731968925,-175.40678293666647
1894.0772810853637,0.008793036888442341,-3.663822423808007,-48.06885622564429,-175.3303155362982
1894.603474538541,0.008785343815551272,-3.65919763678437,-48.52551827493017,-175.06889857404198
1895.129667991718,0.00877827556934254,-3.6545767334154657,-48.98338393108052,-174.80959547023244
1895.2827873655535,0.008776334203281236,-3.6532327585161393,-49.11684482933216,-174.73453730882852
1895.435906739389,0.008774443780408044,-3.651889077364852,-49.25040647514265,-174.6596585667669
1895.9621001925664,0.008768330162150484,-3.6472736560612335,-49.71015430038725,-174.40370740959742
1896.4882936457434,0.00876278886459363,-3.642661301127812,-50.1710781580022,-174.14988018929503
1896.641413019579,0.008761279988854238,-3.641319664223319,-50.30542382539287,-174.07641740514467
1896.7945323934146,0.008759816166803977,-3.639978255536856,-50.43986792614855,-174.0031349174808
1897.3207258465918,0.008755119001359795,-3.6353701547736756,-50.902630726309106,-173.7526760381192
1897.8469192997688,0.008750908637237882,-3.6307643975523627,-51.366542457524375,-173.5043517197424
1898.0000386736044,0.008749769349402463,-3.629424551227141,-51.501752512316465,-173.43249227273495
1898.15315804744,0.008748666740170758,-3.628084877356643,-51.63705872178744,-173.36081404110578
1898.6793515006173,0.008745143374206791,-3.623482329671882,-52.10276683386862,-173.11587524227275
1899.2055449537943,0.008741996110784534,-3.6188815370078737,-52.56959713806047,-172.8730820598913
1899.35866432763,0.00874114423658063,-3.6175430331512075,-52.705651475605194,-172.80283423922978
1899.5117837014657,0.008740318904111847,-3.6162046586439205,-52.84179971463638,-172.7327685828157
1900.037977154643,0.008737668685504681,-3.611606268224005,-53.31038431498786,-172.49337866205028
1900.56417060782,0.008735267096354925,-3.607009206918171,-53.780064607011155,-172.2561456831802
1900.7172899816555,0.00873460751685774,-3.6056717184869354,-53.91694330715684,-172.18751798802953
1900.8704093554911,0.008733963196077834,-3.6043343309034444,-54.05391367039749,-172.11907342075972
1901.3966028086684,0.008731847236766049,-3.599739138189634,-54.52530645038283,-171.88526172390775
1901.9227962618454,0.008729841615998159,-3.5951450298500474,-54.99776853280288,-171.65361836828947
1902.075915635681,0.008729270854247509,-3.5938083651827024,-55.13545176433329,-171.586619361842
1902.2290350095166,0.008728703431135324,-3.5924717886979094,-55.27322442470533,-171.5198044439644
1902.7552284626938,0.008726760030809055,-3.5878793120320536,-55.747357263559095,-171.29160033725162
1903.2814219158709,0.008724785434344379,-3.5832878661783254,-56.22253300327403,-171.06557582428852
1903.4345412897064,0.008724197213806585,-3.581951976901615,-56.36100093088682,-171.00021396891057
1903.587660663542,0.008723600563938238,-3.580616179332184,-56.49955604717497,-170.93503714053656
1904.1138541167193,0.00872146760408058,-3.5760264317306163,-56.97636070006871,-170.7124694278861
1904.6400475698963,0.00871916881664073,-3.5714378501072535,-57.45418172747815,-170.4920921820356
1904.7931669437319,0.008718461615050912,-3.570102829856623,-57.593414426776725,-170.42837566486142
1904.9462863175675,0.008717735172809634,-3.56876792025439,-57.732732059899035,-170.3648450712475
1905.4724797707447,0.008715075539488942,-3.564181392288607,-58.21213988110168,-170.14794139380217
1905.9986732239217,0.008712130106913926,-3.55959633899731,-58.69253733218805,-169.93323844888172
1906.1517925977573,0.008711213131836421,-3.5582624125113984,-58.83251471856617,-169.87117501028422
1906.304911971593,0.008710267518138706,-3.5569286293732736,-58.972574762304994,-169.8092983313474
1906.8311054247702,0.008706785242415077,-3.5523462428264985,-59.45451648198834,-169.59808459155036
1907.3572988779472,0.008702915763357348,-3.547765790502338,-59.937420798944785,-169.38908103332483
1907.510418251783,0.00870171201410356,-3.546433296845952,-60.07812257419894,-169.32867780876887
1907.6635376256186,0.008700472018254446,-3.545100990848741,-60.21890470390934,-169.26846210289446
1908.1897310787958,0.00869592307185467,-3.5405240358918455,-60.70331026806613,-169.06296194370034
1908.7159245319729,0.008690909940704563,-3.53594959668625,-61.188651064668,-168.85968041651807
1908.8690439058084,0.008689360488355224,-3.534618967856569,-61.33005668267505,-168.80094379865133
1909.022163279644,0.008687769531933731,-3.5332885797983655,-61.47154032318001,-168.74239536753447
1909.5483567328213,0.008681978422254393,-3.5287186335857315,-61.958338800481606,-168.54262973039533
1910.0745501859983,0.008675676833684838,-3.524151868922419,-62.44604479613499,-168.34509003369777
1910.2276695598339,0.008673745558003194,-3.522823601897093,-62.58813344887441,-168.2880255628751
1910.3807889336695,0.008671770240289034,-3.5214956340665715,-62.730297762849084,-168.23114984582432
1910.9069823868467,0.008664643194375037,-3.516934457434634,-63.21941732300995,-168.0371366380796
1911.4331758400238,0.008656991478465577,-3.5123771690465526,-63.7094163492535,-167.84535544384
1911.5862952138593,0.008654666380754433,-3.5110517933785985,-63.85216697394992,-167.78996773579246
1911.739414587695,0.008652297330360955,-3.509726776971363,-63.99499087136892,-167.73476924190336
1912.2656080408722,0.008643821897945114,-3.505176202327117,-64.48635883488897,-167.54652313876343
1912.7918014940492,0.008634838076204545,-3.5006302211554856,-64.97857791060409,-167.3605138479208
1912.9449208678848,0.008632130099594572,-3.4993082670633235,-65.12196921615306,-167.3068065622297
1913.0980402417204,0.00862938085559252,-3.4979867304219816,-65.26543138267029,-167.25328884344293
1913.6242336948976,0.008619623498579115,-3.4934485536275317,-65.75897433262658,-167.07082123024617
1914.1504271480746,0.008609405201793662,-3.488915632362205,-66.25333979670025,-166.89059396913277
1914.3035465219104,0.008606348664610236,-3.4875975994069415,-66.39735030596235,-166.83856981840148
1914.456665895746,0.008603256187832213,-3.486280036644778,-66.54142924681128,-166.78673548332335
1914.9828593489233,0.008592364216525148,-3.481755908408862,-67.0370731915343,-166.6100545388529
1915.5090528021003,0.00858108921031662,-3.477237612232166,-67.53351088278899,-166.4356162986404
1915.662172175936,0.008577741376937611,-3.475923937509479,-67.6781189879923,-166.38527709973408
1915.8152915497715,0.008574365297303418,-3.474610776812858,-67.82279308467871,-166.33512786965775
1916.3414850029487,0.008562560774648334,-3.4701020953451547,-68.320463661914,-166.16423879534887
1916.8676784561258,0.008550475418741528,-3.4655996992262956,-68.81889913599969,-165.9955937166654
1917.0207978299613,0.008546912116939512,-3.4642907287622347,-68.96408316391963,-165.94694048367265
1917.173917203797,0.008543330018500406,-3.4629823044551786,-69.10933074020188,-165.8984772899182
1917.7001106569742,0.008530892110642457,-3.458490125471395,-69.60895344899795,-165.73338267655984
1918.2263041101512,0.00851829382308608,-3.454004533428668,-70.10931221611378,-165.5705324627656
1918.3794234839868,0.008514604804848013,-3.4527005004156472,-70.25505049794248,-165.52356553538706
1918.5325428578224,0.008510907841458332,-3.4513970318693907,-70.40084988990891,-165.47678865117712
1919.0587363109996,0.008498160137163865,-3.446922000666613,-70.90235033214614,-165.317488957339
1919.5849297641766,0.008485387454630735,-3.4424536837940676,-71.40455809821023,-165.16043338988592
1919.7380491380122,0.008481673839081936,-3.441154691467963,-71.55082903939447,-165.11515258993248
1919.8911685118478,0.008477964193709792,-3.4398562664001466,-71.6971586650833,-165.07006178973953
1920.417361965025,0.008465265351404875,-3.435398563406548,-72.20046278252663,-164.9165559104227
1920.943555418202,0.008452685953168742,-3.4309475110352854,-72.70444568159317,-164.765293448004
1921.0966747920377,0.008449055937175778,-3.4296535197156905,-72.85122782836403,-164.72169825907633
1921.2497941658733,0.008445442152503882,-3.428360081917391,-72.99806625371089,-164.67829300050246
1921.7759876190505,0.008433166300154862,-3.4239193868142452,-73.5031005495725,-164.53057890772996
1922.3021810722275,0.00842115339558403,-3.4194850820035345,-74.00878535587425,-164.38510734655776
1922.4553004460633,0.008417714909430914,-3.4181959044001884,-74.15605745484781,-164.34319710905072
1922.608419819899,0.008414304531313178,-3.416907250131202,-74.30338345224104,-164.30147672880688
1923.1346132730762,0.008402817471737498,-3.4124827379015663,-74.8100751835969,-164.15955215013554
1923.6608067262532,0.008391729961146236,-3.4080641649674415,-75.3173894889972,-164.01986930566633
1923.8139261000888,0.008388585949018104,-3.4067794702287926,-75.46513053575332,-163.97964341489052
1923.9670454739244,0.008385481200386876,-3.4054952529604647,-75.61292313119931,-163.93960732662472
1924.4932389271016,0.008375128432178124,-3.401085614489219,-76.12120045987648,-163.80347042112766
1925.0194323802787,0.008365301524778422,-3.396681285224567,-76.63007280702388,-163.6695747956838
1925.1725517541142,0.008362547350019886,-3.3954006074272978,-76.77826208144998,-163.63103289412
1925.3256711279498,0.008359842476225284,-3.3941203467726475,-76.92650058837611,-163.5926807796449
1925.851864581127,0.008350938379089795,-3.3897238228564137,-77.43629268527877,-163.4623307864299
1926.378058034304,0.00834266885168063,-3.3853318172645785,-77.94665265326736,-163.33422220149072
1926.5311774081397,0.008340387024370236,-3.3840545688261905,-78.09526974091739,-163.29736435919938
1926.6842967819753,0.008338162640712576,-3.3827776647661993,-78.24393377989259,-163.26069634703398
1927.2104902351525,0.00833096848350652,-3.3783921023942995,-78.75517088000295,-163.1361341827525
1927.7366836883295,0.008324491825674584,-3.374010136769083,-79.26694911901406,-163.01381434672888
1927.8898030621651,0.008322745774932996,-3.3727356305402107,-79.41597391725631,-162.97864122006865
1928.0429224360007,0.008321063034922091,-3.371461386401747,-79.5650434203537,-162.94365804096665
1928.569115889178,0.008315771430685822,-3.3670843236322687,-80.0776568238849,-162.82488680771482
1929.095309342355,0.008311253364393931,-3.362709841754992,-80.59078503515596,-162.70835977990444
1929.2484287161908,0.008310086316345939,-3.361437318211327,-80.7401977434132,-162.67487273776337
1929.4015480900264,0.008308986194500564,-3.3601649680310417,-80.88965294273576,-162.64157584696989
1929.9277415432036,0.008305721033064593,-3.3557937281382557,-81.40357496292643,-162.52860122153402
1930.4539349963807,0.008303258436039915,-3.3514239951999674,-81.91798582772658,-162.4178737533047
1930.6070543702162,0.008302693357135396,-3.3501526496560117,-82.0677669234554,-162.38607496731544
1930.7601737440518,0.008302196349057107,-3.348881385453165,-82.21758832565847,-162.35446663066799
1931.286367197229,0.008301008193549946,-3.3445131717205694,-82.7327521905492,-162.24729712903283
1931.812560650406,0.008300618986254919,-3.3401453729869606,-83.24837925606425,-162.142378877938
1931.9656800242417,0.008300654610318045,-3.338874385450103,-83.39850945868346,-162.11227137498392
1932.1187993980773,0.008300756512617932,-3.3376033876593576,-83.54867780763611,-162.0823547168103
1932.6449928512545,0.008301608112830587,-3.3332353932489815,-84.06501752222148,-161.981001822044
1933.1711863044316,0.008303220867498169,-3.3288667504749005,-84.58179504951414,-161.88190541999998
1933.3243056782671,0.008303830206101334,-3.327595320441682,-84.73225527360492,-161.85349309030772
1933.4774250521027,0.008304501390304432,-3.3263237928543314,-84.88275150250509,-161.8252720961939
1934.00361850528,0.008307271751483089,-3.321953320226747,-85.40020167629957,-161.72975022657033
1934.529811958457,0.008310737876162374,-3.317581206800146,-85.91806445719607,-161.63649118532211
1934.6829313322926,0.008311872902699217,-3.3163085853467806,-86.06883575749748,-161.60977874345838
1934.8360507061282,0.008313063239626967,-3.3150357865326994,-86.219640933203,-161.58325821629194
1935.3622441593054,0.00831756483257941,-3.310660349314202,-86.7381365846851,-161.49358453789026
1935.8884376124824,0.008322672782230566,-3.306282383856499,-87.25701974128026,-161.40618100842377
1936.041556986318,0.008324267356957451,-3.305007899549611,-87.40808325372774,-161.38117391388056
1936.1946763601536,0.008325908554286032,-3.3037331683697793,-87.5591785175852,-161.3563593902817
1936.7208698133309,0.00833188941222527,-3.2993505777471004,-88.07865486987868,-161.27255349911377
1937.247063266508,0.00833836045829699,-3.2949647110692335,-88.5984936495836,-161.19102590593067
1937.4001826403437,0.008340328447713884,-3.2936877958526067,-88.74983053171526,-161.1677302476549
1937.5533020141793,0.008342332281111312,-3.29241057755277,-88.90119704002711,-161.1446278783447
1938.0794954673565,0.008349474083414807,-3.288019033475283,-89.42158931705137,-161.06671135657643
1938.6056889205336,0.008356970231483081,-3.283623638200966,-89.94231889093085,-160.9910819038815
1938.7588082943691,0.008359210295390352,-3.2823438524365733,-90.0939102638128,-160.96950424728672
1938.9119276682047,0.008361474327451334,-3.2810637228960005,-90.24552913013032,-160.94812064018365
1939.438121121382,0.008369418785722761,-3.27666188897365,-90.76677236175156,-160.8761164884123
1939.964314574559,0.008377575073940761,-3.2722558189976,-91.28832763673876,-160.80640855433933
1940.1174339483946,0.008379980325966119,-3.270972865421224,-91.44015453196683,-160.78655575903497
1940.2705533222302,0.008382397390776395,-3.269689543738228,-91.59200677492139,-160.76689779469763
1940.7967467754074,0.008390774551960122,-3.2652765799850867,-92.11403562479707,-160.70082978369254
1941.3229402285845,0.008399217380973746,-3.2608591909475813,-92.63635108363835,-160.6370672552803
1941.47605960242,0.00840167822433728,-3.259572919075006,-92.78839439923657,-160.61894627933802
1941.6291789762556,0.008404138268762048,-3.2582862715640433,-92.94046089957058,-160.6010209143014
1942.1553724294329,0.008412565851844,-3.2538618480490795,-93.46320952636799,-160.54091290298123
1942.68156588261,0.008420908854054249,-3.24943301224802,-93.98621910274474,-160.4831194841834
1942.8346852564455,0.008423312511231205,-3.24814342321299,-94.13845956946489,-160.46673718082818
1942.987804630281,0.00842570295464953,-3.246853468164874,-94.29072103752996,-160.4505512434295
1943.5139980834583,0.00843379761379505,-3.2424177789417623,-94.81412299243867,-160.39642647020634
1944.0401915366353,0.008441668515582316,-3.2379778892318285,-95.33775998335227,-160.34462496651452
1944.1933109104712,0.008443909787428464,-3.236685133859162,-95.49017814208722,-160.32998787546993
1944.3464302843067,0.008446127072015643,-3.2353920379950307,-95.6426150966213,-160.3155478575267
1944.872623737484,0.008453548184068047,-3.230945773939633,-96.16660326126514,-160.2674282304562
1945.398817190661,0.008460631432975839,-3.2264956938343423,-96.69080028241497,-160.22163985769046
1945.5519365644966,0.0084626234754666,-3.2252000539369465,-96.84337647461963,-160.20875400928364
1945.7050559383322,0.00846458284556263,-3.223904112217952,-96.99596923469915,-160.19606587296087
1946.2312493915094,0.00847105363028447,-3.2194483827508806,-97.52047580534719,-160.15397133127715
1946.7574428446865,0.008477092309657482,-3.2149893620847525,-98.0451647931851,-160.1142151188546
1946.910562218522,0.008478763609520953,-3.2136912262330504,-98.19787916472441,-160.10308586870582
1947.0636815923576,0.008480395098410615,-3.2123928380219824,-98.35060785500684,-160.09215488478327
1947.5898750455349,0.008485687003396069,-3.207929095331771,-98.87556437073609,-160.05610286901234
1948.116068498712,0.008490476594381274,-3.2034627002329676,-99.4006766253631,-160.02239516808066
1948.2691878725475,0.008491773207270766,-3.202162543749502,-99.5535091415773,-160.0130270607176
1948.422307246383,0.00849302589816539,-3.2008621922512224,-99.70635370849635,-160.0038576754446
1948.9485006995603,0.008496990864204534,-3.196392151457339,-100.23169111520065,-159.97386269503272
1949.4746941527374,0.008500431330653733,-3.1919201623184064,-100.75715737700067,-159.94621679416863
1949.627813526573,0.008501334355155056,-3.190618511923425,-100.91008784731679,-159.9386134619274
1949.7809329004085,0.0085021939332823,-3.189316726394121,-101.06302808470356,-159.9312092015596
1950.3071263535858,0.008504819878894902,-3.1848422150374383,-101.58867683076342,-159.90728255615113
1950.8333198067628,0.008506951094190555,-3.1803664520872896,-102.11442738680674,-159.88570848882492
1950.9864391805984,0.008507480852106494,-3.179063832162339,-102.26743549751572,-159.8798726138452
1951.139558554434,0.008507970820759474,-3.1777611338031178,-102.42045108007352,-159.87423605470093
1951.6657520076112,0.008509357226380779,-3.173283910985884,-102.94634123597817,-159.85638579533426
1952.1919454607882,0.008510298637894482,-3.1688060757275798,-103.47230604448951,-159.84089039155606
1952.345064834624,0.008510491943809052,-3.1675029690743086,-103.6253713954517,-159.83682373613723
1952.4981842084596,0.008510649996753654,-3.1661998350593015,-103.77844191555552,-159.8329565407567
1953.024377661637,0.00851093121286454,-3.1617214958869053,-104.3045032999806,-159.82118763054186
1953.550571114814,0.008510827594397377,-3.1572431099891474,-104.83061211430487,-159.81177472012692
1953.7036904886495,0.008510729090956608,-3.1559399448238965,-104.98371425434141,-159.80947819127945
1953.856809862485,0.008510601421942782,-3.1546367963212476,-105.13681925709241,-159.80738117523822
1954.3830033156623,0.008509950675448413,-3.1501587317382516,-105.66298155437859,-159.8016957326606
1954.9091967688394,0.008509002514905373,-3.145681087822461,-106.18916403538996,-159.7983664133487
1955.062316142675,0.00850867656985909,-3.1443782197646124,-106.3422824939577,-159.79784014615112
1955.2154355165105,0.008508330242377755,-3.143075402331696,-106.49540150836219,-159.79751336445938
1955.7416289696878,0.008507000079681254,-3.138598716709114,-107.02159437169504,-159.79791098748134
1956.2678224228648,0.00850548945802728,-3.1341227784875922,-107.5477801840051,-159.80066399811113
1956.4209417967004,0.008505022824574287,-3.132820459322046,-107.70089449772766,-159.80190747482445
1956.574061170536,0.008504546009968484,-3.1315182115404316,-107.8540070625015,-159.80335034569086
1957.1002546237132,0.008502846410394383,-3.1270436194887847,-108.38016019654124,-159.80982857449956
1957.6264480768903,0.00850108345669794,-3.1225699384235672,-108.90627908074688,-159.81866080767168
1957.7795674507258,0.00850056440601057,-3.121268297966235,-109.05936881229789,-159.8216730147802
1957.9326868245614,0.00850004396962304,-3.1199667364531045,-109.21245449376231,-159.82488447908062
1958.4588802777387,0.008498257743410611,-3.1154945399322203,-109.73849770819899,-159.83743935626234
1958.9850737309157,0.008496494718811915,-3.111023277207604,-110.26447952218214,-159.85234641920476
1959.1381931047515,0.008495989750166867,-3.109722338225316,-110.41752427001079,-159.85712600734553
1959.291312478587,0.008495489166587416,-3.1084214758076167,-110.5705626708464,-159.86210468616864
1959.8175059317643,0.008493809071228556,-3.10395165037147,-111.09642590328906,-159.88073127125057
1960.3436993849414,0.008492204626940444,-3.09948268908695,-111.62220063513031,-159.90170794822532
1960.496818758777,0.008491754477408148,-3.0981824027703326,-111.7751800355649,-159.90825335497686
1960.6499381326125,0.008491312809940001,-3.09688218430784,-111.92815079624303,-159.91499766728307
1961.1761315857898,0.008489866109052481,-3.0924144974300454,-112.4537641126697,-159.93969039871135
1961.7023250389668,0.008488549612873762,-3.0879475375403516,-112.97926187499839,-159.96673095671798
1961.8554444128024,0.00848819474854481,-3.086647803736591,-113.13215559961111,-159.97504048674296
1962.008563786638,0.00848785409964563,-3.0853481226160153,-113.28503839529382,-159.98354872679485
1962.5347572398152,0.008486802208588709,-3.080882155275488,-113.81033197599177,-160.01430167613495
1963.0609506929923,0.008485959422361751,-3.076416686418349,-114.33548298591776,-160.0474001202087
1963.2140700668278,0.00848575817668254,-3.07511733762003,-114.48827073441907,-160.0574720234162
1963.3671894406634,0.008485578138373301,-3.0738180174457033,-114.6410452672139,-160.0677424412333
1963.8933828938407,0.008485132532538532,-3.069353091666377,-115.16594937479157,-160.10454961422164
1964.4195763470177,0.008484975324144856,-3.0648883244854983,-115.69068391301789,-160.14370002492535
1964.5726957208533,0.008484987550796337,-3.063589110043468,-115.84334539957844,-160.1555326012192
1964.7258150946889,0.008485026705637791,-3.0622898912589926,-115.99599138409194,-160.16756350924842
1965.2520085478661,0.008485374325301267,-3.0578250493088572,-116.52043630792717,-160.2104192223964
1965.7782020010432,0.008486064252474156,-3.0533599343835425,-117.04468465501836,-160.25561613194762
1965.9313213748787,0.008486331612321879,-3.052060533615611,-117.19719958836914,-160.26920783757885
1966.0844407487143,0.008486629433177278,-3.050761089337497,-117.34969673129136,-160.28299771487963
1966.6106342018916,0.008487890417685759,-3.046295165168031,-117.87361271404897,-160.33189692985607
1967.1368276550686,0.008489526291852985,-3.0418284788445273,-118.39730507299981,-160.38313561409203
1967.2899470289044,0.00849007403914754,-3.0405285264637185,-118.5496531333841,-160.39848513756561
1967.44306640274,0.008490654156291801,-3.0392284876746163,-118.70198111024904,-160.4140327018711
1967.9692598559172,0.008492897337100366,-3.0347601877372075,-119.22529826688286,-160.46897124442472
1968.4954533090943,0.008495525160086512,-3.0302906062546424,-119.74836468098434,-160.52624789993985
1968.6485726829299,0.008496361705349153,-3.0289897131020997,-119.90052549616092,-160.54335420621953
1968.8016920567654,0.008497229946567156,-3.0276886896495845,-120.05266392736156,-160.5606584547734
1969.3278855099427,0.008500453237717356,-3.02321667045067,-120.57531216311284,-160.62163312936667
1969.8540789631197,0.008504032438864016,-3.018742861538298,-121.09768243608016,-160.684944942782
1970.0071983369553,0.008505137953412985,-3.0174406449434747,-121.24963555875803,-160.70380728388375
1970.1603177107909,0.008506270820961209,-3.0161382575042994,-121.40156398741442,-160.72286749919095
1970.6865111639681,0.008510364366584394,-3.0116612489354466,-121.92347292591688,-160.78987606799672
1971.2127046171452,0.008514741759294944,-3.007182011690444,-122.44507655853509,-160.8592211253497
1971.3658239909807,0.008516063858234734,-3.0058781384671662,-122.59680144993521,-160.87983899968825
1971.5189433648163,0.008517405701147007,-3.004574062086561,-122.74849932646146,-160.90065470235498
1972.0451368179936,0.008522154904044824,-3.000091017242242,-123.26959826523971,-160.97369567193846
1972.5713302711706,0.008527081381968105,-2.9956054267579693,-123.79036442538249,-161.04907266827283
1972.7244496450062,0.008528541408230676,-2.9942996532840587,-123.941840449485,-161.07144572210672
1972.8775690188418,0.008530010711130742,-2.9929936565998103,-124.09328712721856,-161.09401656629944
1973.403762472019,0.008535113589242712,-2.9885038798055596,-124.61350503361679,-161.1730887848712
1973.929955925196,0.00854025177003311,-2.9840114086222327,-125.13336257014926,-161.25449655700513
1974.0830752990319,0.008541744608052121,-2.9827036156785978,-125.28456900130558,-161.27862443690583
1974.2361946728674,0.008543233056003971,-2.9813955958263625,-125.43574374581081,-161.30295005755912
1974.7623881260447,0.00854829201090347,-2.976898865138829,-125.9550093024385,-161.388052149923
1975.2885815792217,0.008553205239354824,-2.972399510802496,-126.47388681316771,-161.47548904777258
1975.4417009530573,0.008554596536341236,-2.9710897418510585,-126.6248028604072,-161.5013712054162
1975.594820326893,0.00855596667960904,-2.9697797630474287,-126.77568487592129,-161.5274510174216
1976.1210137800701,0.008560486867665687,-2.965276464474344,-127.29392658866516,-161.61858065106705
1976.6472072332472,0.00856464960558775,-2.9607708814518547,-127.81175255614319,-161.71204373715972
1976.8003266070828,0.008565781448765826,-2.959459379681953,-127.96235740814656,-161.7396791841299
1976.9534459809183,0.008566873372095963,-2.9581477093713366,-128.1129258850341,-161.76751213195425
1977.4796394340956,0.008570291721319637,-2.9536389515493155,-128.63007226540338,-161.86466511900448
1978.0058328872726,0.008573122082912506,-2.9491285497119306,-129.14677526917436,-161.96414921897642
1978.1589522611082,0.008573822014488763,-2.947815783391069,-129.29704816166287,-161.99353624208177
1978.3120716349438,0.008574461868903356,-2.9465029163157728,-129.44728234632004,-162.02312051171754
1978.838265088121,0.008576170814823685,-2.941990604453582,-129.96326217079678,-162.12628979645993
1979.364458541298,0.008577046359706603,-2.937477612620319,-130.4787711763662,-162.23178645608283
1979.5175779151336,0.00857713061342958,-2.936164292230971,-130.6286914817517,-162.26292230897218
1979.6706972889692,0.008577133552641324,-2.9348509670433462,-130.77857076877365,-162.29425501746545
1980.1968907421465,0.00857649002427974,-2.9303378571312817,-131.29331341485417,-162.40342959469646
1980.7230841953235,0.008574758686582922,-2.9258253720387004,-131.8075581397387,-162.5149259778499
1980.876203569159,0.008574036419571168,-2.924512463397395,-131.9571054792966,-162.54780655695797
1981.0293229429947,0.008573211400484908,-2.923199675057088,-132.10660952617351,-162.5808834270691
1981.555516396172,0.008569559558470793,-2.918689409519272,-132.620045385763,-162.69604721553114
1982.081709849349,0.008564571009761877,-2.9141814172399685,-133.1329567417518,-162.8135249703405
1982.2348292231848,0.008562854852879073,-2.9128701444053338,-133.28211111956148,-162.84814448468293
1982.3879485970203,0.008561015513622528,-2.9115591455059815,-133.43121998287214,-162.88295951505367
1982.9141420501976,0.00855372411099241,-2.907056244706193,-133.94328094682348,-163.00409023039714
1983.4403355033746,0.008544863061960364,-2.9025575935635604,-134.45479154820464,-163.12752437967316
1983.5934548772102,0.008541977291769195,-2.9012494277689758,-134.60353350313503,-163.1638750326654
1983.7465742510458,0.00853894944945416,-2.8999417162934584,-134.75222779226817,-163.20042018206365
1984.272767704223,0.008527432098881757,-2.895451529016813,-135.26284779108403,-163.32748827304493
1984.7989611574,0.008514132364253546,-2.8909678710340447,-135.77289251306098,-163.45684618709467
1984.9520805312357,0.0085099162659013,-2.8896645124211098,-135.92120328430144,-163.49491788520507
1985.1051999050712,0.008505541167859405,-2.888361812910098,-136.06946432827044,-163.5331827846951
1985.6313933582485,0.008489268178896923,-2.883890447943032,-136.57857991455887,-163.66615047192198
1986.1575868114255,0.008471028028866946,-2.8794281632698566,-137.08709648827428,-163.80139095325683
1986.310706185261,0.00846534149011338,-2.8781315172881023,-137.23495819052783,-163.84117104881867
1986.4638255590967,0.008459481900608657,-2.87683575635538,-137.38276821394948,-163.8811427489491
1986.990019012274,0.008438005394064509,-2.8723899901109116,-137.8903191722702,-164.01996319119763
1987.516212465451,0.008414415983943498,-2.8679560805615965,-138.39724879982472,-164.16103570057712
1987.6693318392865,0.00840714779205419,-2.8666682240923067,-138.54464460273545,-164.2025087787947
1987.8224512131221,0.008399695993713747,-2.865381495354736,-138.69198690528165,-164.24417154243153
1988.3486446662994,0.008372672933277717,-2.8609686427832495,-139.1979168676508,-164.38878817187705
1988.8748381194764,0.008343432977264139,-2.8565705928272154,-139.70320483306102,-164.5356322401392
1989.027957493312,0.008334503248538657,-2.855293732499945,-139.85011913763447,-164.57877996298694
1989.1810768671476,0.008325382830095754,-2.85401825455496,-139.99697826971794,-164.6221151160112
1989.7072703203248,0.008292576745040008,-2.8496460237949415,-140.5012353127032,-164.7724611777726
1990.2334637735019,0.008257490284496792,-2.8452916553414274,-141.00483156688503,-164.92500602641596
1990.3865831473377,0.0082468496157289,-2.8440280856007765,-141.15125017309938,-164.96980703736136
1990.5397025211732,0.008236014676418182,-2.8427661601697607,-141.29761210221284,-165.01479288013385
1991.0658959743505,0.008197295101388495,-2.8384425093045413,-141.80014930814912,-165.17079117888974
1991.5920894275275,0.008156275482603281,-2.8341398375601936,-142.30200901210725,-165.32895554532655
1991.745208801363,0.008143907180788872,-2.832891898209757,-142.4479192732351,-165.3753854332195
1991.8983281751987,0.008131344914711739,-2.8316458673457006,-142.59377153644877,-165.42199721118436
1992.424521628376,0.00808669800418625,-2.827378853639007,-143.09454750254062,-165.58356006193543
1992.950715081553,0.008039777335377156,-2.8231359310626956,-143.59463151085615,-165.74725223189574
1993.1038344553886,0.00802569923044428,-2.821905960952225,-143.74002246888546,-165.79528355600004
1993.2569538292241,0.008011431139185975,-2.820678160532231,-143.88535430577176,-165.843493491754
1993.7831472824014,0.007960958001922496,-2.8164757804279774,-144.38433358078225,-166.01052288414843
1994.3093407355784,0.007908277187690077,-2.8123005397906953,-144.88260884573327,-166.1796409379913
1994.462460109414,0.007892537311785804,-2.81109083234868,-145.02747134257982,-166.2292433147108
1994.6155794832496,0.007876614481077935,-2.8098835482552236,-145.1722738035266,-166.27902070124486
1995.1417729364268,0.00782051284173953,-2.8057535929910684,-145.66942723749773,-166.45140866813807
1995.6679663896039,0.00776230288245633,-2.8016537127343195,-146.16586712362465,-166.62584091958442
1995.8210857634394,0.00774497450511859,-2.8004664786457982,-146.31019388600848,-166.6769811624871
1995.974205137275,0.007727472937854113,-2.7992819101537165,-146.45445991408306,-166.72829250855273
1996.5003985904523,0.007666024923834586,-2.7952318445745794,-146.94976491660148,-166.9059216643503
1997.0265920436293,0.007602600123979882,-2.7912146326240097,-147.44434942268327,-167.08554725638567
1997.1797114174651,0.007583780699491948,-2.790051966550971,-147.58813511979997,-167.138189559943
1997.3328307913007,0.00756480045565116,-2.788892193235494,-147.7318596052503,-167.190998778388
1997.859024244478,0.0074983692733479835,-2.784929042878978,-148.22530030811117,-167.37374300082345
1998.385217697655,0.007430120308573557,-2.7810013264282927,-148.71801619103547,-167.55843263938746
1998.5383370714906,0.007409928209751928,-2.7798651757167008,-148.8612574631946,-167.612538801918
1998.6914564453261,0.007389589582357983,-2.77873212671738,-149.00443726875963,-167.66680743669295
1999.2176498985034,0.007318601864134341,-2.7748623777344488,-149.49600458745266,-167.8545326767398
1999.7438433516804,0.007245973091910005,-2.7710304137800366,-149.98684538494126,-168.04414948226184
1999.896962725516,0.0072245404285155935,-2.769922554799726,-150.12954084303655,-168.0996791606868
2000.0500820993516,0.007202976690214991,-2.7688179862138815,-150.27217480028622,-168.15536664440555
2000.5762755525288,0.007127898265188923,-2.765047516210651,-150.7618663980874,-168.3479318302961
2001.1024690057059,0.007051366838849415,-2.7613169342630313,-151.250832357982,-168.54233226613047
2001.2555883795415,0.007028834433006512,-2.7602389577142583,-151.39298255662717,-168.59924324981156
2001.408707753377,0.007006187298116671,-2.7591644386343357,-151.5350714363243,-168.65630717905603
2001.9349012065543,0.006927511919647746,-2.755498472931984,-152.0228916018068,-168.85356517174404
2002.4610946597313,0.006847581134684164,-2.751874235992046,-152.5099895282397,-169.05260001209064
2002.614214033567,0.006824097062131212,-2.7508275360870624,-152.651596915237,-169.11084850644065
2002.7673334074025,0.0068005152081251595,-2.7497844380465533,-152.7931433742294,-169.16924492619492
2003.2935268605797,0.006718757630404706,-2.7462275153892484,-153.27910281925375,-169.37104350257027
2003.8197203137568,0.006635945817631216,-2.7427138903998762,-153.76434584125082,-169.574558822615
2003.9728396875923,0.006611661140256466,-2.7416996574713197,-153.90541468489153,-169.63409973814865
2004.125959061428,0.006587295600578356,-2.7406891477240376,-154.04642319108822,-169.69378343106732
2004.6521525146052,0.0065029734454470235,-2.7372451032138705,-154.53053877583517,-169.8999662783326
2005.1783459677822,0.006417794404035155,-2.7338456539136646,-155.0139460476263,-170.10780444529718
2005.331465341618,0.0063928576068366825,-2.7328648743063537,-155.1544823451856,-170.16859168468187
2005.4845847154536,0.006367856382545652,-2.7318879165171945,-155.29495908423232,-170.22951645732527
2006.0107781686308,0.006281474245816274,-2.7285598898498296,-155.77725348355577,-170.4399241485661
2006.5369716218079,0.006194426524793004,-2.7252774920103295,-156.25884983252138,-170.65192478218023
2006.6900909956435,0.006168981577639372,-2.724330953439744,-156.39886120466278,-170.71391151640566
2006.843210369479,0.006143488157965818,-2.723388313323702,-156.53881397298278,-170.77603047387402
2007.3694038226563,0.00605553554394125,-2.7201787690488195,-157.01931529897476,-170.9905013995204
2007.8955972758333,0.005967102391752224,-2.717015631291642,-157.49913083364038,-171.2065022842761
2008.048716649669,0.005941288613302359,-2.716103928854068,-157.6386264077427,-171.2696412144838
2008.2018360235045,0.00591544163675902,-2.715196180252412,-157.77806449472916,-171.33290702061774
2008.7280294766817,0.005826389239227375,-2.712106929577701,-158.25680588351275,-171.55127827021303
2009.2542229298588,0.005737031089105275,-2.7090646181340636,-158.73487556851765,-171.77111621695184
2009.4073423036943,0.0057109802775016285,-2.708188162353122,-158.87386585298484,-171.83535982118127
2009.56046167753,0.005684910507439524,-2.707315695707211,-159.01279991450258,-171.8997249433991
2010.0866551307072,0.00559519917478933,-2.7043479294435744,-159.48981908604028,-172.12183313163374
2010.6128485838842,0.005505343468985569,-2.7014274066799553,-159.9661822950837,-172.34534477795108
2010.7659679577198,0.005479177450154416,-2.7005864357007203,-160.10467904827178,-172.41064553889055
2010.9190873315554,0.005453005609860982,-2.6997494705802203,-160.243120975219,-172.47606247355097
2011.4452807847326,0.005363042132655808,-2.696903804054391,-160.71845977956357,-172.70174449573875
2011.9714742379097,0.0052730838972680485,-2.6941054743421846,-161.19315983935365,-172.92876703194915
2012.1245936117455,0.005246915551519554,-2.6933000670974305,-161.3311759365978,-172.99507764262447
2012.277712985581,0.005220753594896182,-2.6924986652187455,-161.46913872182657,-173.06149911828362
2012.8039064387583,0.005130915762788234,-2.6897751811937036,-161.9428426811526,-173.29059283075324
2013.3300998919353,0.005041221551405229,-2.6870989314616196,-162.415926412712,-173.5209646533521
2013.483219265771,0.005015155341931813,-2.6863290191115703,-162.55347571276283,-173.58823820243057
2013.6363386396065,0.004989106682554355,-2.68556309573401,-162.6909733175073,-173.65561736298488
2014.1625320927837,0.00489974148982353,-2.682961383916437,-163.16309116723295,-173.88796219627164
2014.6887255459608,0.004810644631319523,-2.6804066248803617,-163.63460842814877,-174.1215234956944
2014.8418449197964,0.004784774861426607,-2.679672003357132,-163.7717056403532,-174.18971363367254
2014.994964293632,0.004758932586693916,-2.6789413400676514,-163.9087528616554,-174.25800420229928
2015.5211577468092,0.004670350483411449,-2.676460543175093,-164.37933609725738,-174.49344170696355
2016.0473511999862,0.004582147341791433,-2.674026257901776,-164.8493393332569,-174.73003498556807
2016.2004705738218,0.004556557708167039,-2.6733266023584537,-164.98599988815735,-174.79909607015486
2016.3535899476574,0.004531004430833983,-2.6726308615659686,-165.12261222999044,-174.86825249230182
2016.8797834008346,0.004443481524827038,-2.6702697246467695,-165.59171466846973,-175.10662681200202
2017.4059768540117,0.004356436584840142,-2.667954515956417,-166.0602584818291,-175.3460973297377
2017.5590962278472,0.004331201951520447,-2.667289393983161,-166.19649840691542,-175.41598455057485
2017.7122156016828,0.0043060115582742075,-2.666628131892673,-166.332691956531,-175.48596211653086
2018.23840905486,0.004219794263510348,-2.6643850450485003,-166.80036931597354,-175.7271203935391
2018.7646025080371,0.004134141606730103,-2.6621871766259764,-167.26751005220535,-175.96931654997218
2018.9177218818727,0.0041093276388062695,-2.661556060149918,-167.40334585301366,-176.03998603554462
2019.0708412557083,0.0040845646382101685,-2.6609287387377285,-167.5391371627009,-176.1107409854099
2019.5970347088855,0.003999865385310007,-2.658801779569984,-168.00544666119384,-176.35453370661247
2020.1232281620626,0.0039158025776488085,-2.6567192211479433,-168.4712420170142,-176.59930736336946
2020.2763475358984,0.0038914638738786794,-2.6561215002328873,-168.6066905649196,-176.67071627027082
2020.429466909734,0.0038671815681103464,-2.655527501303078,-168.7420965407029,-176.74220588110512
2020.9556603629112,0.0037841736597296473,-2.6535144851945747,-169.20709652123696,-176.98848716086047
2021.4818538160882,0.0037018591671943903,-2.6515449648685823,-169.67160518168654,-177.23569389824652
2021.6349731899238,0.0036780391386563487,-2.6509799631271105,-169.80668361074675,-177.30780048083443
2021.7880925637594,0.003654279742242074,-2.650418603736449,-169.94172141034642,-177.37998313407033
2022.3142860169366,0.0035730993214703037,-2.6485171362438216,-170.40547099885254,-177.62861092888
2022.8404794701137,0.003492655075177675,-2.6466581916720333,-170.86875230892164,-177.87811023487083
2022.9935988439493,0.003469386461749492,-2.6461251808952615,-171.0034779228965,-177.95087389556076
2023.1467182177848,0.0034461814055608375,-2.6455957279409845,-171.13816486391855,-178.02370912520482
2023.672911670962,0.0033669261306159097,-2.643803255051715,-171.60072366271814,-178.27454538370733
2024.1991051241391,0.003288432584485869,-2.642052285360891,-172.06283733526894,-178.5262007793198
2024.3522244979747,0.0032657353475071364,-2.641550501205575,-172.19722752545837,-178.59958210037036
2024.5053438718103,0.003243102979570449,-2.641052187432773,-172.33158100457794,-178.67303062258216
2025.0315373249875,0.0031658230398763235,-2.639366053599541,-172.79300882533855,-178.92594136991113
2025.5577307781646,0.0030893098926522366,-2.6377203822240474,-173.25401469179286,-179.17962046527217
2025.7108501520001,0.0030671887196955724,-2.6372490434230675,-173.38808686804146,-179.25358121950518
2025.8639695258357,0.0030451319499801544,-2.6367810869901627,-173.52212429367196,-179.32760494071832
2026.390162979013,0.0029698238410658553,-2.635198604740441,-173.98248093925451,-179.58246028591049
2026.91635643219,0.002895266698770073,-2.6336555515477404,-174.44243875266932,-179.83803475520935
2027.0694758060258,0.0028737105734669972,-2.6332138811528463,-174.5762102901878,-179.91253789249353
2027.2225951798614,0.002852216591098865,-2.6327755069475938,-174.70994903117793,-179.9870998930964
2027.7487886330387,0.002778822461728137,-2.631294030259455,-175.16929413378574,-180.24377395164527
2028.2749820862157,0.0027061410881140478,-2.629850985557984,-175.6282634297174,-180.50111942253358
2028.4281014600513,0.0026851222762503393,-2.629438232677174,-175.7617516329233,-180.57612903136263
2028.5812208338868,0.00266416128955326,-2.6290286942376127,-175.8952089843854,-180.65119352442537
2029.107414287064,0.002592562506332813,-2.6276456958390373,-176.35360190350863,-180.90956425453444
2029.6336077402411,0.002521611956977088,-2.626300201703238,-176.81164192273062,-181.16856010916285
2029.7867271140767,0.00250108312618982,-2.6259156661055245,-176.94486400759172,-181.24404135190503
2029.9398464879123,0.002480605446080017,-2.6255342706434783,-177.07805717549667,-181.3195736152322
2030.4660399410895,0.0024106128638936167,-2.6242474314601005,-177.5355569626837,-181.5795225591578
2030.9922333942666,0.0023411754312638693,-2.622997275857207,-177.99272664445868,-181.84005163503832
2031.1453527681022,0.0023210678508585004,-2.622640336115481,-178.12569974208873,-181.91597065300198
2031.2984721419377,0.002301002354315491,-2.6222864729102286,-178.25864584940035,-181.99193693059973
2031.824665595115,0.0022323534987303668,-2.621093780867382,-178.71531128908336,-182.25334884808476
2032.350859048292,0.0021641389142262853,-2.619937097147611,-179.1716693428207,-182.5152970280757
2032.5039784221276,0.002144362931737302,-2.6196072394910734,-179.30441052616845,-182.59162081401067
2032.6570977959632,0.0021246176115737067,-2.619280408682034,-179.43712664214905,-182.66798818493382
2033.1832912491404,0.002056978266534571,-2.6181802569943464,-179.89301637226973,-182.93075057481778
2033.7094847023175,0.0019896239822328084,-2.617115621688647,-180.34862142895525,-183.19400626608652
2033.862604076153,0.001970068702560793,-2.6168124684675975,-180.4811477626456,-183.27070250459948
2034.0157234499886,0.001950530217444503,-2.616512309575719,-180.61365095531025,-183.3474387197625
2034.5419169031659,0.00188349199544907,-2.6155035955603734,-181.06882366757605,-183.6114412316217
2035.068110356343,0.0018165604688144584,-2.614530128547352,-181.52373451126886,-183.87589473414727
2035.2212297301787,0.001797093113938714,-2.6142534676570217,-181.6560631248847,-183.95293160975433
2035.3743491040143,0.0017776262842382421,-2.6139797890735665,-181.78837053695545,-184.03000489628033
2035.9005425571916,0.0017107065908715617,-2.613062015804694,-182.24288525839063,-184.29513862956006
2036.4267360103686,0.001643688648140053,-2.612179481089444,-182.69716113934734,-184.5606813913895
2036.5798553842042,0.0016241563188630276,-2.6119292948750683,-182.82930932443233,-184.63802736361515
2036.7329747580397,0.001604606220068887,-2.61168210247745,-182.96143827293398,-184.7154061963338
2037.259168211217,0.001537257902167607,-2.6108554740762204,-183.4153547276403,-184.9815628880512
2037.785361664394,0.0014695849443233718,-2.610064369330657,-183.8690557529852,-185.2480866530399
2037.9384810382296,0.0014498184189005925,-2.6098408593701476,-184.00104108191232,-185.32571020127253
2038.0916004120652,0.001430014204567431,-2.6096203807367107,-184.13300917927558,-185.40336304450676
2038.6177938652424,0.0013616382929842773,-2.6088858811945492,-184.5863882209818,-185.67043415948567
2039.1439873184195,0.0012926943404926868,-2.6081875100591194,-185.03957581108264,-185.9378300249561
2039.297106692255,0.0012725114322205662,-2.6079911170301675,-185.17141627404214,-186.01569936851783
2039.4502260660906,0.0012522696995420671,-2.607797820782464,-185.30324156688656,-186.0935943936952
2039.976419519268,0.0011822272706569423,-2.6071572765276634,-185.7561456689407,-186.3614701362192
2040.502612972445,0.0011113622305745547,-2.606553804566698,-186.20888306599406,-186.62962753898074
2040.6557323462805,0.0010905720904312132,-2.6063852231815487,-186.34059722217108,-186.70771033764967
2040.808851720116,0.0010697014166837393,-2.60621983323049,-186.4722983437908,-186.7858151220012
2041.3350451732933,0.0009973315266148376,-2.6056759563234304,-186.9247921323812,-187.05438338747769
2041.8612386264704,0.0009238828106282862,-2.6051704438142975,-187.3771449453819,-187.32318903886863
2042.0143580003062,0.000902292919602378,-2.60503063012852,-187.50875208327503,-187.4014520804962
2042.1674773741418,0.0008806011053990676,-2.604894131906935,-187.64034841454767,-187.4797332938167
2042.693670827319,0.0008052470679678642,-2.6044505326170095,-188.09249922486856,-187.74887858759706
2043.219864280496,0.0007285668113308903,-2.6040469330521803,-188.54453598738897,-188.018215389567
2043.3729836543316,0.0007059908509903984,-2.6039371013139903,-188.6760562867945,-188.09662427501362
2043.5261030281672,0.0006832927394820883,-2.6038307374352248,-188.80756811781208,-188.17504736503318
2044.0522964813445,0.0006043283608869074,-2.6034919003549297,-189.2594465453203,-188.4446497265401
2044.5784899345215,0.0005238090324334307,-2.603195022915901,-189.71123925694386,-188.71439570846167
2044.731609308357,0.0005000742876862561,-2.603116632131311,-189.84269394403813,-188.7929145454242
2044.8847286821926,0.0004761992029063886,-2.6030418878058303,-189.97414262787842,-188.8714434333354
2045.41092213537,0.00039305491668761757,-2.6028131129966967,-190.4258230453001,-189.14137740456815
2045.937115588547,0.0003081570009829525,-2.602628549540815,-190.87744766743185,-189.41140471925743
2046.0902349623825,0.00028311282987915527,-2.602583279450834,-191.00885915441208,-189.4899958361395
2046.243354336218,0.00025791323585658927,-2.6025418571532555,-191.14026724446188,-189.56859263348608
2046.7695477893953,0.0001701075566344458,-2.602429162577095,-191.59182825439686,-189.83872631126485
2047.2957412425724,8.039291989457414e-05,-2.6023631730149646,-192.04336512885578,-190.108900331736
2047.448860616408,5.392068752685577e-05,-2.6023528873934043,-192.17475712858806,-190.18752402421063
2047.6019799902435,2.7282131210613247e-05,-2.6023466686569274,-192.30614848970984,-190.26614878403564
2048.1281734434206,-6.55448119622409e-05,-2.6023566473292057,-192.75767327818173,-190.53634300243175
2048.654366896598,-0.0001603812163667751,-2.6024159996139304,-193.2092074325364,-190.80652156818843
2048.8074862704334,-0.00018835941350413775,-2.6024426966190823,-193.34060503757985,-190.88513589292023
2048.960605644269,-0.0002165097822306724,-2.602473691070945,-193.47200492049532,-190.96374640965777
2049.4867990974462,-0.0003145685524199294,-2.602613326345495,-193.92358147545534,-191.23385410169743
2050.012992550623,-0.0004146728864974006,-2.6028050976841053,-194.37520278065247,-191.50388696152322
2050.166111924459,-0.00044418696448274454,-2.6028708495120068,-194.50663249705912,-191.58244759011802
2050.3192312982947,-0.0004738732152773677,-2.6029411334119055,-194.63806756653625,-191.6609992610391
2050.845424751472,-0.0005772005953228103,-2.60321757945319,-195.08978873050893,-191.93086504165652
2051.3716182046487,-0.000682535701341623,-2.6035489239115175,-195.54159188203712,-192.20059353239955
2051.5247375784843,-0.0007135604361184923,-2.6036558067561097,-195.67308160988446,-192.27905367673765
2051.67785695232,-0.0007447507285273984,-2.603767451878565,-195.80457991880803,-192.35749943600652
2052.204050405497,-0.0008531856748810551,-2.604187780900303,-196.25654324911477,-192.62695944399553
2052.730243858674,-0.0009635092489858989,-2.604665664572685,-196.70862754614024,-192.8962164428998
2052.88336323251,-0.0009959586265622625,-2.6048156794622344,-196.84020649954272,-192.97452686277876
2053.0364826063455,-0.0010285599674722888,-2.604970673118334,-196.97179740174363,-193.05281719897584
2053.562676059523,-0.0011417293766646085,-2.605541595170321,-197.4241048151008,-193.32169923431624
2054.0888695126996,-0.0012565856986750837,-2.6061725100457633,-197.87657371752064,-193.59030941803016
2054.2419888865356,-0.001290311648130546,-2.6063674989174976,-198.0082722790966,-193.6684185198094
2054.395108260371,-0.0013241690568402888,-2.606567659857462,-198.13998627634552,-193.7465015850857
2054.9213017135485,-0.0014414879222817583,-2.607295233553243,-198.59274346586577,-194.0146255648304
2055.4474951667253,-0.0015602116465727013,-2.6080849092817155,-199.04570392343675,-194.28240599047243
2055.600614540561,-0.0015950056278487587,-2.608326471576806,-199.17755343271926,-194.36026001968014
2055.7537339143964,-0.0016299039152599607,-2.608573366835365,-199.30942195585988,-194.43808183291063
2056.2799273675737,-0.0017505821989079046,-2.6094627157865165,-199.76273758386347,-194.70526056962504
2056.8061208207505,-0.0018723067844021847,-2.6104158401390527,-200.2162991454177,-194.97202157685814
2056.9592401945865,-0.0019079026063776095,-2.610705252331867,-200.34833162425863,-195.04956490376756
2057.112359568422,-0.0019435694804364467,-2.6110001172402755,-200.4803867518298,-195.12706964643206
2057.6385530215994,-0.002066626122350591,-2.6120551592877064,-200.93437143187577,-195.39310994340417
2058.164746474776,-0.0021903050899816593,-2.6131751166663393,-201.38864515143905,-195.6586563687471
2058.3178658486117,-0.002226386847851778,-2.613513258462214,-201.52089297202158,-195.73583186365866
2058.4709852224473,-0.0022625016527611863,-2.6138569241299616,-201.6531670924051,-195.8129622647047
2058.9971786756246,-0.002386800996689712,-2.6150801337540264,-202.10793218524393,-196.07766631005907
2059.5233721288014,-0.0025112527695708006,-2.616368788982657,-202.56302935721098,-196.3417989854078
2059.6764915026374,-0.0025474691937819164,-2.616756085053446,-202.69552486367988,-196.41854847311652
2059.829610876473,-0.0025836776764884346,-2.6171489222877207,-202.82805029251995,-196.49524627120297
2060.3558043296503,-0.0027079823908996345,-2.618541155757415,-203.28370656222452,-196.7584132822881
2060.881997782827,-0.0028319443930803876,-2.619998707387564,-203.7397373397408,-197.020930757178
2061.035117156663,-0.0028679244009666063,-2.6204350900621387,-203.87251244045507,-197.09719553113413
2061.1882365304987,-0.002903854140771662,-2.6208769744220155,-204.00532101077968,-197.17340199412743
2061.714429983676,-0.0030268763929300023,-2.6224373672146064,-204.4619772032034,-197.4348300396391
2062.2406234368527,-0.0031490547829517695,-2.6240622714935102,-204.91904916354233,-197.69553045230748
2062.3937428106883,-0.003184421947999107,-2.6245471635109263,-205.05213491247693,-197.7712518267384
2062.546862184524,-0.0032196970396267594,-2.625037460326934,-205.18525755600228,-197.8469083067897
2063.073055637701,-0.0033401523702373654,-2.6267633933293806,-205.64301896217495,-198.10639623345196
2063.599249090878,-0.0034592828087416567,-2.6285523605634156,-206.10123568123484,-198.3650792576148
2063.752368464714,-0.003493674638965097,-2.62908468020048,-206.23466186668492,-198.4401991359996
2063.9054878385496,-0.003527935558308616,-2.6296222526829514,-206.36812820461716,-198.5152476381954
2064.431681291727,-0.0036446152504564363,-2.6315094043349956,-206.8270952742744,-198.77259702136416
2064.9578747449036,-0.003759538638715244,-2.6334574899993606,-207.28655497969072,-199.02906579836633
2065.110994118739,-0.003792628688799419,-2.6340356851567095,-207.42034974146216,-199.10352722978422
2065.264113492575,-0.003825554235427451,-2.634618931785968,-207.55418770631323,-199.1779109650454
2065.790306945752,-0.003937397686994669,-2.636661431806196,-208.01445478771313,-199.432927976273
2066.316500398929,-0.00404712524511987,-2.6387622264337782,-208.47524916763714,-199.68699091999812
2066.469619772765,-0.0040786401961198865,-2.6393843361346043,-208.60943866483743,-199.76073861025753
2066.6227391466005,-0.004109963734767211,-2.6400112547085297,-208.74367417504934,-199.83440249954683
2067.1489325997777,-0.004216107502869525,-2.64220192157755,-209.20532845205506,-200.08689958152922
2067.6751260529545,-0.004319861707511977,-2.6444478119161148,-209.66754168252862,-200.3383719554598
2067.82824542679,-0.004349592203852723,-2.645111546136401,-209.80214982838552,-200.41135270604772
2067.9813648006257,-0.004379112238086614,-2.645779815274378,-209.93680653136147,-200.48424380994905
2068.507558253803,-0.0044789258060000435,-2.648110448495411,-210.3999272047851,-200.73404107797796
2069.0337517069797,-0.004576175883958719,-2.6504929285166003,-210.86363523397597,-200.98274627369773
2069.1868710808158,-0.004603986924889436,-2.6511957621880122,-210.99868350746328,-201.0549093293927
2069.3399904546513,-0.004631577357956748,-2.651902836896529,-211.13378260030206,-201.1269771843069
2069.8661839078286,-0.004724696962106492,-2.6543645572915384,-211.59844034276452,-201.37390349112758
2070.3923773610054,-0.004815188293307867,-2.656874585122602,-212.063710457678,-201.61967394629335
2070.5454967348414,-0.0048410265444095955,-2.657613864788486,-212.1992177988172,-201.6909712334374
2070.698616108677,-0.004866643322579095,-2.6583570841467496,-212.33477793326875,-201.76216807657607
2071.2248095618543,-0.004952988405524973,-2.660940710477698,-212.80103463695278,-202.006061681397
2071.751003015031,-0.005036748120424284,-2.6635690908241347,-213.26792532572392,-202.2487393841497
2071.9041223888667,-0.0050606413198960665,-2.664342146192721,-213.40390811690008,-202.3191256259093
2072.0572417627022,-0.005084320912474051,-2.6651188447577763,-213.53994539013482,-202.389406496386
2072.5834352158795,-0.005164082281960636,-2.667815273274173,-214.0078542064054,-202.63011530349328
2073.1096286690563,-0.005241399306769152,-2.670553028601925,-214.4764153047,-202.86955186419448
2073.2627480428923,-0.005263449336228418,-2.671357278374547,-214.61288743261727,-202.9389845704003
2073.415867416728,-0.00528530141815356,-2.6721648909494604,-214.74941545759583,-203.00830728533188
2073.942060869905,-0.00535891387039072,-2.6749654464006727,-215.21902110108906,-203.24568865829758
2074.468254323082,-0.005430308468542848,-2.6778041527321728,-215.68929418748786,-203.48174496722456
2074.6213736969175,-0.0054506819810779625,-2.6786371992272753,-215.82626717440328,-203.55018430613018
2074.774493070753,-0.005470879781035866,-2.6794733540288904,-215.9632972180636,-203.61850931980396
2075.3006865239304,-0.005538986741371472,-2.6823700981653533,-216.4346364922314,-203.85242950340867
2075.826879977107,-0.00560517134620975,-2.68530217397302,-216.90665548634263,-204.0849750126357
2075.979999350943,-0.0056240875758360965,-2.686161883222102,-217.04413867663166,-204.1523835767242
2076.133118724779,-0.005642855331201533,-2.6870244800877554,-217.18167985171596,-204.2196737354665
2076.659312177956,-0.005706262825603696,-2.690010465123204,-217.65478234539754,-204.45000693270842
2077.185505631133,-0.005768092222268935,-2.6930293995747374,-218.12857425559972,-204.6789186162136
2077.338625004969,-0.005785807912476416,-2.6939139627177786,-218.26657504169762,-204.7452610991312
2077.4917443788045,-0.005803405635037206,-2.694801232203042,-218.40463453605173,-204.8114813095596
2078.0179378319817,-0.005863029457101364,-2.6978706859219876,-218.8795234339477,-205.03810847928457
2078.5441312851585,-0.005921448355498734,-2.700971196294282,-219.3551091959606,-205.26326954316482
2078.697250658994,-0.005938242795614994,-2.701879170215109,-219.49363326639246,-205.32851234969658
2078.8503700328297,-0.005954951442421708,-2.702789711958954,-219.6322165924415,-205.3936291825976
2079.376563486007,-0.006011767392839554,-2.705938152518925,-220.10890954052357,-205.61643663576464
2079.9027569391837,-0.006067762206326053,-2.7091162732216003,-220.58630488943223,-205.83773505746709
2080.05587631302,-0.006083923428511862,-2.710046601727246,-220.72535648269871,-205.90184586939145
2080.2089956868554,-0.00610003117237899,-2.7109794035174,-220.8644677310834,-205.9658271219845
2080.7351891400326,-0.006155028123957368,-2.714203689009668,-221.34297770376693,-206.1847049938472
2081.2613825932094,-0.006209580206772143,-2.7174567964942837,-221.82219402909942,-206.4020319665242
2081.414501967045,-0.00622539137146353,-2.7184088129460005,-221.96177617924994,-206.46497928632664
2081.5676213408806,-0.0062411800243205185,-2.71936325128605,-222.10141826266442,-206.52779352485675
2082.093814794058,-0.006295313824416218,-2.7226615658042315,-222.5817543851706,-206.7426341985846
2082.6200082472346,-0.006349355863277131,-2.725988341031536,-223.06279952463356,-206.95588255630076
2082.7731276210707,-0.006365083341977589,-2.7269617531776658,-223.2029142860191,-207.01763525082293
2082.9262469949063,-0.006380816886051436,-2.7279375763491176,-223.34308916096032,-207.07925135549928
2083.4524404480835,-0.006434975170488269,-2.7313093592401865,-223.82525744655447,-207.28994791194947
2083.9786339012603,-0.006489362594553291,-2.734709700151845,-224.30813638199942,-207.4990106068204
2084.1317532750963,-0.00650524889837926,-2.7357045620036877,-224.44878502350772,-207.55953747044367
2084.284872648932,-0.0065211668662240796,-2.7367018608751095,-224.5894938806888,-207.61992420171586
2084.811066102109,-0.006576149359901551,-2.7401476994540355,-225.07349785487995,-207.8263689549038
2085.337259555286,-0.006631643770176984,-2.743622604144753,-225.5582132884849,-208.03113763661793
2085.4903789291216,-0.006647903015753773,-2.744639280424033,-225.69939645194168,-208.09040698690734
2085.643498302957,-0.006664216020664906,-2.7456584521863827,-225.84063987047588,-208.14953258534544
2086.1696917561344,-0.0067207186516563735,-2.7491799518179163,-226.32648106823737,-208.35161574127312
2086.695885209311,-0.0067779708098031155,-2.752731379962104,-226.8130338682861,-208.55197947197243
2086.8490045831472,-0.006794783499484426,-2.7537705040662193,-226.954751688345,-208.60995878692475
2087.002123956983,-0.006811667995391662,-2.754812209421145,-227.09652975116427,-208.66779061574152
2087.52831741016,-0.006870265615812869,-2.758411840220662,-227.5842080789653,-208.86539908610206
2088.054510863337,-0.006929801605804845,-2.7620425515863762,-228.07259758773137,-209.06124322298564
2088.2076302371725,-0.006947311681425922,-2.7631049773187644,-228.21484977119385,-209.11789882948426
2088.360749611008,-0.006964907567400587,-2.7641700918147905,-228.35716213975905,-209.17440306923712
2088.8869430641853,-0.007026050462640552,-2.767851019668001,-228.84667609707515,-209.36741947120532
2089.413136517362,-0.007088274473551594,-2.7715644049503867,-229.3369002986381,-209.55862474280445
2089.566255891198,-0.00710659110330697,-2.7726511577325277,-229.47968616336772,-209.61392156231113
2089.7193752650337,-0.007125003779609889,-2.773740723231353,-229.62253211221264,-209.66906296305132
2090.245568718211,-0.007189025922120106,-2.7775066458445172,-230.11387887753077,-209.85736481656957
2090.7717621713878,-0.007254228139823377,-2.7813065669638464,-230.6059344347085,-210.0438065949803
2090.924881545224,-0.00727342753292166,-2.782418798133446,-230.74925291145965,-210.0977079456486
2091.0780009190594,-0.007292729448608582,-2.7835339773512446,-230.89263132608156,-210.1514496352682
2091.6041943722366,-0.007359850677193822,-2.787388969124133,-231.38580672029033,-210.3349087515947
2092.1303878254134,-0.007428205542282012,-2.7912796042137953,-231.8796888935625,-210.5164565146211
2092.283507199249,-0.007448329882304226,-2.792418545642774,-232.02353849422641,-210.56892396870705
2092.4366265730846,-0.007468559421581451,-2.793560576638034,-232.1674478356972,-210.62122731670763
2092.962820026262,-0.007538882959030723,-2.7975089310319636,-232.66244617304764,-210.79970937945157
2093.4890134794387,-0.0076104510017455,-2.801494616636162,-233.1581486301141,-210.97622636850102
2093.6421328532747,-0.007631510211199722,-2.8026615351049324,-233.30252738472876,-211.0272196673716
2093.7952522271103,-0.007652673956363196,-2.8038316859626686,-233.44696562339792,-211.0780442063679
2094.3214456802875,-0.007726197975169764,-2.807877763370152,-233.94377945914272,-211.25140855106744
2094.8476391334643,-0.007800941081632827,-2.811962849372952,-234.44129398669253,-211.4227516250542
2095.0007585073,-0.007822917551900621,-2.8131590059608973,-234.58619935323148,-211.47222865024182
2095.1538778811355,-0.00784499497356528,-2.8143585348527695,-234.7311638757943,-211.52153205296617
2095.6800713343127,-0.007921627011684373,-2.8185066306602575,-235.22978366716805,-211.68963163210367
2096.2062647874895,-0.007999418156384074,-2.822695354701652,-235.72909980336405,-211.85565129879814
2096.3593841613256,-0.008022268315769132,-2.823921969082793,-235.87452855580815,-211.9035680932269
2096.512503535161,-0.008045212798153303,-2.8251520887753436,-236.02001605120697,-211.95130619921184
2097.0386969883384,-0.008124768955439487,-2.829406311445566,-236.52042974944814,-212.11398771518918
2097.564890441515,-0.008205387797454531,-2.8337026756337833,-237.02153435233964,-212.27452832915463
2097.718009815351,-0.008229040736324602,-2.834960889671662,-237.16748245083852,-212.32083916713148
2097.8711291891864,-0.008252778426652094,-2.8362227309736405,-237.31348877856257,-212.36696605837494
2098.3973226423636,-0.008334983069181878,-2.840586875749375,-237.81568136250252,-212.5240702675463
2098.9235160955404,-0.008418122164669507,-2.844994521921341,-238.31855812370208,-212.6789704022503
2099.0766354693765,-0.008442482823635558,-2.846285364154139,-238.46502056959898,-212.72362791051532
2099.229754843212,-0.00846691623375619,-2.8475799408946285,-238.61154061328435,-212.76809603814772
2099.7559482963893,-0.008551416893158055,-2.8520573744379516,-239.11549357628735,-212.91945822820182
2100.282141749566,-0.0086366973652862,-2.8565794768412136,-239.62012249479585,-213.06855121596615
2100.435261123402,-0.008661650650557675,-2.857903832821661,-239.76709317548463,-213.11150654207194
2100.5883804972377,-0.008686662432066573,-2.8592320127459527,-239.91412068697815,-213.1542668996874
2101.114573950415,-0.008773038167315205,-2.863825576679899,-240.41981149607628,-213.29971752170232
2101.640767403592,-0.008860010055211495,-2.8684647478060543,-240.926168331268,-213.44283214164946
2101.7938867774274,-0.008885419271818823,-2.8698233325251503,-241.07363986015704,-213.48403516455286
2101.947006151263,-0.008910870085308503,-2.871185809483544,-241.22116729914435,-213.52503750361288
2102.47319960444,-0.008998621414119225,-2.8758977213445527,-241.72856884178051,-213.66440294970124
2102.999393057617,-0.009086754215354109,-2.880655907744432,-242.2366245577304,-213.80136426569382
2103.152512431453,-0.009112459343793223,-2.8820492343954043,-242.38458811226,-213.84076385135646
2103.3056318052886,-0.009138186782727311,-2.883446496934132,-242.5326064842377,-213.87995694216207
2103.831825258466,-0.009226738329018483,-2.888278242379912,-243.041686511616,-214.01306048408998
2104.3580187116427,-0.00931543207013557,-2.89315662048061,-243.55140672275036,-214.14369084701974
2104.5111380854783,-0.009341254305620258,-2.8945849714559464,-243.6998518838985,-214.1812351518264
2104.664257459314,-0.00936707771341122,-2.8960172744651445,-243.84835058020903,-214.2185670920262
2105.190450912491,-0.009455795433711412,-2.900969515958524,-244.3590711627573,-214.34522997887169
2105.716644365668,-0.009544394945485533,-2.905968409035228,-244.8704155998277,-214.46935017937784
2105.869763739504,-0.00957013954759244,-2.9074318130999726,-245.0193301991528,-214.50498699535126
2106.0228831133395,-0.009595862194094229,-2.9088991553498422,-245.16829684523861,-214.54040555949913
2106.5490765665168,-0.00968405358154023,-2.913971655862247,-245.68061386136836,-214.66044825096046
2107.0752700196936,-0.009771839423885417,-2.919090455407761,-246.19353587745582,-214.77787880343197
2107.2283893935296,-0.009797291706986651,-2.920588663679701,-246.3429058568466,-214.81155594158653
2107.381508767365,-0.009822696585397922,-2.9220907632545643,-246.4923261736355,-214.8450089690666
2107.9077022205424,-0.009909598359399672,-2.927282296913027,-247.00618884621858,-214.95825250500138
2108.4338956737192,-0.009995782897453382,-2.932519369013606,-247.52063497451778,-215.06881507530818
2108.587015047555,-0.010020709618565951,-2.934051827549878,-247.6704442617839,-215.10048079236935
2108.7401344213904,-0.010045561892597716,-2.935588094739406,-247.82030194334683,-215.13191661906455
2109.2663278745677,-0.01013035667120454,-2.940896358569752,-248.33565243597374,-215.23818414044683
2109.7925213277445,-0.010214109240914853,-2.9462489666557135,-248.85156201472887,-215.34170312068107
2109.9456407015805,-0.0102382667090156,-2.947814796682316,-249.00179242037703,-215.37130658661064
2110.098760075416,-0.010262321817278984,-2.9493843153465207,-249.15206903354724,-215.40067451624068
2110.6249535285933,-0.010344163044527156,-2.9548058744969286,-249.66884212864983,-215.4997929111432
2111.15114698177,-0.01042462599308924,-2.9602701353447007,-250.18614701746742,-215.5960971017763
2111.3042663556057,-0.010447762248895223,-2.9618681218071456,-250.3367781597807,-215.62358889522653
2111.4573857294413,-0.010470767025370377,-2.963469638216734,-250.48745307275775,-215.65083969743438
2111.9835791826185,-0.010548774241794776,-2.9689998865523357,-251.00557595391163,-215.74264133194242
2112.5097726357953,-0.010625052045220679,-2.974570726771619,-251.52420035998415,-215.8315657038028
2112.6628920096314,-0.010646903879696823,-2.9761993044369923,-251.67520962290686,-215.85689833091203
2112.816011383467,-0.010668594280828137,-2.977831213081337,-251.82625996701313,-215.881984762874
2113.342204836644,-0.010741855478820134,-2.983464323606493,-252.34565211743435,-215.96630929627335
2113.868398289821,-0.010813035040821407,-2.9891354360227864,-252.865512542212,-216.04769683803968
2114.021517663657,-0.010833337684625563,-2.9907926792612205,-253.0168750692223,-216.07082527557947
2114.1746370374926,-0.010853449682082541,-2.992453014138401,-253.16827573716293,-216.09370262709032
2114.70083049067,-0.01092106635517728,-2.9981819240192094,-253.6888489683201,-216.1703988967077
2115.2270239438467,-0.010986265931961095,-3.003945777420596,-254.20985429217419,-216.2441025073485
2115.3801433176823,-0.011004766531877447,-3.0056294079781596,-254.36154302191264,-216.26498475287477
2115.533262691518,-0.011023048888850633,-3.0073158522554304,-254.5132667084498,-216.2856113956761
2116.059456144695,-0.01108416935201072,-3.0131323090077937,-255.034925339348,-216.35453929317623
2116.585649597872,-0.011142553197015974,-3.0189802069524463,-255.55697706279133,-216.42042363461263
2116.738768971708,-0.011159011141885925,-3.0206876120245743,-255.708962811025,-216.439021240038
2116.8918883455435,-0.011175224462672297,-3.0223975162017336,-255.86098010021163,-216.4573591588916
2117.418081798721,-0.01122903514053707,-3.0282921366836626,-256.3836212972199,-216.51839143621766
2117.9442752518976,-0.0112798100067701,-3.0342142732798902,-256.90661394219194,-216.576334710044
2118.097394625733,-0.0112939994531353,-3.035942521533246,-257.0588655300208,-216.59261329323098
2118.2505139995687,-0.011307920814559839,-3.0376729201127026,-257.21114502854397,-216.60862859480812
2118.776707452746,-0.011353682299389862,-3.04363525772127,-257.7346593027188,-216.6616525916692
2119.302900905923,-0.011396159591986125,-3.0496208106633342,-258.258480970796,-216.71154822234922
2119.456020279759,-0.011407891491921479,-3.0513666861317863,-258.4109653985871,-216.72547794647224
2119.6091396535944,-0.011419337219452782,-3.05311433471959,-258.56347391489055,-216.7391413329034
2120.1353331067717,-0.011456463174492766,-3.05913303480428,-259.0877457774357,-216.78406055198764
2120.6615265599485,-0.011490125393193074,-3.0651703590257595,-259.6122788663617,-216.82581866495312
2120.8146459337845,-0.011499261963164583,-3.066930423704754,-259.7649615335855,-216.8373746473048
2120.96776530762,-0.011508099703456051,-3.0686918636113876,-259.9176643026537,-216.84866181486052
2121.4939587607973,-0.011536172461404233,-3.0747548934358266,-260.44257307435566,-216.8853972088641
2122.020152213974,-0.011560659057345251,-3.0808317514542227,-260.967695141255,-216.91894578773122
2122.1732715878097,-0.011567106022965266,-3.082602410156825,-261.1205401071212,-216.92810841186235
2122.3263909616453,-0.011573247097702681,-3.084374032418993,-261.2734010551172,-216.93700035226132
2122.8525844148226,-0.011592008822090953,-3.0904688940185236,-261.798821804435,-216.96549128057455
2123.3787778679994,-0.011607153706824327,-3.096572676335921,-262.32440654475965,-216.99077699796936
2123.5318972418354,-0.011610883555125132,-3.0983502457433314,-262.47737682009324,-216.99753213108903
2123.685016615671,-0.01161431095728234,-3.100128363992129,-262.63035885920874,-217.00401533658132
2124.2112100688482,-0.011623794347774144,-3.106242386727267,-263.1561634371002,-217.02422016862565
2124.737403522025,-0.011629781748208685,-3.112360479776853,-263.6820817493201,-217.04120880147414
2124.8905228958606,-0.011630878490327705,-3.114141311568613,-263.8351396113209,-217.045547874169
2125.043642269696,-0.011631689114412225,-3.115922291098629,-263.98820495641655,-217.04961439696993
2125.5698357228734,-0.011632326196294961,-3.1220431199014733,-264.51426309692977,-217.06151054360242
2126.0960291760503,-0.011629712900441957,-3.128163428768889,-265.04038419516814,-217.07018672251687
2126.2491485498863,-0.011628356606035976,-3.129944061675284,-265.19349151208036,-217.07210660017216
2126.402267923722,-0.011626735761653333,-3.131724468366072,-265.34660200523956,-217.07375390038385
2126.928461376899,-0.011619183803338462,-3.1378405257665785,-265.87278243593187,-217.07733711287017
2127.454654830076,-0.011608620258755751,-3.1439518170375695,-266.3989749446896,-217.07770339265969
2127.6077742039115,-0.01160499169019454,-3.1457290463086767,-266.5520934898922,-217.07720607107328
2127.760893577747,-0.011601115189805474,-3.147505702111873,-266.7052109122411,-217.07643670162687
2128.2870870309243,-0.011585926079473684,-3.1536062623158903,-267.23138240510116,-217.0717199388455
2128.813280484101,-0.011567873836701952,-3.1596980768287155,-267.7575153762124,-217.0637956533664
2128.966399857937,-0.011562088581352915,-3.1614689021711144,-267.9106071173953,-217.06088793545462
2129.1195192317728,-0.011556064515646216,-3.163238824077844,-268.06369347541505,-217.05770922544536
2129.64571268495,-0.011533551129406133,-3.169313748420754,-268.5897258090598,-217.044721642231
2130.171906138127,-0.011508254390217628,-3.1753760940761646,-269.1156696535535,-217.02854202891893
2130.325025511963,-0.011500374755878638,-3.1771376301912246,-269.2686970188057,-217.02323529884438
2130.4781448857984,-0.011492263798018583,-3.1788979430703512,-269.4217148083387,-217.0176591390427
2131.0043383389757,-0.011462639005132901,-3.184937419408744,-269.9474796613173,-216.99644543777222
2131.5305317921525,-0.01143035621512415,-3.1909606080647235,-270.47310702300564,-216.97206108773926
2131.683651165988,-0.011420473259182036,-3.192710062488905,-270.6260331516782,-216.96437116209572
2131.8367705398236,-0.011410375021731558,-3.1944579890128244,-270.7789456071384,-216.95641385725492
2132.362963993001,-0.011374061239860475,-3.2004526050097817,-271.30431740195945,-216.92703376138968
2132.8891574461777,-0.011335343793756022,-3.2064274805362634,-271.8295039780484,-216.89451000192656
2133.0422768200137,-0.011323643113483285,-3.2081622467465296,-271.9822929543536,-216.88445692135357
2133.1953961938493,-0.011311753195354667,-3.2098952093797877,-272.1350642795454,-216.8741389667122
2133.7215896470266,-0.011269495440877606,-3.2158363522145708,-272.65992095196594,-216.83666631273107
2134.2477831002034,-0.01122517982027672,-3.221754717877758,-273.18454621890936,-216.7960820719981
2134.400902474039,-0.011211917991398873,-3.223472495729949,-273.33716327378283,-216.78368972618864
2134.5540218478745,-0.01119849759635861,-3.225188233545148,-273.48975883931087,-216.77103541437356
2135.080215301052,-0.011151217444135938,-3.231068444437471,-274.0139824802245,-216.72555666800665
2135.6064087542286,-0.011102249129960733,-3.2369233326733426,-274.5379302766418,-216.67700282038092
2135.7595281280646,-0.011087703293618774,-3.2386221887175712,-274.69034194583855,-216.66229844105973
2135.9126475019,-0.011073030543505212,-3.240318810638402,-274.8427284420417,-216.64733534581507
2136.4388409550775,-0.011021690530263435,-3.2461319166556586,-275.3662057832643,-216.5939477751905
2136.9650344082543,-0.010969045418459316,-3.2519176645268995,-275.88936473436775,-216.53752525630475
2137.1181537820903,-0.010953502602637518,-3.253596047683717,-276.04153897049116,-216.520538862219
2137.271273155926,-0.010937865908635694,-3.2552720466346527,-276.19368451431103,-216.50329728062897
2137.797466609103,-0.010883467501287072,-3.261013208048886,-276.71630725635333,-216.4421070224889
2138.32366006228,-0.010828156328100389,-3.266725505231602,-277.23857104025245,-216.37792486975388
2138.4767794361155,-0.01081191112353985,-3.2683822613615234,-277.39047727864323,-216.35868869176704
2138.629898809951,-0.01079560458582466,-3.27003652806801,-277.5423514742989,-216.33920106734283
2139.1560922631284,-0.010739150206686324,-3.275702275377296,-278.06401645500273,-216.27032113039851
2139.682285716305,-0.0106821527081846,-3.2813381738689467,-278.5852839110114,-216.19849447625
2139.835405090141,-0.010665484090893807,-3.2829725413636743,-278.73689309020347,-216.17704237368946
2139.988524463977,-0.010648783596121321,-3.2846043565599925,-278.88846704486116,-216.15534271401117
2140.514717917154,-0.010591193997743543,-3.2901925346548206,-279.40907625783854,-216.07889099542504
2141.040911370331,-0.010533387359786869,-3.2957503523776057,-279.9292513536363,-215.9995391280569
2141.1940307441664,-0.010516542171961775,-3.297361927325892,-280.0805358968407,-215.97590603585712
2141.347150118002,-0.010499691011409377,-3.2989709246177035,-280.231782198281,-215.95202936546127
2141.8733435711792,-0.010441776372215423,-3.3044805530680765,-280.75124268872855,-215.86812682069345
2142.399537024356,-0.010383931704722786,-3.3099597256237847,-281.2702343766287,-215.7813714350804
2142.552656398192,-0.010367127191971257,-3.311548418985817,-281.4211681430371,-215.75559287078758
2142.7057757720277,-0.010350339212994279,-3.313134542299889,-281.57206080798284,-215.72957474513177
2143.231969225205,-0.010292807773777614,-3.318565673036716,-282.090284473431,-215.63834377010065
2143.7581626783817,-0.010235587897859093,-3.3239666130781567,-282.6080064599457,-215.54430743086436
2143.9112820522178,-0.010219007627747533,-3.325532609261968,-282.7585646722689,-215.51641906240485
2144.0644014260533,-0.01020246193970329,-3.327096070690597,-282.90907907167144,-215.4882951426654
2144.5905948792306,-0.010145892837358358,-3.3324496345524737,-283.4259823893343,-215.38985816743042
2145.1167883324074,-0.010089817958537549,-3.3377735621516327,-283.94235284160385,-215.2886629939671
2145.269907706243,-0.010073601752842712,-3.339317266071781,-284.0925119974105,-215.2587002754086
2145.4230270800786,-0.010057433052708545,-3.3408584915563817,-284.2426247665736,-215.2285059729341
2145.949220533256,-0.010002250130876888,-3.346136101360198,-284.75812847710745,-215.12298430977916
2146.4754139864326,-0.009947687015841844,-3.351384837340956,-285.2730696988831,-215.0147509362927
2146.6285333602686,-0.009931931520238746,-3.352906813610182,-285.4228074755404,-214.98274882693033
2146.7816527341042,-0.009916232178589066,-3.3544263822961695,-285.5724964188599,-214.95051903195588
2147.3078461872815,-0.00986272199434314,-3.359630129732031,-286.08652519883975,-214.83803201645802
2147.8340396404583,-0.009809911074971539,-3.3648059044335605,-286.59996330458074,-214.72287884163072
2147.987159014294,-0.009794677909904735,-3.3663068246299908,-286.7492584650739,-214.68887160710318
2148.1402783881294,-0.00977950572963292,-3.367805417254029,-286.8985024622151,-214.65464049823447
2148.6664718413067,-0.009727837884778254,-3.372937703354937,-287.4109846051036,-214.53530489562092
2149.1926652944835,-0.009676903195759097,-3.37804299506504,-287.9228492078261,-214.41334758007193
2149.3457846683195,-0.009662219786044278,-3.379523591428539,-288.07168151152314,-214.37736866257936
2149.498904042155,-0.009647598309483212,-3.381001944152033,-288.220460429028,-214.34116958442578
2150.0250974953324,-0.009597823730910561,-3.386065320005561,-288.7313275487634,-214.21509922513863
2150.551290948509,-0.009548771786543701,-3.391102694924401,-289.241551477131,-214.0864504137285
2150.7044103223448,-0.009534632066119821,-3.3925637136914326,-289.3899016003905,-214.04853236749264
2150.8575296961803,-0.009520551915947776,-3.3940225716511887,-289.53819621370246,-214.01039777336388
2151.3837231493576,-0.009472615107424151,-3.3990195818713715,-290.0473829885033,-213.87770341123877
2151.9099166025344,-0.009425359064893618,-3.4039915471640447,-290.55590204978574,-213.74247267239923
2152.0630359763704,-0.00941173275871696,-3.405433708505458,-290.7037515207519,-213.7026471604607
2152.216155350206,-0.009398161601449843,-3.406873787159611,-290.85154345068645,-213.66260861520928
2152.7423488033833,-0.009351937406609596,-3.4118068496937006,-291.3589874175659,-213.52339798015092
2153.26854225656,-0.009306332105294917,-3.416715752187945,-291.86574021146254,-213.38169191726314
2153.421661630396,-0.009293173543711506,-3.418139724148865,-292.01307135940823,-213.3399897534586
2153.5747810042317,-0.00928006418092005,-3.419561684466993,-292.16034302304126,-213.29807797940992
2154.100974457409,-0.00923537910833962,-3.424433013290546,-292.6659844205854,-213.15245596232683
2154.6271679105857,-0.009191234457284226,-3.4292809713045833,-293.1709121997336,-213.00437843675974
2154.7802872844213,-0.009178485375509454,-3.430687351083032,-293.31770811776914,-212.96082965705483
2154.933406658257,-0.009165778335532783,-3.432091781303366,-293.4644426926433,-212.917074608148
2155.459600111434,-0.009122419418606592,-3.4369033264477418,-293.96822434952105,-212.76514353614263
2155.985793564611,-0.009079512501457554,-3.4416921753335528,-294.47127092578194,-212.61079597163598
2156.138912938447,-0.009067106794665646,-3.44308147471484,-294.6175154469113,-212.56542992772825
2156.2920323122826,-0.009054735681647672,-3.4444688765602547,-294.76369684854535,-212.51986088514408
2156.81822576546,-0.00901247458346201,-3.4492222843635973,-295.26556411714586,-212.3617208640907
2157.3444192186366,-0.008970580103207159,-3.453953551109725,-295.766675810779,-212.2012026052015
2157.497538592472,-0.008958453402143051,-3.4553261922503253,-295.91235349576795,-212.1540480707266
2157.650657966308,-0.008946354450039704,-3.456696978116596,-296.05796636659414,-212.10669374954057
2158.176851419485,-0.008904977575890786,-3.4613935924039034,-296.5578670922931,-211.94244303078457
2158.703044872662,-0.008863891103574351,-3.466068510854689,-297.0569927106548,-211.7758517044004
2158.856164246498,-0.008851985752692653,-3.467424832829942,-297.20208884325586,-211.72693697812872
2159.0092836203335,-0.008840102129501058,-3.468779333043268,-297.34711854841345,-211.67782562945558
2159.5354770735107,-0.008799420447048008,-3.4734202238470786,-297.84500305878464,-211.50756095108824
2160.0616705266875,-0.008758963275165094,-3.4780397672839105,-298.34209389030815,-211.33499279114181
2160.2147899005236,-0.008747229325686915,-3.479380035919248,-298.48659447623356,-211.28434578808242
2160.367909274359,-0.00873551211005096,-3.480718508773734,-298.6310271028306,-211.23350528863924
2160.8941027275364,-0.008695366055939728,-3.485304508117072,-299.1268482070406,-211.0573221712884
2161.420296180713,-0.00865539431867071,-3.489869428731754,-299.62185802264156,-210.87887229462717
2161.573415554549,-0.008643793314262892,-3.491193849100466,-299.76574979016556,-210.82652062231028
2161.7265349283844,-0.008632205719790438,-3.4925164939481834,-299.9095721478741,-210.77397854873294
2162.2527283815616,-0.00859248272175786,-3.4970482466762394,-300.40328513803007,-210.59197153477584
2162.7789218347384,-0.00855290607501863,-3.5015591359273337,-300.8961701894575,-210.40773415184373
2162.9320412085744,-0.008541416048075064,-3.5028678717904076,-301.03944058801324,-210.35370516561622
2163.08516058241,-0.008529937989903518,-3.5041748491702185,-301.18264020713735,-210.29948884687286
2163.6113540355873,-0.008490583309780975,-3.5086528864935476,-301.6742028466936,-210.11175165696508
2164.137547488764,-0.008451368094334942,-3.5131102523345414,-302.1649218459428,-209.921820190628
2164.2906668625997,-0.008439983012614395,-3.5144034487261258,-302.3075590381952,-209.86614102093165
2164.4437862364352,-0.008428610095216914,-3.51569490285772,-302.4501241608498,-209.8102775624005
2164.9699796896125,-0.008389620512652133,-3.520119717669736,-302.93949664711477,-209.61690315396564
2165.4961731427893,-0.008350781625849629,-3.5245240560662228,-303.42801071757765,-209.42137026211392
2165.6492925166253,-0.008339509172293657,-3.5258018592541287,-303.5700035630306,-209.36406781463805
2165.802411890461,-0.008328250629283364,-3.5270779377041133,-303.7119231257614,-209.3065840954686
2166.328605343638,-0.008289670080955002,-3.531450050287285,-304.1990680226076,-209.10766463320618
2166.854798796815,-0.008251271026371604,-3.535801909788914,-304.6853406195707,-208.9066221482939
2167.007918170651,-0.008240133479191279,-3.537064486184534,-304.82667864904596,-208.84772308069094
2167.1610375444866,-0.008229013279561022,-3.538325358896082,-304.96794225617913,-208.78864572792244
2167.687230997664,-0.008190937040524779,-3.5426453839494667,-305.4528243934032,-208.5842724747953
2168.2134244508406,-0.00815309174114886,-3.546945434294614,-305.93682118851405,-208.37781126341093
2168.3665438246762,-0.008142125501292147,-3.548192990534001,-306.0774945675715,-208.31734193847075
2168.519663198512,-0.008131181369493255,-3.549438869775551,-306.2180924532831,-208.25669727758003
2169.045856651689,-0.008093748295262564,-3.553707582831009,-306.700678785677,-208.04696040499104
2169.572050104866,-0.00805660777814052,-3.55795667581869,-307.18236750992014,-207.83517014955524
2169.725169478702,-0.008045858684414053,-3.559189475015052,-307.32236699019757,-207.77315656676643
2169.8782888525375,-0.008035137220913207,-3.560420630940562,-307.4622899685823,-207.71097055124218
2170.4044823057147,-0.007998512397919657,-3.5646390158404726,-307.94254939499666,-207.49595888334972
2170.9306757588915,-0.007962248584515361,-3.568838223978738,-308.42189964432384,-207.2789278087138
2171.083795132727,-0.007951767794074012,-3.5700565953964816,-308.56121650465013,-207.21539552202714
2171.2369145065627,-0.007941320659565465,-3.5712733651215753,-308.7004559098394,-207.1516936500797
2171.76310795974,-0.007905685424838885,-3.575442641490213,-309.17835906024357,-206.93149437090705
2172.2893014129168,-0.007870484822640059,-3.579593281182028,-309.6553420720783,-206.70930894283876
2172.442420786753,-0.007860327443150007,-3.5807976264559027,-309.79396805155426,-206.64428297162738
2172.5955401605884,-0.00785021001285459,-3.5820004200376,-309.9325156699653,-206.57909019661207
2173.1217336137656,-0.007815756075380901,-3.5861220621473944,-310.4080346663511,-206.35378853850256
2173.6479270669424,-0.0077818103966510324,-3.590225708542063,-310.88262307138376,-206.1265331479388
2173.8010464407785,-0.007772031805518156,-3.591416504980341,-311.02055029555913,-206.06003788462056
2173.954165814614,-0.007762299129898265,-3.592605808129189,-311.1583982914306,-205.99337852260305
2174.4803592677913,-0.0077292120511472506,-3.5966815488293227,-311.63150648747245,-205.76305744919682
2175.006552720968,-0.007696699244337991,-3.6007400304142974,-312.10367404411335,-205.53081409960555
2175.1596720948037,-0.007687349416679264,-3.6019178274863703,-312.2408949470508,-205.46287322013112
2175.3127914686393,-0.007678050591105194,-3.6030941972240726,-312.3780357843291,-205.39477086125513
2175.8389849218165,-0.007646491740371507,-3.607126006596289,-312.8487074964688,-205.15951077134025
2176.3651783749933,-0.007615561213643542,-3.6111413752178447,-313.31842882298776,-204.92235879867522
2176.5182977488294,-0.007606681270739945,-3.6123067844551042,-313.454936069852,-204.85299518463225
2176.671417122665,-0.007597856341296931,-3.6134708385071157,-313.5913624350986,-204.78347261694262
2177.197610575842,-0.007567954962547071,-3.6174608845065848,-314.0595726807089,-204.54335109678777
2177.723804029019,-0.0075387220216093145,-3.6214353724601125,-314.52682299923,-204.30136694479836
2177.8769234028546,-0.007530342717374362,-3.622589054481493,-314.6626094130834,-204.2306026225521
2178.03004277669,-0.00752202107813372,-3.623741458040066,-314.7983141429049,-204.15968177321182
2178.5562362298674,-0.007493867189558875,-3.627692058836787,-315.2640383961375,-203.91477341073957
2179.082429683044,-0.007466403237270949,-3.6316280267616348,-315.72879329787395,-203.66803047158913
2179.2355490568802,-0.007458541555554914,-3.632770675072289,-315.8638517933644,-203.59588657112977
2179.388668430716,-0.007450738406948183,-3.6339121240772707,-315.9988278091073,-203.52358846774777
2179.914861883893,-0.007424369899540017,-3.6378256861932976,-316.46204178486244,-203.27396473943847
2180.44105533707,-0.007398689817160297,-3.641725554495724,-316.9242770288947,-203.02253327339028
2180.5941747109055,-0.007391345618572524,-3.6428578742916358,-317.0586005568221,-202.94903001151542
2180.747294084741,-0.007384058815604214,-3.6439890737576937,-317.19284081064234,-202.87537476837514
2181.2734875379183,-0.007359452980640443,-3.647868014357383,-317.65352029153746,-202.62110401611184
2181.799680991095,-0.0073355106048604455,-3.651734182081742,-318.113211652126,-202.36505116667493
2181.952800364931,-0.007328666108014645,-3.652856866297575,-318.24679315907474,-202.29020785875198
2182.1059197387667,-0.007321875926216083,-3.653978506289833,-318.38029059543913,-202.2152146918615
2182.632113191944,-0.007298950235722905,-3.657825170803202,-318.83841131414863,-201.95636219974108
2183.158306645121,-0.007276640057074994,-3.6616599339074725,-319.2955344862724,-201.69575210873805
2183.311426018957,-0.007270260216506604,-3.662773639626995,-319.42836689157946,-201.61958720925895
2183.4645453927924,-0.007263929632588972,-3.6638863717084433,-319.56111442626616,-201.54327448004935
2183.9907388459696,-0.007242541621596919,-3.6677029529635368,-320.01665200909133,-201.2799026482715
2184.5169322991464,-0.007221697431178971,-3.671508423064679,-320.4711825770796,-201.014796666218
2184.670051672982,-0.007215729394310735,-3.6726137477101566,-320.60325876854154,-200.9373278368244
2184.8231710468176,-0.007209803555969055,-3.67371816106547,-320.7352492865736,-200.85971312324048
2185.349364499995,-0.007189749471476523,-3.6775066166305157,-321.1881792636994,-200.59188173580566
2185.8755579531717,-0.007170144669999503,-3.6812846380724804,-321.6400927390219,-200.3223387255408
2186.0286773270077,-0.007164518353668159,-3.6823820953457362,-321.7714055891847,-200.24358293006998
2186.1817967008433,-0.007158925393429471,-3.6834786928341074,-321.9026319635153,-200.16468312456834
2186.7079901540205,-0.0071399452071786735,-3.6872406641597966,-322.35292985171446,-199.89244970830597
2187.2341836071973,-0.007121300788978151,-3.6909927365752124,-322.8022017841792,-199.618526436913
2187.387302981033,-0.007115931674106306,-3.692082734790065,-322.93274418801985,-199.53850006132404
2187.5404223548685,-0.007110585630940979,-3.6931719117001522,-323.0631993195698,-199.45833149330966
2188.0666158080458,-0.007092373404208648,-3.6969086546617027,-323.51084077754246,-199.1817517568347
2188.5928092612226,-0.0070743679866705185,-3.700635868879598,-323.9574469374587,-198.9035033605892
2188.7459286350586,-0.007069159816301319,-3.7017186932939117,-324.08721187030415,-198.8222223527277
2188.899048008894,-0.007063963252332886,-3.7028007200792388,-324.21688874805494,-198.740800930215
2189.4252414620714,-0.007046175483600717,-3.706513048519043,-324.6618497992507,-198.45992926431865
2189.9514349152482,-0.0070284532420592915,-3.710216034391381,-325.1057664249413,-198.17740976832988
2190.1045542890843,-0.007023300362884681,-3.7112918327983926,-325.2347470190218,-198.09488979242204
2190.25767366292,-0.007018146763205127,-3.7123668410444743,-325.36363879856947,-198.01223115790566
2190.783867116097,-0.007000411445807532,-3.7160550814706315,-325.80589611615693,-197.72712118096578
2191.310060569274,-0.0069825928919480685,-3.7197339677896406,-326.2471002213013,-197.44038405767284
2191.4631799431095,-0.00697738380129393,-3.720802739964287,-326.3752898592198,-197.35664065892092
2191.616299316945,-0.006972161293224326,-3.7218707123867714,-326.5033899579807,-197.27276035475523
2192.1424927701223,-0.006954091992862511,-3.725534674276577,-326.94292120476103,-196.9834654859898
2192.668686223299,-0.006935789243952211,-3.729189066799276,-327.38139093645356,-196.69256423325436
2192.821805597135,-0.006930411103516945,-3.7302506596436866,-327.50878335848915,-196.60761300644185
2192.9749249709707,-0.006925006938726449,-3.731311425910583,-327.636085564296,-196.52252664344783
2193.501118424148,-0.006906217522080301,-3.7349503924677783,-328.0728697749732,-196.2291006810368
2194.027311877325,-0.006887047784986418,-3.7385793720958773,-328.508584808365,-195.93408939567817
2194.1804312511604,-0.006881390073230761,-3.739633480410039,-328.63517422931477,-195.847946150719
2194.333550624996,-0.006875694199383941,-3.7406867184691506,-328.76167281807,-195.76166957300373
2194.859744078173,-0.006855810599254026,-3.744299455204703,-329.19569080904887,-195.46416725389582
2195.38593753135,-0.006835407679215407,-3.7479015926886716,-329.62863276407114,-195.16510117924506
2195.539056905186,-0.00682936559209611,-3.748947764580057,-329.7544139955218,-195.0777820978344
2195.6921762790216,-0.0068232740962733745,-3.7499930065990785,-329.8801038538233,-194.99033153811652
2196.218369732199,-0.006801946796843486,-3.753577785893158,-330.31133864661757,-194.68880906081378
2196.7445631853757,-0.0067799746079121835,-3.757151173233583,-330.74149151263043,-194.38574509030278
2196.8976825592117,-0.006773453185755164,-3.7581888206168315,-330.86646008641077,-194.29726686844586
2197.0508019330473,-0.006766872468590357,-3.759225464108921,-330.99133683482614,-194.20865908864013
2197.5769953862246,-0.006743790869769487,-3.762780108393576,-331.4197740773964,-193.90317458041054
2198.1031888394014,-0.006719957008653293,-3.7663224093742924,-331.8471246288417,-193.59617169792637
2198.256308213237,-0.006712874783291597,-3.7673508239970857,-331.97127691650684,-193.50655166861745
2198.4094275870725,-0.006705725047237671,-3.768378148386092,-332.0953370282814,-193.41680407995113
2198.9356210402498,-0.006680628055554493,-3.771900090839636,-332.52096539613024,-193.1074179891584
2199.4618144934266,-0.006654692484694749,-3.775408606793022,-332.945503581294,-192.7965376283389
2199.6149338672626,-0.00664698369585644,-3.7764269801819195,-333.0688369046116,-192.7057938596545
2199.768053241098,-0.006639201065847754,-3.777444167089503,-333.1920778148808,-192.6149246178064
2200.2942466942754,-0.006611883872889224,-3.7809305236804254,-333.6148893759603,-192.3017000178567
2200.8204401474522,-0.00658366541919285,-3.7844022690244996,-334.0366086643305,-191.98700632965253
2200.973559521288,-0.006575281948692265,-3.7854097151008483,-334.1591213927933,-191.89515769563457
2201.1266788951234,-0.006566820430389747,-3.7864158712607923,-334.2815415944035,-191.8031857684347
2201.6528723483007,-0.006537141647461084,-3.7898635218997265,-334.70153212484024,-191.48618856580757
2202.1790658014775,-0.006506525317853487,-3.7932953090919206,-335.1204298002606,-191.16774858758657
2202.3321851753135,-0.0064974387684316745,-3.794290889620701,-335.2421214318595,-191.07481480999067
2202.485304549149,-0.0064882722415376135,-3.7952850726276277,-335.363720554011,-190.98176001577244
2203.0114980023263,-0.0064561595731191775,-3.798690751794261,-335.7808897913624,-190.6610590555006
2203.537691455503,-0.006423099831410092,-3.8020792843131233,-336.1969671777014,-190.33894277550115
2203.690810829339,-0.006413301922322259,-3.803062036221532,-336.31783839917773,-190.24494443479767
2203.8439302031748,-0.006403424309811372,-3.8040432818935352,-336.43861726519833,-190.15082744993762
2204.370123656352,-0.006368873452235349,-3.807403672467999,-336.8529690876607,-189.82649451519103
2204.896317109529,-0.00633339117477014,-3.810745637553878,-337.26623169767953,-189.50077483218536
2205.0494364833644,-0.006322892615666457,-3.811714599566821,-337.3862844220707,-189.40573334848577
2205.2025558572,-0.006312316694836091,-3.8126819484182035,-337.50624508436096,-189.31057568510099
2205.728749310377,-0.006275387180736952,-3.81599377120604,-337.9177876109488,-188.98268539643016
2206.254942763554,-0.006237565913109359,-3.8192859273078907,-338.3282452155546,-188.65343798276842
2206.40806213739,-0.006226395489926685,-3.8202401650352793,-338.4474825965231,-188.5573755693895
2206.5611815112256,-0.0062151520447819835,-3.8211926872241704,-338.5666283482534,-188.46119952599398
2207.087374964403,-0.0061759648247319944,-3.824452785878753,-338.9753739588289,-188.1298291500086
2207.6135684175797,-0.0061359482343785,-3.8276920462700814,-339.38304057566756,-187.7971322274794
2207.7666877914153,-0.006124151875698121,-3.8286306762834665,-339.50146699823955,-187.70007181972116
2207.919807165251,-0.00611228860912021,-3.8295674955223116,-339.61980236141443,-187.60290040736461
2208.446000618428,-0.006071020647182752,-3.832772917116336,-340.02576763519147,-187.26812958317112
2208.972194071605,-0.006029004450757183,-3.835956426920916,-340.4306614358749,-186.93206362040124
2209.125313445441,-0.0060166423611871895,-3.836878638300128,-340.5482824836537,-186.83402878232695
2209.2784328192765,-0.0060042208590631845,-3.8377989529600334,-340.6658131737845,-186.73588562917863
2209.804626272454,-0.005961093628439851,-3.8409470166711883,-341.0690187489131,-186.39779602460888
2210.3308197256306,-0.0059173133249470124,-3.8440722152945983,-341.4711618904175,-186.0584433709988
2210.483939099466,-0.005904456440909999,-3.84497728656267,-341.58798429146515,-185.95945818515673
2210.6370584733017,-0.005891548677604871,-3.845880386083323,-341.7047171612559,-185.86036742466635
2211.163251926479,-0.005846817066528873,-3.8489687356693434,-342.1051875251829,-185.5190423411131
2211.689445379656,-0.0058015385104912415,-3.852033403875033,-342.5046059164355,-185.17648681682
2211.842564753492,-0.005788266117211686,-3.852920715808796,-342.6206374711097,-185.07657576250293
2211.9956841273274,-0.005774952190446566,-3.8538059931436384,-342.73658043643593,-184.97656191064866
2212.5218775805047,-0.005728897256753338,-3.8568326372689956,-343.13434365777283,-184.6320858541996
2213.0480710336815,-0.0056824091904205945,-3.859834933633975,-343.5310666711129,-184.28641231175072
2213.2011904075175,-0.00566880650856246,-3.860703979128561,-343.64631616444075,-184.18560013589644
2213.354309781353,-0.005655172082747304,-3.861570940220495,-343.7614781151411,-184.084687961484
2213.8805032345304,-0.005608090910530165,-3.8645342817298536,-344.15656552548785,-183.7371461932713
2214.406696687707,-0.005560693083992369,-3.8674727661239046,-344.5506256620123,-183.38844006368825
2214.5598160615427,-0.00554684755529677,-3.8683231558056317,-344.66510276349726,-183.28675164836204
2214.7129354353783,-0.00553298009938474,-3.8691714246420847,-344.7794934620263,-183.18496604043452
2215.2391288885556,-0.0054851728244424336,-3.8720702734566474,-345.1719392996987,-182.83444412139835
2215.7653223417324,-0.005437163785294902,-3.8749439133126167,-345.5633718224546,-182.48279096160837
2215.9184417155684,-0.005423161819912716,-3.8757753761766707,-345.67708697770564,-182.38025119317817
2216.071561089404,-0.005409147510237013,-3.8766046949476096,-345.79071695012146,-182.277617030677
2216.5977545425812,-0.005360908272787555,-3.879438265338637,-346.1805579814318,-181.92420037820082
2217.123947995758,-0.005312578513451184,-3.882246428742716,-346.56940053164243,-181.5696854358989
2217.2770673695936,-0.005298503855850866,-3.8830588095223533,-346.6823648499914,-181.46631908018037
2217.430186743429,-0.005284426033875589,-3.883869035733819,-346.7952452733054,-181.36286110792352
2217.9563801966065,-0.005236037817760901,-3.8866369347026386,-347.18252040384124,-181.00663457634212
2218.4825736497833,-0.005187664031491543,-3.8893793759053694,-347.5688126106947,-180.6493423816258
2218.6356930236193,-0.005173595829413146,-3.8901726302727724,-347.6810377515534,-180.54517396727886
2218.788812397455,-0.005159532965756836,-3.8909637316413352,-347.79318034011646,-180.44091668041503
2219.315005850632,-0.005111259772091328,-3.8936659387769,-348.177930225055,-180.0819641724188
2219.841199303809,-0.005063096345687371,-3.896342773753398,-348.5617133185942,-179.72197816343188
2219.994318677645,-0.005049106660205422,-3.8971169603492464,-348.67321137955736,-179.61703187590737
2220.1474380514805,-0.0050351299084260455,-3.897889006468279,-348.78462827358874,-179.51199941522634
2220.673631504658,-0.004987209060980528,-3.9005258425432783,-349.16689493856927,-179.15040353304974
2221.1998249578346,-0.00493948207260448,-3.9031375139857634,-349.5482113779471,-178.78780572498633
2221.35294433167,-0.0049256345602047445,-3.903892783683117,-349.65899478824286,-178.68210531371392
2221.5060637055058,-0.004911806628417445,-3.9046459350974536,-349.76969844805734,-178.57632137442963
2222.032257158683,-0.004864446429788322,-3.9072180235797216,-350.14952493208614,-178.2121631188004
2222.55845061186,-0.004817352953955413,-3.909765261609421,-350.52841805888283,-177.84703382208477
2222.711569985696,-0.004803702837365586,-3.910501846055376,-350.6384994805423,-177.74060252207607
2222.8646893595314,-0.004790077969032822,-3.9112363427873578,-350.74850258865644,-177.63409027703818
2223.3908828127087,-0.004743457235432541,-3.913744570333324,-351.1259326149748,-177.26744879546322
2223.9170762658855,-0.004697163966505241,-3.9162283525093677,-351.50244633575534,-176.89986638279277
2224.070195639721,-0.004683757407954462,-3.9169465523280644,-351.61183857351074,-176.7927268503577
2224.2233150135567,-0.0046703806948616726,-3.917662701983511,-351.72115394560205,-176.68550888735638
2224.749508466734,-0.0046246460362940256,-3.9201081766356767,-352.0962316240533,-176.31646127082837
2225.2757019199107,-0.004579286624264179,-3.9225296847360536,-352.470410126335,-175.94650199288967
2225.4288212937468,-0.004566160075529919,-3.9232298566903028,-352.5791260476463,-175.8386762556143
2225.5819406675823,-0.00455306689354301,-3.923928021537227,-352.68776655381544,-175.73077452898283
2226.1081341207596,-0.004508331804027839,-3.926312027848792,-353.06053611999926,-175.35939565814647
2226.6343275739364,-0.004464007759114806,-3.9286726029936125,-353.43242362673305,-174.98713350888585
2226.7874469477724,-0.004451188606862652,-3.929355147062703,-353.5404760932684,-174.87864292997128
2226.940566321608,-0.004438405403767775,-3.9300357312116767,-353.64845459082346,-174.7700787264818
2227.4667597747853,-0.004394753832029405,-3.9323596873580446,-354.01896018502146,-174.396441166061
2227.992953227962,-0.004351538617088454,-3.9346607891371845,-354.38860074851465,-174.02194779433694
2228.1460726017976,-0.004339046318525187,-3.9353261370413364,-354.4960025589327,-173.91281304997844
2228.299191975633,-0.004326591688349545,-3.935989575130644,-354.6033318363856,-173.80360696756628
2228.8253854288105,-0.004284081005566928,-3.9382549951247006,-354.97161732019265,-173.42778090315412
2229.3515788819873,-0.004242021991808258,-3.9404981651084245,-355.3390546526215,-173.0511255643224
2229.5046982558233,-0.004229868474315244,-3.9411467698575064,-355.44581849582204,-172.94136663229708
2229.657817629659,-0.004217753523726224,-3.9417935166679414,-355.5525112272979,-172.83153856983677
2230.184011082836,-0.0041764156971778816,-3.944001975036095,-355.91862003576847,-172.45359178165583
2230.710204536013,-0.004135535716647368,-3.946188802168336,-356.28389737492625,-172.07484132474696
2230.8633239098485,-0.0041237259967369,-3.9468211281548253,-356.3900357935265,-171.96447748313452
2231.016443283684,-0.004111955051967525,-3.947451648807975,-356.49610450337,-171.85404664023497
2231.5426367368614,-0.00407180001475808,-3.949604747936644,-356.86007953195457,-171.47404451043963
2232.068830190038,-0.004032102009250802,-3.951736837991163,-357.22323954096316,-171.09326339713698
2232.221949563874,-0.004020635752282869,-3.952353352594876,-357.32876490442237,-170.98231323189907
2232.37506893771,-0.004009207964780666,-3.9529681143910707,-357.43422194131637,-170.87129811735343
2232.901262390887,-0.003970229099946518,-3.955067458399207,-357.7961054641688,-170.48930366528415
2233.427455844064,-0.0039317009502887945,-3.957146410565539,-358.1571901603138,-170.106554013949
2233.5805752179,-0.003920573639570872,-3.957747577800528,-358.2621146460692,-169.9950354332259
2233.7336945917355,-0.003909484050962266,-3.9583470440336077,-358.36697216497413,-169.88345387994372
2234.2598880449127,-0.003871661004522737,-3.960394218557869,-358.72680577875406,-169.4995278179632
2234.7860814980895,-0.0038342773922656476,-3.962421606456406,-359.08585648607067,-169.11486946605854
2234.939200871925,-0.003823480759778664,-3.963007881605666,-359.19019206733316,-169.00279971949342
2235.0923202457607,-0.0038127207163030255,-3.9635925062716186,-359.29446201799226,-168.89066890433455
2235.618513698938,-0.0037760209344106085,-3.965589060753658,-359.65228660770373,-168.50486970974686
2236.1447071521147,-0.0037397454495039693,-3.967566415681877,-360.009343930844,-168.11836029125837
2236.2978265259508,-0.0037292682706855126,-3.968138240645279,-360.11310237045535,-168.00575599349884
2236.4509458997863,-0.003718826298152224,-3.9687084639166454,-360.2167964918858,-167.893092461184
2236.9771393529636,-0.003683208719815155,-3.9706558972539274,-360.57265221660015,-167.50547646132625
2237.5033328061404,-0.003647998125810404,-3.972584695930913,-360.92775603317205,-167.11717149576418
2237.656452179976,-0.0036378274761653243,-3.973142496095411,-361.0309488825073,-167.0040486529796
2237.8095715538116,-0.003627690495698104,-3.973698741372437,-361.1340787023728,-166.89086834284987
2238.335765006989,-0.0035931090734208676,-3.9755984930917876,-361.48800499635155,-166.5014898085767
2238.8619584601656,-0.0035589155838690414,-3.977480150356961,-361.84119446267096,-166.11144279638697
2239.0150778340017,-0.0035490372252187583,-3.9780243326645324,-361.9438330640965,-165.99781683431274
2239.1681972078372,-0.003539190844637769,-3.978567004697659,-362.04640990151415,-165.88413510849415
2239.6943906610145,-0.003505594896116341,-3.9804204486712154,-362.3984454863967,-165.49304635177486
2240.2205841141913,-0.0034723659842260846,-3.9822563112427383,-362.74975905359236,-165.1013088731665
2240.373703488027,-0.0034627642947325397,-3.9827872623411733,-362.8518545458851,-164.98719466608839
2240.5268228618625,-0.003453192755819144,-3.983316745380662,-362.9538895171772,-164.87302633858084
2241.0530163150397,-0.003420527199369724,-3.9851251834701507,-363.30407242430994,-164.48027781328068
2241.5792097682165,-0.003388206691905278,-3.986916523938947,-363.6535478645137,-164.0868996301691
2241.7323291420525,-0.0033788651856485287,-3.987434608564637,-363.7551111911861,-163.97231153078712
2241.885448515888,-0.003369551955966208,-3.987951264823906,-363.8566152185019,-163.85767089739963
2242.4116419690654,-0.0033377597611076726,-3.989715922427151,-364.2049828206972,-163.4633113025748
2242.937835422242,-0.003306290346282339,-3.9914639361079662,-364.55265726169483,-163.06834046217975
2243.090954796078,-0.003297192303288816,-3.9919694964189456,-364.6536991815453,-162.9532923317453
2243.244074169914,-0.003288120632391372,-3.9924736654924824,-364.7546830036032,-162.83819320021325
2243.770267623091,-0.003257143967777287,-3.9941956900310234,-365.1012720533354,-162.44226958330663
2244.296461076268,-0.003226467248081122,-3.995901493765966,-365.44718201863435,-162.0457525208023
2244.4495804501034,-0.003217595540462288,-3.9963948489704335,-365.54771311773663,-161.93025775887168
2244.602699823939,-0.003208748236127665,-3.9968868474381365,-365.64818730197123,-161.81471347856743
2245.1288932771163,-0.003178527457241284,-3.9985673066485474,-365.9930339743519,-161.4172713372164
2245.655086730293,-0.00314858299501557,-4.000231936580963,-366.337215428201,-161.01925297722912
2245.808206104129,-0.003139919901788055,-4.0007133821966665,-366.4372461334142,-160.90332455116737
2245.9613254779647,-0.003131279199687573,-4.001193502863485,-366.5372210896742,-160.78734804259344
2246.487518931142,-0.003101753056128987,-4.002833382169364,-366.88036103101047,-160.38843142595866
2247.0137123843188,-0.0030724795348391113,-4.004457791475894,-367.22284942913393,-159.98895528376872
2247.1668317581543,-0.003064007247584433,-4.004927598809808,-367.32239002325167,-159.8726057581579
2247.31995113199,-0.003055555359409796,-4.0053961102599445,-367.4218760191014,-159.75620954232025
2247.846144585167,-0.0030266629341837814,-4.006996311932745,-367.76334440050795,-159.3558611516504
2248.372338038344,-0.0029979997168914202,-4.008581370904399,-368.10417474500986,-158.95496943294003
2248.52545741218,-0.002989700634005883,-4.009039787220435,-368.2032353829229,-158.83821099840856
2248.6785767860156,-0.0029814199684309577,-4.009496934021826,-368.3022425598812,-158.7214072255524
2249.204770239193,-0.002953100827359581,-4.011058277995795,-368.6420741335709,-158.31966851215407
2249.7309636923696,-0.00292498741921202,-4.0126047747507885,-368.9812810299878,-157.91740220981052
2249.8840830662057,-0.0029168439089196363,-4.013052023406191,-369.0798717554306,-157.80024671099073
2250.0372024400413,-0.002908716824894294,-4.013498026216877,-369.178410145792,-157.68304718847168
2250.5633958932185,-0.002880910266709306,-4.01502125015803,-369.516639303501,-157.27995844889358
2251.0895893463953,-0.0028532860327416523,-4.016529890439213,-369.85425702025117,-156.87635743735336
2251.242708720231,-0.0028452804981945307,-4.016966170809916,-369.95238778330634,-156.75881640019273
2251.3958280940665,-0.0028372894374718606,-4.017401226318298,-370.0504673277301,-156.64123261972023
2251.9220215472437,-0.0028099355467512597,-4.018886985722652,-370.38712816180146,-156.23683308885492
2252.4482150004205,-0.0027827413685396225,-4.020358393708625,-370.72319069201836,-155.8319362162284
2252.6013343742566,-0.002774856782822926,-4.02078388160475,-370.8208713672053,-155.71402087458156
2252.754453748092,-0.0027669847933179345,-4.0212081630199945,-370.9185019328282,-155.5960640386988
2253.2806472012694,-0.0027400258919626835,-4.022657033458366,-371.25362829848206,-155.19039197981385
2253.806840654446,-0.0027132048763738076,-4.02409175457663,-371.58816942212655,-154.784237156289
2253.959960028282,-0.002705424810713064,-4.024506603111799,-371.68540982640957,-154.6659584773129
2254.1130794021174,-0.002697655513441373,-4.0249202610340085,-371.78260122482516,-154.54763952464714
2254.6392728552946,-0.002671035621342937,-4.026332740989434,-372.11622680170143,-154.14073231504605
2255.1654663084714,-0.0026445322233377712,-4.027731244381125,-372.44928014682256,-153.73335659694197
2255.3185856823075,-0.0026368405887949244,-4.028135584594174,-372.54609005740116,-153.61472530527405
2255.471705056143,-0.0026291579355733306,-4.028538747603636,-372.6428520624425,-153.49605493459643
2255.9978985093203,-0.0026028222608113195,-4.029915260263989,-372.9750104157138,-153.0879491474696
2256.524091962497,-0.0025765824342981023,-4.031277940482056,-373.30660951957776,-152.67938881783914
2256.677211336333,-0.002568963679909036,-4.031671881863324,-373.40299869168064,-152.5604154188256
2256.8303307101687,-0.0025613522082128014,-4.03206465707801,-373.4993410572051,-152.44140411216998
2257.356524163346,-0.002535248364875762,-4.033405552657901,-373.83006569857264,-152.03213559517334
2257.8827176165228,-0.002509220865020368,-4.034732732652042,-374.16024406824175,-151.62242624088393
2258.0358369903583,-0.0025016602889785617,-4.035116364142891,-374.2562222526337,-151.50312104269966
2258.188956364194,-0.0024941053791185334,-4.035498838256831,-374.3521547299663,-151.3837790873371
2258.715149817371,-0.002468183694812308,-4.036804397745715,-374.6814791770107,-150.97338303692885
2259.241343270548,-0.0024423195449841833,-4.0380963325511505,-375.01027034777616,-150.562559621208
2259.394462644384,-0.002434802991442887,-4.038469723542788,-375.1058473075892,-150.44293275563695
2259.5475820182196,-0.0024272905241194995,-4.038841963780194,-375.2013796622883,-150.32327026471916
2260.073775471397,-0.0024015026682020608,-4.040112401751593,-375.5293374956528,-149.91178129612715
2260.5999689245737,-0.0023757538293347185,-4.041369280587291,-375.85677508775484,-149.4998782272151
2260.7530882984092,-0.0023682673733780592,-4.041732481400894,-375.9519606149452,-149.3799396694172
2260.906207672245,-0.002360783457690828,-4.042094535954834,-376.04710264324524,-149.25996660165663
2261.432401125422,-0.0023350820290162022,-4.0433300018654705,-376.37372756312357,-148.8474188159264
2261.958594578599,-0.0023094017503859465,-4.044551949417105,-376.6998453382012,-148.43447001323932
2262.111713952435,-0.002301931934728293,-4.044904991731706,-376.7946492699671,-148.31422960084075
2262.2648333262705,-0.0022944631784579607,-4.045256890225555,-376.88941081518175,-148.1939557795195
2262.7910267794477,-0.002268802663268457,-4.046457470358554,-377.21473669749696,-147.780382828171
2263.3172202326245,-0.0022431460823227104,-4.0476445491315385,-377.53956861433096,-147.36642178583443
2263.47033960646,-0.002235679948881547,-4.047987446718707,-377.6340008492243,-147.2458892371877
2263.6234589802957,-0.002228213423860196,-4.048329200938494,-377.72839181781006,-147.1253243683174
2264.149652433473,-0.002202549526236733,-4.049494920747706,-378.05245276902497,-146.71075951497787
2264.6758458866498,-0.0021768723844484143,-4.050647132897505,-378.3760330378885,-146.29581936240342
2264.828965260486,-0.0021693970299838244,-4.0509798820110134,-378.47010355157283,-146.17500429404308
2264.9820846343214,-0.0021619198210462262,-4.051311486233199,-378.5641339288762,-146.05415798375645
2265.5082780874986,-0.0021362080212180474,-4.052442310937459,-378.8869643401464,-145.63863416354246
2266.0344715406754,-0.0021104656965156145,-4.053559598229982,-379.2093274772079,-145.2227477243807
2266.1875909145115,-0.0021029681376618444,-4.0538821775110065,-379.3030463383718,-145.1016596681288
2266.340710288347,-0.0020954672758419545,-4.05420360839233,-379.39672620458043,-144.98054143976452
2266.8669037415243,-0.0020696632145718167,-4.055299442667812,-379.71836080689997,-144.56409131787308
2267.393097194701,-0.00204381177210281,-4.056381686549349,-380.0395416897509,-144.14729116833428
2267.5462165685367,-0.002036279322817005,-4.056694057168037,-380.1329190763133,-144.02593958820495
2267.6993359423723,-0.0020287421614011273,-4.057005273939033,-380.22625862266784,-143.90455889917104
2268.2255293955495,-0.002002802669578932,-4.058065962989346,-380.5467325425219,-143.48721492844385
2268.7517228487263,-0.001976799273095667,-4.059112986035772,-380.86676646560517,-143.0695334541801
2268.9048422225624,-0.001969219508572407,-4.059415092137508,-380.9598126807788,-142.94792776278834
2269.057961596398,-0.0019616336347089446,-4.059716037040485,-381.05282222560965,-142.82629402091032
2269.584155049575,-0.001935516071412641,-4.060741367897343,-381.37217103988195,-142.40808849756067
2270.110348502752,-0.0019093180932079389,-4.061752934706479,-381.69109376920704,-141.9895579488016
2270.2634678765876,-0.0019016786094055427,-4.062044703577636,-381.78381925740604,-141.86770752331728
2270.416587250423,-0.0018940316305641393,-4.062335302003924,-381.8765092620413,-141.74583010275785
2270.9427807036004,-0.0018676935577061258,-4.063325003814866,-382.1947690527647,-141.32679522088253
2271.468974156777,-0.0018412590736149737,-4.064300821338816,-382.5126168807614,-140.90744776664457
2271.6220935306133,-0.001833547820618143,-4.064582163573774,-382.6050322435785,-140.7853619645099
2271.775212904449,-0.0018258277722848285,-4.064862324284318,-382.69741332831165,-140.66325022144895
2272.301406357626,-0.0017992288528924985,-4.065816069686331,-383.01462073738287,-140.2434181265734
2272.827599810803,-0.0017725188664706305,-4.066755789689722,-383.3314305370143,-139.8232859074261
2272.980719184639,-0.0017647247734509555,-4.067026600134517,-383.4235465487873,-139.7009740815172
2273.1338385584745,-0.0017569207079975845,-4.067296216291508,-383.5156295083397,-139.57863736921055
2273.6600320116518,-0.001730024273799749,-4.068213625549809,-383.83182178969366,-139.15804020913512
2274.1862254648286,-0.001703003601010384,-4.069116849393753,-384.1476310649192,-138.7371553865099
2274.339344838664,-0.001695116709829325,-4.069377008607835,-384.2394586870524,-138.61462689916993
2274.4924642124997,-0.0016872188017476248,-4.069635959259147,-384.3312545047288,-138.49207458184063
2275.018657665677,-0.0016599920968574525,-4.070516605436572,-384.64646957167776,-138.07074455327603
2275.544851118854,-0.001632629773439457,-4.071382889419338,-384.96131650270087,-137.6491393543721
2275.69797049269,-0.0016246414530058729,-4.071632265274207,-385.0528668964263,-137.5264035901498
2275.8510898665254,-0.0016166412676762753,-4.071880416992803,-385.1443867566807,-137.40364505557068
2276.3772833197027,-0.0015890569896348,-4.072723832023708,-385.45866322357915,-136.98161444617978
2276.9034767728795,-0.0015613287423425029,-4.073552694510254,-385.77258670580267,-136.55932120391364
2277.056596146715,-0.001553232577512356,-4.073791144532609,-385.86387124294015,-136.43638758075087
2277.2097155205506,-0.0015451240097151553,-4.0740283538941,-385.95512654184233,-136.31343225121145
2277.735908973728,-0.0015171636881033959,-4.0748340382642105,-386.2685037575677,-135.89073347544317
2278.2621024269047,-0.0014890551105781599,-4.075624971090492,-386.5815434306511,-135.46778466102083
2278.4152218007407,-0.0014808477055053067,-4.075852346089426,-386.672573701125,-135.3446626390452
2278.5683411745763,-0.001472627722741101,-4.076078463414795,-386.7635760534269,-135.22151997981706
2279.0945346277535,-0.0014442837489188468,-4.076845899766544,-387.0760941220093,-134.7981856053586
2279.6207280809303,-0.0014157917275454451,-4.077598382754001,-387.3882903845232,-134.37461385044764
2279.7738474547664,-0.001407473046413806,-4.07781453116984,-387.479078199446,-134.25131293758443
2279.926966828602,-0.0013991420214914403,-4.078029404932065,-387.5698394411217,-134.12799246214942
2280.453160281779,-0.0013704188780739885,-4.078758073586308,-387.88153922624076,-133.70405522491515
2280.979353734956,-0.0013415532590423478,-4.0794715908256585,-388.1929332333437,-133.27989333186713
2281.1324731087916,-0.0013331272503771879,-4.0796763636446185,-388.2834906230082,-133.15642308588943
2281.285592482627,-0.0013246896507046967,-4.07987984548394,-388.37402280862017,-133.03293435755572
2281.8117859358044,-0.0012956068816647643,-4.080569242625833,-388.6849459196234,-132.60842716383752
2282.3379793889812,-0.0012663940874359915,-4.081243302395852,-388.9955795608575,-132.18370810217684
2282.4910987628173,-0.001257869804304272,-4.081436559320588,-389.08591876662314,-132.06007812854799
2282.644218136653,-0.0012493353067546571,-4.081628510379679,-389.17623416042244,-131.93643075775336
2283.17041158983,-0.0012199310355100156,-4.08227817109213,-389.4864229154332,-131.51138667062597
2283.696605043007,-0.0011904168262018748,-4.082912330545208,-389.7963387675082,-131.08614355638852
2283.8497244168425,-0.001181809036609926,-4.083093947431381,-389.88647222601656,-130.96236350085374
2284.002843790678,-0.001173193065676179,-4.083274245880053,-389.9765832852204,-130.83856713711742
2284.5290372438553,-0.0011435253152411557,-4.083883770496944,-390.2860806463326,-130.4130193437905
2285.055230697032,-0.0011137755924648753,-4.084477662571127,-390.5953218967514,-129.9872853990358
2285.208350070868,-0.0011051049733036226,-4.0846475393246555,-390.6852622154925,-129.86336493434752
2285.3614694447037,-0.0010964288954090086,-4.084816088292748,-390.77518156484734,-129.73942925232024
2285.887662897881,-0.001066576453833771,-4.08538516991031,-391.08403104302147,-129.31341101102936
2286.413856351058,-0.0010366786164608002,-4.0859385314250645,-391.39264138285796,-128.88721950260225
2286.566975724894,-0.0010279722747010298,-4.086096600324615,-391.4824013066541,-128.7631683091507
2286.7200950987294,-0.001019263965013048,-4.0862533363040425,-391.57214170385686,-128.6391029885337
2287.2462885519067,-0.0009893286131621027,-4.086781790415724,-391.8803872318291,-128.2126475540062
2287.7724820050835,-0.0009593937331097286,-4.087294492865369,-392.18841071545353,-127.78603171018143
2287.925601378919,-0.0009506857379541268,-4.087440727736768,-392.27800308309077,-127.66185945003285
2288.0787207527546,-0.0009419800367107419,-4.087585629825715,-392.3675773742567,-127.53767414883706
2288.604914205932,-0.0009120873246425296,-4.088073426464541,-392.6752631444575,-127.1108146743401
2289.1311076591087,-0.0008822496833457426,-4.088545508242914,-392.982744013408,-126.68380757747477
2289.2842270329447,-0.0008735806959499735,-4.0886799337582245,-393.0721817037401,-126.55952386136656
2289.4373464067803,-0.0008649189605175537,-4.088813032901728,-393.16160276833483,-126.43522818212551
2289.9635398599576,-0.0008352161707618727,-4.0892603277400426,-393.46877303478874,-126.00799759745269
2290.4897333131344,-0.000805630816544453,-4.08969202406175,-393.7757555063334,-125.5806320530964
2290.64285268697,-0.0007970473714708733,-4.089814724194177,-393.8650513743216,-125.45624640073297
2290.7959720608055,-0.0007884767663703687,-4.089936111533615,-393.9543320601312,-125.3318498500891
2291.322165513983,-0.000759130761881255,-4.090343273807713,-394.26103090701974,-124.90428071739734
2291.8483589671596,-0.0007299717752311325,-4.090735043610151,-394.567558930725,-124.47658910217474
2292.0014783409956,-0.0007215258486899547,-4.090846169301812,-394.65672573441213,-124.35211089651017
2292.154597714831,-0.0007130989168769341,-4.090956003770389,-394.7458787835489,-124.2276228388535
2292.6807911680085,-0.0006842944316341566,-4.091323641880491,-395.0521498636221,-123.79974718848241
2293.2069846211853,-0.000655752336189068,-4.09167619229293,-395.3582668488314,-123.37176127862224
2293.360103995021,-0.0006475003309078395,-4.091775968296395,-395.44731716805853,-123.24719971463938
2293.5132233688564,-0.000639273854182608,-4.091874483292823,-395.53635513482834,-123.12262932031872
2294.0394168220337,-0.0006112085480886172,-4.092203466175248,-395.842241380924,-122.69447846864381
2294.5656102752105,-0.0005834840505841683,-4.092517770942966,-396.1479898996037,-122.26622925202224
2294.7187296490465,-0.0005754847795852973,-4.092606500529587,-396.236936048096,-122.14159328107041
2294.871849022882,-0.0005675177088809149,-4.092694008322251,-396.3258712105121,-122.01694947034764
2295.3980424760593,-0.0005403948423396754,-4.09298547808721,-396.63141452763693,-121.58855382461118
2295.924235929236,-0.0005136916073510144,-4.093262786381049,-396.9368360017963,-121.16007130245742
2296.077355303072,-0.0005060042910150171,-4.093340853192963,-397.0256899355684,-121.03536957412302
2296.2304746769078,-0.000498355795408459,-4.093417746470932,-397.11453420353996,-120.91066095889738
2296.756668130085,-0.0004723780930366749,-4.093673121593942,-397.4197751522563,-120.48204981618909
2297.282861583262,-0.00044689721395502397,-4.093914958132614,-397.7249095366544,-120.05336280156635
2297.4359809570974,-0.00043957993387522097,-4.0939828256876885,-397.8136827617469,-119.92860360506432
2297.589100330933,-0.000432307841310713,-4.094049576821091,-397.9024475849013,-119.80383843031377
2298.1152937841102,-0.0004076717106253151,-4.094270547724871,-398.2074250656058,-119.37503977696797
2298.641487237287,-0.00038360495392275075,-4.094478705058399,-398.5123105347648,-118.9461756958759
2298.794606611123,-0.0003767124440134648,-4.094536913811632,-398.6010140168888,-118.82136690262772
2298.9477259849587,-0.00036987094276298,-4.0945940715693165,-398.6897102946261,-118.69655298924866
2299.473919438136,-0.00034675793396871693,-4.0947825864924825,-398.994461242157,-118.26759330679293
2300.0001128913127,-0.0003242786498827115,-4.094959106232631,-399.299133892258,-117.83857800883955
2300.1532322651483,-0.0003178596317710648,-4.095008267201633,-399.3877779717082,-117.71372701846197
2300.306351638984,-0.0003114966270721627,-4.095056449980274,-399.47641596895534,-117.5888717098091
2300.832545092161,-0.0002900647745057829,-4.095214688676143,-399.78097507024677,-117.15977579594967
2301.358738545338,-0.00026932026753798426,-4.0953618309098765,-400.08546864930537,-116.73063338357939
2301.511857919174,-0.00026341549323813607,-4.0954026160470915,-400.1740629650636,-116.60574707591915
2301.6649772930095,-0.0002575707660849506,-4.095442501952209,-400.26265223762107,-116.48085719065975
2302.191170746187,-0.00023794917872092304,-4.095572839673183,-400.56705168518334,-116.05164800388768
2302.7173641993636,-0.00021905632254749858,-4.095693044370133,-400.87139736293204,-115.62240068781502
2302.8704835731996,-0.00021369741618804827,-4.095726174925898,-400.9599507889468,-115.4974853830218
2303.023602947035,-0.00020840148414965652,-4.095758489953361,-401.0485001212645,-115.37256717619715
2303.5497964002125,-0.00019068635771510658,-4.095863455500378,-401.35276941109555,-114.94326570972657
2304.0759898533893,-0.0001737274048728733,-4.095959298410638,-401.656995595803,-114.51393369536542
2304.229109227225,-0.0001689355885626925,-4.095985531680258,-401.74551619137134,-114.38899512328031
2304.3822286010604,-0.00016420843069696867,-4.096011036270765,-401.83403354863583,-114.26405425682218
2304.9084220542377,-0.00014845872027935615,-4.096093264282382,-402.13819932892704,-113.83467944611955
2305.4346155074145,-0.00013347737330404505,-4.096167407053392,-402.4423315375148,-113.40528085531822
2305.5877348812505,-0.00012926245773318875,-4.096187521483491,-402.5308265136432,-113.28032413546083
2305.740854255086,-0.00012511258048969126,-4.096206995485535,-402.6193190100399,-113.15536565944416
2306.2670477082634,-0.00011134754619374732,-4.096269173813241,-402.92340498692596,-112.72593432766989
2306.79324116144,-9.834780295974074e-05,-4.096324310415586,-403.2274657739772,-112.29648515966262
2306.9463605352757,-9.470811975753473e-05,-4.096339089934054,-403.3159414771502,-112.17151479282388
2307.0994799091113,-9.113259912900705e-05,-4.096353316930052,-403.4044153616196,-112.0465431383871
2307.6256733622886,-7.93327191912768e-05,-4.096398133004578,-403.7084422654341,-111.61706998223018
2308.1518668154654,-6.82806871542602e-05,-4.096436936815864,-404.01245121275974,-111.18758411506504
2308.3049861893014,-6.52037317928749e-05,-4.096447155636364,-404.10091312623626,-111.06260398662269
2308.458105563137,-6.218889354614602e-05,-4.096456907844519,-404.1893737856935,-110.93762297057089
2308.9842990163143,-5.229839580766593e-05,-4.096486997627019,-404.49335939654685,-110.50812058579302
2309.510492469491,-4.31250921097609e-05,-4.09651207178576,-404.79733316077625,-110.07860981663646
2309.663611843327,-4.058838322341531e-05,-4.0965184802447405,-404.8857859224836,-109.95362321099873
2309.8167312171627,-3.811069007584898e-05,-4.096524504490205,-404.9742379015012,-109.82863605144924
2310.34292467034,-3.004082435553314e-05,-4.096542405336191,-405.2781971303503,-109.39911499567663
2310.8691181235167,-2.2645867269696973e-05,-4.096556237437914,-405.5821495441825,-108.96958911718757
2311.0222374973523,-2.0618113211783716e-05,-4.0965595491872016,-405.67059697985536,-108.8445987424937
2311.175356871188,-1.864537501542055e-05,-4.096562554277162,-405.7590440154132,-108.71960808466265
2311.701550324365,-1.227894273576577e-05,-4.096570663040484,-406.0629890354642,-108.29007697409014
2312.227743777542,-6.535630009841853e-06,-4.096575585769531,-406.36693125679466,-107.86054388309508
2312.380863151378,-4.978304849299242e-06,-4.0965764668366385,-406.4553764265385,-107.7355519049822
2312.5339825252136,-3.4712913158628124e-06,-4.096577112863083,-406.54382149595733,-107.6105598558778
2313.060175978391,1.3315808759255388e-06,-4.096577651074017,-406.84776191741526,-107.18102549127985
2313.5863694315676,5.57025264008133e-06,-4.096575810484328,-407.1517026185807,-106.75149132460491
2313.739488805403,6.701132555096058e-06,-4.096574870643687,-407.2401478744709,-106.62649940744906
2313.892608179239,7.786908119226952e-06,-4.096573760625316,-407.3285932540854,-106.50150757784161
2314.418801632416,1.1182617442852554e-05,-4.096568747857733,-407.63253633351076,-106.07197509404558
2314.944995085593,1.4077807322208748e-05,-4.0965620799751585,-407.93648192153904,-105.64244438538456
2315.098114459429,1.4829903256826698e-05,-4.09655986654679,-408.02492897355495,-105.51745373920039
2315.2512338332645,1.5542408136437252e-05,-4.096557540499186,-408.1133763054172,-105.39246329104466
2315.7774272864417,1.769782059087429e-05,-4.096548776057728,-408.4173271803334,-104.96293632355243
2316.3036207396185,1.9418881224487044e-05,-4.096538991728886,-408.7212820388338,-104.53341217503744
2316.4567401134545,1.984181822354806e-05,-4.096535985756357,-408.80973202641854,-104.40842360619975
2316.60985948729,2.0230796907866506e-05,-4.096532917131086,-408.8981823903275,-104.28343530367457
2317.1360529404674,2.1317480665572492e-05,-4.096521969786607,-409.2021443298531,-103.85391616616853
2317.662246393644,2.2036345584279835e-05,-4.096510547408179,-409.5061110734709,-103.42440042846219
2317.8153657674798,2.218011170926583e-05,-4.096507162093604,-409.59456464010754,-103.29941439247006
2317.9684851413153,2.229550109847759e-05,-4.096503756456579,-409.6830186283695,-103.17442865486635
2318.4946785944926,2.2484412228711446e-05,-4.096491961729698,-409.98699329110934,-102.74491852160335
2319.0208720476694,2.2370508417678357e-05,-4.0964801472686325,-410.2909730240201,-102.31541197666772
2319.1739914215054,2.22840211793788e-05,-4.096476728475483,-410.37943039239593,-102.19042863128213
2319.327110795341,2.217453928313576e-05,-4.096473324227072,-410.4678881849157,-102.06544558608654
2319.8533042485183,2.1631351279255755e-05,-4.09646178847559,-410.7718758760557,-101.63594467363286
2320.379497701695,2.0847223632205194e-05,-4.096450601936508,-411.0758684467983,-101.20644721485456
2320.5326170755307,2.0577115307181758e-05,-4.096447430496361,-411.16432949238623,-101.08146647210914
2320.6857364493662,2.0289073476242738e-05,-4.096444301361817,-411.25279092995174,-100.95648600680471
2321.2119299025435,1.9170308838954306e-05,-4.096433911682994,-411.5567908504948,-100.52699375021177
2321.7381233557203,1.78680868704383e-05,-4.09642415895782,-411.8607950965262,-100.09750455528422
2321.8912427295563,1.7457740152014218e-05,-4.096421454459037,-411.9492594177501,-99.97252613108992
2322.044362103392,1.7034107006219613e-05,-4.096418813422733,-412.0377240717161,-99.84754794242268
2322.570555556569,1.5484133310381444e-05,-4.096410252222124,-412.34173455401174,-99.41806316176243
2323.096749009746,1.3802846028621508e-05,-4.096402541155697,-412.64574853064306,-98.98858085458518
2323.2498683835815,1.3291670492212377e-05,-4.09640046687551,-412.7342155141659,-98.86360431490652
2323.402987757417,1.2771373907300457e-05,-4.096398471222017,-412.8226827511206,-98.73862795462396
2323.9291812105944,1.0920196412275874e-05,-4.096392234313227,-413.1267014761401,-98.30914900868744
2324.455374663771,8.983859541382706e-06,-4.096386993887066,-413.4307226657917,-97.87967180741947
2324.608494037607,8.406790039225052e-06,-4.0963856625553206,-413.5191915458341,-97.75469661024918
2324.761613411443,7.82424046953283e-06,-4.09638441970809,-413.60766058619333,-97.62972152656543
2325.28780686462,5.78605426710439e-06,-4.096380836895446,-413.9116847792258,-97.20024645136671
2325.814000317797,3.702516254018041e-06,-4.096378338494949,-414.21571027812155,-96.7707723005874
2325.967119691633,3.089732143887204e-06,-4.096377818589145,-414.304180189056,-96.64579783318317
2326.1202390654685,2.4745662287477445e-06,-4.096377392446862,-414.3926501588704,-96.52082340745986
2326.6464325186457,3.470605455097591e-07,-4.0963766495610185,-414.6966767614608,-96.09135003798998
2327.1726259718225,-1.7924196709085506e-06,-4.096377029305195,-415.0007034420307,-95.66187672372236
2327.325745345658,-2.41556860816823e-06,-4.096377351582921,-415.08917346383106,-95.53690233480044
2327.4788647194937,-3.0385414915894596e-06,-4.096377769062092,-415.17764343941883,-95.41192791316428
2328.005058172671,-5.174219918322404e-06,-4.096379930474782,-415.4816692565021,-94.98245398763045
2328.5312516258477,-7.294800190589498e-06,-4.096383211695201,-415.78569390484904,-94.55297923474808
2328.684370999684,-7.90770763770016e-06,-4.096384375712853,-415.8741631012789,-94.42800426154614
2328.8374903735194,-8.518403605505803e-06,-4.096385633252449,-415.9626321466026,-94.30302918137701
2329.3636838266966,-1.059718661050283e-05,-4.096390664087409,-416.26665396876695,-93.87355242785694
2329.8898772798734,-1.2639806222505081e-05,-4.096396779249901,-416.5706733974523,-93.44407398003109
2330.042996653709,-1.3226393261647534e-05,-4.096398759674517,-416.65914084712307,-93.31909777032472
2330.1961160275446,-1.3809224012026078e-05,-4.096400829513807,-416.74760804406156,-93.19412138171647
2330.722309480722,-1.57812276435921e-05,-4.096408616930646,-417.051622745642,-92.76463958770346
2331.2485029338986,-1.7701557446245958e-05,-4.096417428407669,-417.3556338827494,-92.33515527055249
2331.4016223077347,-1.8249938977349715e-05,-4.096420180953744,-417.4440987033723,-92.21017719985217
2331.5547416815702,-1.8793466296953637e-05,-4.0964230170174485,-417.53256317523676,-92.08519888228682
2332.0809351347475,-2.062271757308993e-05,-4.096433390013652,-417.83656778958687,-91.6557099480655
2332.6071285879243,-2.238977307292051e-05,-4.096444709186392,-418.1405677456444,-91.22621771661109
2332.7602479617603,-2.2891836541653936e-05,-4.096448176034451,-418.22902911198014,-91.10123720089025
2332.913367335596,-2.3388344370425226e-05,-4.096451719286683,-418.31749004078966,-90.9762563754895
2333.439560788773,-2.505126971917929e-05,-4.096464466587553,-418.6214818146371,-90.54675835268074
2333.96575424195,-2.66458483987295e-05,-4.096478070927067,-418.92546792946786,-90.11725632456987
2334.1188736157856,-2.709679178136486e-05,-4.096482185538392,-419.01392508559934,-89.99227282896763
2334.271992989621,-2.7541820942486346e-05,-4.096486368726579,-419.10238172375875,-89.86728896677243
2334.7981864427984,-2.9025625498278448e-05,-4.096501254540058,-419.4063581529057,-89.43778008364517
2335.324379895975,-3.043865408713724e-05,-4.096516902500851,-419.71032802475213,-89.00826655979573
2335.4774992698112,-3.083649927030316e-05,-4.096521593787244,-419.7987802913774,-88.88327960378565
2335.630618643647,-3.1228358438444636e-05,-4.096526345537295,-419.8872319684538,-88.7582922305592
2336.156812096824,-3.252932650404018e-05,-4.096543123051829,-420.19119081726126,-88.32877090583544
2336.683005550001,-3.3760137956151814e-05,-4.096560566669263,-420.4951423166698,-87.89924438026816
2336.8361249238365,-3.410522604863732e-05,-4.096565762487909,-420.5835890941464,-87.77425353981265
2336.989244297672,-3.444448638691962e-05,-4.096571010722022,-420.672035219482,-87.64926223788801
2337.5154377508493,-3.5566246366087834e-05,-4.0965894332608,-420.9759745266913,-87.2197270848534
2338.041631204026,-3.6620863813678666e-05,-4.096608428397352,-421.2799057977426,-86.79018624554425
2338.194750577862,-3.691536246424268e-05,-4.096614058363311,-421.3683465656391,-86.66519115276984
2338.3478699516977,-3.7204368625746056e-05,-4.096619733037546,-421.45678662755506,-86.54019556047969
2338.874063404875,-3.8156246145590264e-05,-4.096639562901885,-421.7607047010429,-86.11064538324125
2339.4002568580518,-3.9045790465359736e-05,-4.096659877238277,-422.0646141524939,-85.68108910581658
2339.553376231888,-3.9293241160146606e-05,-4.096665874893879,-422.153048466385,-85.5560894467355
2339.7064956057234,-3.953566304905962e-05,-4.096671910098572,-422.24148202871135,-85.43108925594392
2340.2326890589006,-4.0331174140787745e-05,-4.096692925269827,-422.5453774316468,-85.00152303959118
2340.7588825120774,-4.107040572412838e-05,-4.096714344226853,-422.8492637203787,-84.57195037556801
2340.912001885913,-4.127530794078303e-05,-4.096720648622056,-422.937691206569,-84.4469458863294
2341.0651212597486,-4.147572869802968e-05,-4.0967269840988285,-423.02611790317314,-84.32194083854584
2341.591314712926,-4.213119108751504e-05,-4.0967489829756145,-423.3299894338515,-83.89235773482895
2342.1175081661027,-4.273716897074661e-05,-4.096771313733203,-423.63385144282324,-83.46276789596165
2342.2706275399387,-4.2904600057157366e-05,-4.096777870463841,-423.7222717916225,-83.33775835807772
2342.4237469137743,-4.306814126488243e-05,-4.096784452586229,-423.8106913195575,-83.21274823959351
2342.9499403669515,-4.3601433643173844e-05,-4.096807256925525,-424.1145379869944,-82.78314754960059
2343.4761338201283,-4.4092357387757366e-05,-4.096830330732727,-424.4183747997086,-82.35353988976053
2343.629253193964,-4.4227652839677136e-05,-4.096837092500383,-424.50678775782825,-82.22852512471151
2343.7823725677995,-4.435966251323925e-05,-4.096843874785401,-424.5951998696627,-82.10350976115703
2344.3085660209767,-4.478921205522363e-05,-4.096867331108841,-424.89902086680524,-81.67389091630791
2344.8347594741535,-4.518349639292947e-05,-4.096891004180275,-425.2028317400246,-81.24426491212887
2344.9878788479896,-4.529199593030586e-05,-4.096897930963952,-425.2912371025764,-81.1192447756877
2345.140998221825,-4.539780100765703e-05,-4.096904874205238,-425.379641598373,-80.99422402634318
2345.6671916750024,-4.5741778024100306e-05,-4.096928853977384,-425.6834362744551,-80.56458656878434
2346.193385128179,-4.605731139379478e-05,-4.09695300726455,-425.987220610566,-80.13494180006685
2346.3465045020153,-4.614415403998005e-05,-4.096960066182512,-426.07561821304785,-80.00991617661651
2346.499623875851,-4.6228860349025114e-05,-4.096967138281165,-426.1640149323667,-79.88488992874285
2347.025817329028,-4.650452717696837e-05,-4.096991537101388,-426.4677827656298,-79.45523349200806
2347.552010782205,-4.675808385641993e-05,-4.097016075158581,-426.77154008577924,-79.02556962267772
2347.7051301560405,-4.6828050066470493e-05,-4.097023240081876,-426.8599297963552,-78.90053841974026
2347.858249529876,-4.689639103773411e-05,-4.097030415636416,-426.9483186105843,-78.77550658314308
2348.3844429830533,-4.711963699497499e-05,-4.097055151664098,-427.25205918233746,-78.34583087377185
2348.91063643623,-4.7326498287457134e-05,-4.097080000851587,-427.5557891012153,-77.9161476340122
2349.063755810066,-4.738391614888155e-05,-4.097087251845993,-427.64417081352724,-77.79111077715604
2349.2168751839017,-4.744016581926613e-05,-4.097094511580362,-427.7325516187637,-77.66607327914255
2349.743068637079,-4.762525804433571e-05,-4.097119523478541,-428.0362645894813,-77.23637805974846
2350.269262090256,-4.7799030947421676e-05,-4.097144629792956,-428.3399667923247,-76.80667522971395
2350.4223814640914,-4.7847734403150473e-05,-4.09715195247148,-428.428340418978,-76.68163265794014
2350.575500837927,-4.789567011265018e-05,-4.097159282581316,-428.5167131295934,-76.55658943876304
2351.101694291104,-4.805515398856715e-05,-4.09718452723279,-428.8203982174344,-76.12687451282379
2351.627887744281,-4.820771104053559e-05,-4.097209853981207,-429.1240724395349,-75.69715190813214
2351.781007118117,-4.825102886740289e-05,-4.097217238822337,-429.21243790632326,-75.57210356978669
2351.9341264919526,-4.829392337618553e-05,-4.097224630291806,-429.30080244927467,-75.44705457861654
2352.46031994513,-4.8438621162754804e-05,-4.0972500804467495,-429.6044594111813,-75.01731977709666
2352.9865133983067,-4.8580146296282826e-05,-4.097275605906003,-429.908105419991,-74.58757723616648
2353.1396327721422,-4.862092570303792e-05,-4.097283047578343,-429.99646266087746,-74.4625230853894
2353.292752145978,-4.8661575666861416e-05,-4.097290495508786,-430.08481897077183,-74.33746827682306
2353.818945599155,-4.880072337595647e-05,-4.097316137519178,-430.3884475861439,-73.90771344662484
2354.345139052332,-4.89399042589024e-05,-4.097341852756907,-430.6920651659026,-73.47795081980348
2354.498258426168,-4.898057633862644e-05,-4.097349349505573,-430.78041411872096,-73.3528908134883
2354.6513778000035,-4.902137126533934e-05,-4.097356852512003,-430.86876213359096,-73.22783014456226
2355.1775712531808,-4.9162878540748927e-05,-4.097382684343695,-431.17236219033214,-72.79805513866037
2355.7037647063576,-4.930719167930199e-05,-4.097408591373799,-431.4759511289365,-72.36827227894184
2355.8568840801936,-4.934985718144382e-05,-4.0974161445125,-431.5642917317149,-72.24320637413797
2356.010003454029,-4.939286611093889e-05,-4.097423704228758,-431.65263138940657,-72.11813980177504
2356.5361969072064,-4.9543615824515375e-05,-4.097449733862529,-431.95620267196244,-71.68834447076459
2357.0623903603832,-4.969962827556077e-05,-4.097475844204418,-432.2597627496556,-71.25854122580077
2357.215509734219,-4.9746145696701734e-05,-4.097483457726085,-432.34809493743836,-71.13346937746888
2357.3686291080544,-4.979320591508623e-05,-4.097491078429052,-432.4364261724801,-71.0083968562674
2357.8948225612316,-4.995936790612294e-05,-4.097517322674058,-432.7399684514204,-70.57858104100873
2358.4210160144085,-5.013307018650431e-05,-4.097543656336237,-433.0434994308474,-70.14875724608997
2358.5741353882445,-5.018515726445186e-05,-4.097551336650651,-433.1318231328797,-70.02367940511503
2358.72725476208,-5.0237977652688156e-05,-4.097559025013532,-433.22014587369796,-69.89860088538434
2359.2534482152573,-5.042537731038605e-05,-4.097585508783545,-433.52365889636417,-69.4687644104051
2359.779641668434,-5.062256425473837e-05,-4.0976120937370295,-433.82716051348626,-69.03891988205316
2359.9327610422697,-5.0681909500744226e-05,-4.0976198495555565,-433.91547565060824,-68.91383599340728
2360.0858804161053,-5.074218170894859e-05,-4.097627614549439,-434.003789816936,-68.78875141934027
2360.6120738692825,-5.095667433777402e-05,-4.097654370653595,-434.3072732986041,-68.35889408660668
2361.1382673224593,-5.118329869102037e-05,-4.097681242814182,-434.61074525391103,-67.92902861638177
2361.2913866962954,-5.125165871550531e-05,-4.097689085179016,-434.6990517359975,-67.80393861732047
2361.444506070131,-5.13211518476779e-05,-4.097696938116775,-434.7873572363086,-67.67884792518683
2361.970699523308,-5.156892550698649e-05,-4.0977240075159855,-435.09081085131544,-67.24896950785333
2362.496892976485,-5.1831370775307584e-05,-4.097751211152122,-435.39425280080656,-66.81908285600417
2362.650012350321,-5.191064498015513e-05,-4.097759153581163,-435.4825505241068,-66.69398667419338
2362.8031317241566,-5.1991278763537316e-05,-4.097767108273723,-435.57084725293754,-66.56888979045341
2363.329325177334,-5.2279098324755414e-05,-4.097794540701484,-435.87427062530975,-66.13899002626671
2363.8555186305107,-5.2584412579287795e-05,-4.097822129180807,-436.1776821708287,-65.70908191492865
2364.0086380043463,-5.267670949154612e-05,-4.0978301879077375,-436.26597101509043,-65.58397946642106
2364.161757378182,-5.277061926259712e-05,-4.097838260914108,-436.3542588501327,-65.45887630568079
2364.687950831359,-5.3106037297952436e-05,-4.097866115809936,-436.65765154334616,-65.02895488977602
2365.214144284536,-5.3462115525924755e-05,-4.0978941526361625,-436.96103222191624,-64.59902499546975
2365.367263658372,-5.356979875872036e-05,-4.097902346929464,-437.04931204719566,-64.47391618246176
2365.5203830322075,-5.3679377752055174e-05,-4.097910557882336,-437.1375908460675,-64.34880664520183
2366.046576485385,-5.407084647158695e-05,-4.097938905553746,-437.4409523516301,-63.91886322207353
2366.5727699385616,-5.448648594291017e-05,-4.097967465572675,-437.7443016235251,-63.48891116731878
2366.725889312397,-5.461217877077256e-05,-4.097975818090557,-437.8325722666181,-63.36379587564115
2366.8790086862327,-5.474007772977442e-05,-4.097984190051598,-437.9208418632496,-63.23867984567636
2367.40520213941,-5.519691144690359e-05,-4.09801311288661,-438.2241715879404,-62.80871400021103
2367.931395592587,-5.568172664632087e-05,-4.098042283466366,-438.5274888234101,-62.37873934419831
2368.084514966423,-5.582827992684811e-05,-4.098050820590567,-438.61575009389367,-62.253617440535194
2368.2376343402584,-5.5977372134644446e-05,-4.09805938037916,-438.7040102945279,-62.12849478220504
2368.7638277934357,-5.6509607828418244e-05,-4.0980889739315325,-439.00730754634736,-61.69850602981065
2369.2900212466125,-5.7073858558219264e-05,-4.09811885596589,-439.3105920111149,-61.26850825821657
2369.4431406204485,-5.724429412336703e-05,-4.098127608075803,-439.3988436870474,-61.14337958708656
2369.596259994284,-5.741761518354087e-05,-4.098136386534101,-439.4870942659076,-61.01825014221273
2370.1224534474613,-5.8035775219574544e-05,-4.098166760358511,-439.7903582389427,-60.588237918194665
2370.648646900638,-5.869007434400079e-05,-4.098197468962758,-440.0936090787394,-60.15821643232857
2370.8017662744737,-5.888748812976964e-05,-4.09820647060761,-440.18185090210693,-60.03308081288934
2370.9548856483093,-5.9088133551615765e-05,-4.098215502757374,-440.2700915968216,-59.90794439756658
2371.4810791014866,-5.980282716215722e-05,-4.098246780819365,-440.5733213553945,-59.477908046009354
2372.0072725546634,-6.055767167609999e-05,-4.098278445512023,-440.8765375799793,-59.04786215160863
2372.1603919284994,-6.078508436688027e-05,-4.098287735415561,-440.9647692520349,-58.92271937439016
2372.313511302335,-6.101605505990156e-05,-4.098297060439728,-441.05299975897896,-58.79757577572072
2372.8397047555122,-6.18374134513803e-05,-4.098329380864339,-441.35619422168054,-58.36751453830152
2373.365898208689,-6.270257641997071e-05,-4.0983621450071945,-441.65937468904485,-57.937443434471845
2373.5190175825246,-6.296275016439973e-05,-4.098371765843523,-441.74759586576374,-57.81229325819537
2373.67213695636,-6.322676636250606e-05,-4.098381426833824,-441.83581583554286,-57.687142231129485
2374.1983304095374,-6.416378317053429e-05,-4.098414940817419,-442.1389737599914,-57.257055236457575
2374.7245238627142,-6.514761899319435e-05,-4.098448960171048,-442.4421171616599,-56.826958005400094
2374.8776432365503,-6.544284786772186e-05,-4.098458958074703,-442.5303274495855,-56.70180015407712
2375.030762610386,-6.574213585053707e-05,-4.098469001509271,-442.61853648294675,-56.57664141855731
2375.556956063563,-6.680190276847819e-05,-4.098503871269472,-442.92165645226794,-56.14652767274286
2376.08314951674,-6.791052979875045e-05,-4.098539311527021,-443.2247613007471,-55.71640327101184
2376.2362688905755,-6.824239118978636e-05,-4.098549735293149,-443.3129602535464,-55.59123743154759
2376.389388264411,-6.85784299641542e-05,-4.098560210198339,-443.4011578980353,-55.46607067018498
2376.9155817175883,-6.976522973357795e-05,-4.098596605789735,-443.7042383102246,-55.03592904945434
2377.441775170765,-7.100157665892426e-05,-4.098633638903093,-444.00730292983576,-54.60577630161584
2377.594894544601,-7.137064687057374e-05,-4.098644538822919,-444.09549004593896,-54.48060212218131
2377.7480139184368,-7.174388163643768e-05,-4.098655495565284,-444.1836757936876,-54.35542697873282
2378.274207371614,-7.305819396166993e-05,-4.0986935903909885,-444.48671485521237,-53.925256225048734
2378.800400824791,-7.442099926887028e-05,-4.098732389557575,-444.78973737773674,-53.4950738207448
2378.953520198627,-7.482656268937957e-05,-4.098743815860525,-444.8779120994849,-53.36989091021637
2379.1066395724624,-7.523611400210231e-05,-4.098755304544486,-444.9660853865578,-53.244706989164
2379.6328330256397,-7.66736169045939e-05,-4.098795269510634,-445.26908111169314,-52.814505709898754
2380.1590264788165,-7.815642921547039e-05,-4.098836002802152,-445.57205947833154,-52.384292205374535
2380.312145852652,-7.859618680044965e-05,-4.098848003703024,-445.6602211930728,-52.25910013414949
2380.4652652264876,-7.903955871805517e-05,-4.09886007217338,-445.7483814008101,-52.13390700169022
2380.991458679665,-8.059012081531946e-05,-4.098902068482962,-446.0513316182162,-51.7036736744109
2381.5176521328417,-8.218028594054022e-05,-4.0989448911075925,-446.35426358937974,-51.2734274995662
2381.6707715066777,-8.26500598767833e-05,-4.098957510454643,-446.4424116329548,-51.14822580206329
2381.8238908805133,-8.312284502487788e-05,-4.0989702018997,-446.53055809175424,-51.02302298881901
2382.3500843336906,-8.476951964259881e-05,-4.0990143724715455,-446.83346045981835,-50.59275597225209
2382.8762777868674,-8.644720308363473e-05,-4.099059417671111,-447.1363436342749,-50.1624754442846
2383.029397160703,-8.694066078060587e-05,-4.099072692201311,-447.22447729733557,-50.03726362343991
2383.1825165345385,-8.743626910584989e-05,-4.099086042366518,-447.31260929331745,-49.9120506291967
2383.708709987716,-8.915440519002963e-05,-4.0991325019514315,-447.6154613257682,-49.48174818142297
2384.2349034408926,-9.08917762128011e-05,-4.09917987066895,-447.91829317060706,-49.0514315260828
2384.3880228147286,-9.140020783043953e-05,-4.099193826922556,-448.00641170818034,-48.9262090601286
2384.541142188564,-9.190965074027314e-05,-4.0992078609916165,-448.0945284931399,-48.8009853608883
2385.0673356417415,-9.366620261025726e-05,-4.0992566852127,-448.397327596272,-48.37064566569736
2385.5935290949183,-9.542682451019179e-05,-4.099306434790686,-448.70010548892213,-47.94029104700665
2385.7466484687543,-9.593898077332555e-05,-4.099321085764346,-448.78820813356,-47.815057398766456
2385.89976784259,-9.645071609565075e-05,-4.099335814988172,-448.87630893853657,-47.68982245633636
2386.425961295767,-9.820376452726498e-05,-4.099387028585222,-449.1790524610929,-47.25944365846232
2386.952154748944,-9.994220887786311e-05,-4.099439160782591,-449.4817737443204,-46.8290492175347
2387.1052741227795,-0.0001004442081461775,-4.099454502406626,-449.56985972307723,-46.70380384640218
2387.258393496615,-0.00010094405703438016,-4.099469920567486,-449.6579437757748,-46.57855712068324
2387.7845869497924,-0.00010264260763028628,-4.099523485164337,-449.9606290722121,-46.1481373704111
2388.310780402969,-0.00010430440067833611,-4.0995779338565965,-450.26329112267626,-45.71770127375625
2388.463899776805,-0.0001047797445346345,-4.099593941414393,-450.35135967805803,-45.59244365044881
2388.6170191506408,-0.00010525092169113117,-4.099610021249071,-450.4394262242409,-45.46718461450194
2389.143212603818,-0.00010683512541993181,-4.099665823120208,-450.7420507316747,-45.036722121828944
2389.669406056995,-0.00010835715311943917,-4.099722442230662,-451.04465104211744,-44.60624261917047
2389.8225254308304,-0.00010878687958974023,-4.099739066891549,-451.13270145697254,-44.48097224323325
2389.975644804666,-0.00010921016237294135,-4.099755756648989,-451.2207497857899,-44.35570040108434
2390.5018382578432,-0.00011061201830097017,-4.099813595111565,-451.52331111429146,-43.92519349917958
2391.02803171102,-0.00011192341910767869,-4.099872147423103,-451.8258473887602,-43.49466899033612
2391.181151084856,-0.00011228639847666618,-4.0998893130798475,-451.91387901488866,-43.36938541022805
2391.3342704586917,-0.00011264043936107131,-4.099906533405406,-452.001908487877,-43.24410031722675
2391.860463911869,-0.00011378499690891289,-4.099966110501307,-452.30440452307005,-42.81354753442368
2392.3866573650457,-0.00011480857687300831,-4.100026258027088,-452.60687478383267,-42.3829766442852
2392.5397767388818,-0.0001150819660349159,-4.1000438586392285,-452.69488707386694,-42.25767947972696
2392.6928961127173,-0.00011534376727943844,-4.1000614999894305,-452.7828971571589,-42.13238076512079
2393.2190895658946,-0.00011615092118505893,-4.100122412187083,-453.08532617330474,-41.701780904141174
2393.7452830190714,-0.0001168052136029054,-4.100183708886476,-453.387728877316,-41.27116256421054
2393.898402392907,-0.00011696510718891182,-4.1002016065711695,-453.47572141918465,-41.14585153030366
2394.0515217667426,-0.00011711069519705354,-4.100219527406148,-453.563711718206,-41.020538921515694
2394.57771521992,-0.00011749768186448466,-4.100281260212169,-453.8660724990565,-40.5898911439959
2395.1039086730966,-0.00011769971790948789,-4.100343147988133,-454.1684066608636,-40.15922467829226
2395.2570280469326,-0.00011772200550267759,-4.100361172136406,-454.2563792138556,-40.03389961071504
2395.410147420768,-0.00011772731074023865,-4.100379198169082,-454.34434950949293,-39.90857295860649
2395.9363408739455,-0.00011761190243108966,-4.1004411246096195,-454.64664147315085,-39.47787687227017
2396.4625343271223,-0.00011728066675376521,-4.100502933539583,-454.9489067900606,-39.04716208465299
2396.615653700958,-0.00011714208707920924,-4.100520881231874,-455.03685932119885,-38.92182296502384
2396.7687730747934,-0.00011698402037394245,-4.100538806006677,-455.12480960611003,-38.79648226920852
2397.2949665279707,-0.00011628839442007425,-4.10060018990599,-455.4270329290719,-38.36573801430119
2397.8211599811475,-0.0001153489666788266,-4.100661143628024,-455.7292299033569,-37.93497527355469
2397.9742793549835,-0.0001150283654486401,-4.1006787816179715,-455.817162622483,-37.80962225384655
2398.127398728819,-0.00011468609989913308,-4.100696368689089,-455.9050931359222,-37.68426768691753
2398.6535921819964,-0.00011334143046785686,-4.100756373689353,-456.2072488704446,-37.253476017806456
2399.179785635173,-0.00011172986032885335,-4.100815600912659,-456.50937892230996,-36.8226663361042
2399.332905009009,-0.0001112096609741947,-4.1008326694658015,-456.5972923139774,-36.69729976078103
2399.486024382845,-0.00011066612508010492,-4.1008496564625165,-456.6852035731909,-36.571931690095774
2400.012217836022,-0.00010861788027674511,-4.100907361772013,-456.9872937510242,-36.14109404719327
2400.538411289199,-0.00010628672449579636,-4.100963914875548,-457.2893593149582,-35.710239146812214
2400.6915306630344,-0.00010555458128331385,-4.10098013373495,-457.3772541649051,-35.584859571141244
2400.84465003687,-0.00010479812989603053,-4.10099623858137,-457.4651469908406,-35.45947857659607
2401.3708434900473,-0.00010201194086044635,-4.101050662325662,-457.7671747053169,-35.02859714304316
2401.897036943224,-9.893631496451564e-05,-4.10110354384563,-458.0691793014435,-34.59769950551664
2402.05015631706,-9.798690567033455e-05,-4.101118620542499,-458.1570567151455,-34.472307708322376
2402.2032756908957,-9.701312643026815e-05,-4.1011335500434,-458.244932249943,-34.34691459436352
2402.729469144073,-9.348109804200806e-05,-4.1011836809006175,-458.5469017075277,-33.915992331318364
2403.2556625972497,-8.966513629129806e-05,-4.101231878525679,-458.8488499787906,-33.4850552226811
2403.4087819710853,-8.850206814293163e-05,-4.10124551920514,-458.9367113893732,-33.35965221166081
2403.561901344921,-8.731569791471093e-05,-4.101258980163899,-459.02457110289953,-33.23424801163757
2404.088094798098,-8.306306684487309e-05,-4.101303817825504,-459.3264876346338,-32.803288665551776
2404.614288251275,-7.854666249019385e-05,-4.10134634838259,-459.62838534001446,-32.372316130907905
2404.767407625111,-7.71844434054121e-05,-4.101358271271667,-459.7162325026381,-32.24690313851258
2404.9205269989466,-7.580134167421053e-05,-4.101369984259384,-459.8040781851599,-32.12148910936614
2405.446720452124,-7.089325948087426e-05,-4.101408589054714,-460.10594820791357,-31.690497184281746
2405.9729139053006,-6.575881289962796e-05,-4.101444551693592,-460.40780216148596,-31.2594940046462
2406.126033279136,-6.422480157648629e-05,-4.101454503243673,-460.4956371312197,-31.13407247246563
2406.279152652972,-6.267389231067266e-05,-4.10146421903878,-460.58347086923163,-31.008650077689744
2406.805346106149,-5.722201939178037e-05,-4.101495770682954,-460.8853017865086,-30.57763076546219
2407.331539559326,-5.1600879320471756e-05,-4.1015244090536545,-461.187119732128,-30.14660236981349
2407.484658933162,-4.993712528638053e-05,-4.101532182666442,-461.2749448223678,-30.02117391942349
2407.6377783069975,-4.826221995283627e-05,-4.1015397012602595,-461.3627689546396,-29.89574479826313
2408.1639717601747,-4.243084983980906e-05,-4.101563566269412,-461.66456898697044,-29.464703859797247
2408.6901652133515,-3.6509185236243396e-05,-4.101584339093599,-461.966359398866,-29.033656185578998
2408.8432845871876,-3.4774083575673464e-05,-4.101589796230771,-462.0541771175138,-28.908222573917048
2408.996403961023,-3.303550865533145e-05,-4.101594988187391,-462.14199416860555,-28.782788494888443
2409.5225974142004,-2.7046934511317205e-05,-4.101610795140467,-462.44377210429064,-28.35173208594498
2410.048790867377,-2.1070699128467056e-05,-4.10162345419132,-462.7455439047226,-27.92067138183277
2410.2019102412128,-1.934035004890108e-05,-4.101626547546455,-462.83335686564504,-27.795234439358303
2410.3550296150484,-1.761626508161622e-05,-4.101629377378379,-462.9211694544443,-27.669797236374578
2410.8812230682256,-1.1754968313123314e-05,-4.101637098721916,-463.2229343126003,-27.2387316722827
2411.4074165214024,-6.033509703553859e-06,-4.101641772680424,-463.52469649915804,-26.807664237963092
2411.5605358952384,-4.402650175551279e-06,-4.101642570922326,-463.6125073068914,-26.682225788160842
2411.713655269074,-2.7899233194662406e-06,-4.101643121971007,-463.7003180282092,-26.556787277864117
2412.2398487222513,2.5948655461246944e-06,-4.101643160456368,-464.00207862789074,-26.125718732680692
2412.766042175428,7.686977983457929e-06,-4.10164044250329,-464.3038398050884,-25.69465059177705
2412.9191615492637,9.104587220704506e-06,-4.10163915592634,-464.39165091141643,-25.56921235100016
2413.0722809230992,1.0490059658769088e-05,-4.101637656065567,-464.47946218935135,-25.443774230354567
2413.5984743762765,1.4983794471846775e-05,-4.101630933348626,-464.78122662099474,-25.01270836768202
2414.1246678294533,1.9007071704694885e-05,-4.101621969833691,-465.0829944335262,-24.58164487179865
2414.2777872032893,2.0078905755939743e-05,-4.101618976107587,-465.17080796538613,-24.45620832901249
2414.430906577125,2.1102539355761248e-05,-4.10161582344615,-465.258621878014,-24.330772052789722
2414.957100030302,2.422716189081735e-05,-4.1016038678941165,-465.5603968764923,-23.89971358754628
2415.483293483479,2.6680031024145735e-05,-4.101590444922278,-465.8621773447575,-23.468658951642194
2415.636412857315,2.7255829022815405e-05,-4.101586313980969,-465.94999490390984,-23.34322522831231
2415.7895322311506,2.7765473363795338e-05,-4.101582101585905,-466.03781297985705,-23.217791866798535
2416.315725684328,2.8984007719898457e-05,-4.101567131783724,-466.33960320202607,-22.78674405974582
2416.8419191375046,2.9308586282591646e-05,-4.101551755993582,-466.64139996435983,-22.355700831745118
2416.99503851134,2.92222600946316e-05,-4.101547272939873,-466.72922240041663,-22.230270522932653
2417.148157885176,2.9050211650419367e-05,-4.101542811440163,-466.8170453890538,-22.10484060102111
2417.674351338353,2.7774488101612268e-05,-4.1015278113579035,-467.11885260285027,-21.67380469084563
2418.20054479153,2.5365574454845226e-05,-4.101513780691625,-467.42066607326336,-21.242773161558183
2418.353664165366,2.4438065945326337e-05,-4.101509965469233,-467.508493232978,-21.117346160238636
2418.5067835392015,2.3404034589608895e-05,-4.10150630228164,-467.596320851287,-20.99191948003767
2419.0329769923787,1.900572501175277e-05,-4.101495083713334,-467.8981430480678,-20.560894061190808
2419.5591704455555,1.3223147790769908e-05,-4.101486543703016,-468.199969503061,-20.12987162414995
2419.712289819391,1.1266271339634623e-05,-4.101484666220746,-468.28779996017784,-20.00444693181964
2419.8654091932267,9.181335025638683e-06,-4.1014831000769965,-468.37563062075355,-19.87902238196307
2420.391602646404,1.0064035840449263e-06,-4.101480347773672,-468.67746106743573,-19.448002740158184
2420.9177960995808,-8.809201570881553e-06,-4.101482328721631,-468.97929168035245,-19.01698321476232
2421.070915473417,-1.198792036043265e-05,-4.101483918078736,-469.0671224517508,-18.891558742511748
2421.2240348472524,-1.5316367148651552e-05,-4.1014860075023005,-469.1549529778352,-18.766134098479032
2421.7502283004296,-2.7929828955404113e-05,-4.101497302355189,-469.45677923033634,-18.335111519637064
2422.2764217536064,-4.2437949340514614e-05,-4.10151573280757,-469.7585990766542,-17.904084454919175
2422.4295411274425,-4.7029501847638796e-05,-4.101522579297459,-469.8464253319494,-17.778656820302498
2422.582660501278,-5.17918803303143e-05,-4.101530143717475,-469.9342506668117,-17.653228541206165
2423.1088539544553,-6.949278688506048e-05,-4.101561959590745,-470.2360535710991,-17.222189613577708
2423.635047407632,-8.933113532688407e-05,-4.101603651919121,-470.5378406326975,-16.791139593798153
2423.7881667814677,-9.551847506761116e-05,-4.101617800642536,-470.6256554057667,-16.66570391993441
2423.9412861553033,-0.00010189638752115456,-4.101632912998562,-470.71346832503417,-16.540266948327528
2424.4674796084805,-0.0001252972690722746,-4.101692583448401,-471.0152210363293,-16.109192881178917
2424.9936730616573,-0.00015105753034998874,-4.1017651880339905,-471.3169452367094,-15.678098857920736
2425.1467924354934,-0.00015900836262126148,-4.101788923147178,-471.40473914869955,-15.5526485822408
2425.299911809329,-0.00016716731891389282,-4.101813893030772,-471.4925299853061,-15.427196154459741
2425.826105262506,-0.00019681885485142188,-4.101909544775645,-471.79419703946166,-14.996062139904085
2426.352298715683,-0.0002290206156658526,-4.1020214699204205,-472.0958193450935,-14.564896818358935
2426.5054180895186,-0.00023887972187641832,-4.102057288737278,-472.1835803493502,-14.439423519251534
2426.658537463354,-0.0002489614374220282,-4.102094635322228,-472.2713367416197,-14.313946994629095
2427.1847309165314,-0.00028532590029210905,-4.102235086182679,-472.5728732154192,-13.88272164184611
2427.710924369708,-0.00032439026360835105,-4.1023953821203865,-472.8743448406874,-13.45145095130332
2427.8640437435442,-0.00033627191278473475,-4.102445958756838,-472.96205800060227,-13.325944201507662
2428.01716311738,-0.00034838677470823616,-4.102498373290149,-473.049764674493,-13.200432919339693
2428.543356570557,-0.0003918126749436483,-4.102692994598636,-473.35111547277756,-12.769077791866353
2429.069550023734,-0.00043803778310513186,-4.1029112027939645,-473.6523772260922,-12.337660471032931
2429.22266939757,-0.00045201878364601385,-4.1029793419185,-473.74002453666924,-12.212107726624897
2429.3757887714055,-0.0004662389730109347,-4.10304964041223,-473.82766313289943,-12.086548899694222
2429.9019822245828,-0.0005169379383963882,-4.1033081865211996,-474.12876243863974,-11.655018185588599
2430.4281756777596,-0.000570476576071189,-4.103594157202319,-474.42974424461363,-11.22340551173851
2430.581295051595,-0.0005865898802956742,-4.103682738744146,-474.51730450766576,-11.097792044978176
2430.7344144254307,-0.0006029430389588476,-4.103773805712884,-474.6048534635314,-10.97217069782847
2431.260607878608,-0.0006609684380372848,-4.10410621330265,-474.9056243838188,-10.54041104029829
2431.786801331785,-0.0007218076128556785,-4.104469893772712,-475.2062450134316,-10.108546728965477
2431.939920705621,-0.0007400366220121559,-4.1045818093283115,-475.2936937755139,-9.982855612614003
2432.0930400794564,-0.0007585003149592659,-4.104696533348621,-475.3811282704106,-9.85715457209474
2432.6192335326336,-0.0008237298647405636,-4.1051126937798355,-475.6814827086621,-9.425105085770392
2433.1454269858104,-0.0008916766609988744,-4.105563892471748,-475.9816497461248,-8.992925384689604
2433.298546359646,-0.0009119518515973259,-4.10570197533252,-476.0689593071619,-8.86713753433271
2433.4516657334816,-0.0009324505306037003,-4.105843178583182,-476.15625127953354,-8.741337478746054
2433.977859186659,-0.001004578532597,-4.106352692794524,-476.4560900581654,-8.308929971405291
2434.5040526398357,-0.001079256041662099,-4.106900831055268,-476.7557001244124,-7.876363964870932
2434.6571720136717,-0.001101454392049672,-4.107067783672194,-476.8428396218603,-7.750458243155206
2434.8102913875073,-0.0011238590497433074,-4.107238149315885,-476.92995786197974,-7.624537813546453
2435.3364848406845,-0.0012023966176118045,-4.107850078205452,-477.2291711072165,-7.191697222541269
2435.8626782938613,-0.0012832457700789417,-4.108503941219398,-477.5281103468517,-6.758667351223009
2436.015797667697,-0.0013071914841716696,-4.1087022629460055,-477.6150459165698,-6.632620734738865
2436.1689170415325,-0.0013313204687456456,-4.108904262995026,-477.7019562360242,-6.506556708773297
2436.6951104947098,-0.0014155988066480094,-4.1096268804942975,-478.0004240259934,-6.073201751764555
2437.2213039478866,-0.001501883333467053,-4.110394372524951,-478.298568856668,-5.639624545048729
2437.3744233217226,-0.0015273497773188147,-4.110626288928223,-478.38526386992567,-5.513412352611766
2437.527542695558,-0.0015529710538273696,-4.110862113896207,-478.47192934708704,-5.387179879597576
2438.0537361487354,-0.001642152598327816,-4.11170266847012,-478.7695226197539,-4.953223913237551
2438.579929601912,-0.001732976124874081,-4.112590581788991,-479.066740737822,-4.51901092470197
2438.7330489757483,-0.0017596920560798471,-4.112857979253612,-479.15315611191704,-4.392607103570737
2438.886168349584,-0.0017865299348344102,-4.113129473743776,-479.23953741043573,-4.2661799967621725
2439.412361802761,-0.0018796350901668134,-4.114093975747205,-479.536119116871,-3.831532066290301
2439.938555255938,-0.00197397204607052,-4.115107793156523,-479.832270737283,-3.396590988926552
2440.0916746297735,-0.0020016311252059505,-4.115412164583941,-479.9183653117857,-3.2699684508567306
2440.244794003609,-0.002029375917284072,-4.115720774425162,-480.00442106347776,-3.1433195284060593
2440.7709874567863,-0.002125316454852145,-4.116813825845362,-480.29984753208976,-2.707885574582501
2441.297180909963,-0.00222204475348153,-4.117957567805679,-480.594786822626,-2.2721214974351067
2441.450300283799,-0.0022503147196005244,-4.118299971340307,-480.6805177889338,-2.1452524927685426
2441.6034196576347,-0.0022786317896600016,-4.1186467037191905,-480.76620502855667,-2.0183539553222123
2442.129613110812,-0.002376241107958798,-4.119871371398284,-481.0603274969603,-1.582038136713209
2442.655806563989,-0.0024741729606366373,-4.121147485319374,-481.3539041640694,-1.1453549006678003
2442.8089259378244,-0.0025027050536154745,-4.121528515192916,-481.4392275361622,-1.0182114182638644
2442.96204531166,-0.0025312445786369207,-4.12191391098758,-481.5245021760532,-0.8910352510250695
2443.488238764837,-0.002629314763556977,-4.123271643651005,-481.81716844974807,-0.45374133980907927
2444.014432218014,-0.002727239151291938,-4.124680941844923,-482.1092294338154,-0.016042949405689014
2444.16755159185,-0.002755681478189986,-4.1251007146599115,-482.1941005472877,0.1114028706247067
2444.3206709656856,-0.002784092119041172,-4.125524836767868,-482.27891787851826,0.23888448470790394
2444.846864418863,-0.002881422708246975,-4.127015441416537,-482.5699740661138,0.677251682266526
2445.3730578720397,-0.002978154814071038,-4.1285571033250195,-482.86036528898205,1.1160596443925201
2445.5261772458757,-0.0030061664660010613,-4.129015263606179,-482.9447393103941,1.2438351015206321
2445.6792966197113,-0.003034109272730839,-4.129477704607785,-483.02905451204526,1.371649374067716
2446.2054900728886,-0.003129552186293694,-4.13109938856899,-483.3183467712014,1.8111826309994177
2446.7316835260654,-0.0032239732505539515,-4.132771025121254,-483.6069148687838,2.2511916457149885
2446.884802899901,-0.0032512348244153277,-4.1332667678502295,-483.69074729605205,2.3793230901179836
2447.0379222737365,-0.0032783933662669847,-4.133766674142405,-483.77451593357995,2.50749624160247
2447.5641157269138,-0.0033708854772239957,-4.135516139183454,-484.0618921655721,2.9482846111643495
2448.0903091800906,-0.003461974078117716,-4.137313903708853,-484.3484861492256,3.389581969162056
2448.2434285539266,-0.003488196946593843,-4.137846009657259,-484.4317332878608,3.5180944462704247
2448.396547927762,-0.0035142867266855617,-4.138382118233686,-484.5149117857771,3.64665135502584
2448.9227413809394,-0.003602883836147754,-4.140254698343143,-484.8002232303578,4.088779000493589
2449.4489348341162,-0.0036897515785669446,-4.142173442680758,-485.08469603007967,4.531446692290036
2449.602054207952,-0.0037146884472966583,-4.142740327409289,-485.1673154314228,4.660363631931248
2449.7551735817874,-0.003739467394971766,-4.143311016439713,-485.24986150627785,4.789327529021124
2450.2813670349647,-0.003823379133746356,-4.145300863816834,-485.53296418666287,5.2328727208830506
2450.8075604881415,-0.003905301982983705,-4.147334341731211,-485.8151740235719,5.676986508797084
2450.9606798619775,-0.003928755004300649,-4.147934117786471,-485.89712486944273,5.806329469921691
2451.113799235813,-0.003952031086098505,-4.148537470000533,-485.9789979075679,5.935721690670987
2451.6399926889903,-0.004030642367408011,-4.150637780780749,-486.25975387336615,6.3807560062284105
2452.166186142167,-0.004107075168444779,-4.152778883151504,-486.5395654136227,6.82638470854241
2452.319305516003,-0.004128898930060807,-4.153409429759255,-486.62080883471975,6.956173187129417
2452.4724248898387,-0.004150532710856675,-4.154043302586512,-486.7019702026989,7.086012986340529
2452.998618343016,-0.004223410228436146,-4.156246560265857,-486.98024853527346,7.532600730879026
2453.524811796193,-0.004293991175241848,-4.15848756139758,-487.25753379851267,7.979805730025075
2453.6779311700284,-0.004314093908855201,-4.159146596526419,-487.3380331202677,8.110057032307882
2453.831050543864,-0.00433399971494772,-4.159808694351849,-487.41844640239407,8.240361464814722
2454.357243997041,-0.004400895745815713,-4.162106919478487,-487.69412396612626,8.688559316977358
2454.883437450218,-0.004465449129165849,-4.164439728515714,-487.9687629750972,9.137394290879895
2455.036556824054,-0.004483793170246461,-4.165124882281534,-488.04848388738253,9.268123471213325
2455.1896761978896,-0.004501939324128334,-4.165812829883993,-488.1281150466055,9.398907336912345
2455.715869651067,-0.004562790322042737,-4.168197832331545,-488.4010769745725,9.848764214163786
2456.2420631042437,-0.0046213208752979495,-4.170614243674422,-488.6729581361621,10.299275084380989
2456.3951824780793,-0.004637920066073692,-4.1713231305404275,-488.7518687844666,10.430494945390507
2456.548301851915,-0.004654325865020256,-4.172034544865105,-488.8306862447683,10.561770796103744
2457.074495305092,-0.0047092387040205555,-4.1744981661841205,-489.1008261548947,11.013327928622427
2457.600688758269,-0.004761913620119463,-4.176990093489319,-489.36984637454265,11.46555300913632
2457.753808132105,-0.004776827470465095,-4.1777203784714505,-489.44791737452505,11.597274158513022
2457.9069275059405,-0.0047915571738251376,-4.178452933947155,-489.525892027213,11.729052360643994
2458.433120959118,-0.004840787818951748,-4.1809872646192625,-489.7931119820396,12.182343549810644
2458.9593144122946,-0.004887915014088269,-4.1835469467237205,-490.05917653069827,12.636313868732149
2459.1124337861306,-0.0049012424174549145,-4.184296403154322,-490.13638091260725,12.768544824033015
2459.265553159966,-0.004914398948312725,-4.185047888496525,-490.21348605332014,12.900833668192696
2459.7917466131435,-0.0049583307120890895,-4.187645455806859,-490.47769628830355,13.355885698504114
2460.3179400663203,-0.005000336472727386,-4.190265632998554,-490.7407184483863,13.811625460844127
2460.471059440156,-0.005012209001493146,-4.191032191594994,-490.817031539165,13.944372793022858
2460.6241788139914,-0.0050239271302307525,-4.191800557833352,-490.893242743488,14.077178641337829
2461.1503722671687,-0.005063046073681642,-4.194454482728969,-491.1543611915252,14.534011813794464
2461.6765657203455,-0.005100448588030165,-4.197128540169643,-491.41426171098067,14.991538973041685
2461.8296850941815,-0.005111022430699524,-4.197910328104703,-491.4896609629154,15.12480747921704
2461.982804468017,-0.005121460591676787,-4.198693726421152,-491.56495590966875,15.258134940764634
2462.5089979211944,-0.0051563268204633415,-4.201397843783298,-491.82290755492863,15.716763694251693
2463.035191374371,-0.0051897075704003485,-4.204119916702143,-492.07961394549244,16.17609059839367
2463.1883107482067,-0.005199155412144578,-4.204915285389721,-492.15407872244805,16.3098834937112
2463.3414301220423,-0.005208487717047987,-4.205712093682226,-492.2284369758816,16.4437356179111
2463.8676235752196,-0.005239709250966376,-4.20846103456209,-492.48315307660107,16.904169203690024
2464.3938170283964,-0.005269688834987591,-4.211226077255744,-492.73659879632066,17.365303281633114
2464.5469364022324,-0.005278193173292881,-4.2120336200907715,-492.81011012908687,17.4996224006091
2464.700055776068,-0.005286602841028709,-4.212842459691298,-492.8835128913909,17.63400087912092
2465.2262492292452,-0.005314813736862326,-4.215631701279674,-493.13493010952294,18.09624405744429
2465.752442682422,-0.005342030560377019,-4.218435525719568,-493.3850536653586,18.55918851714539
2465.9055620562576,-0.00534977751323356,-4.219254087221103,-493.45759398613137,18.694034516575677
2466.058681430093,-0.005357450673583535,-4.220073831089049,-493.5300238301584,18.828939885949282
2466.5848748832705,-0.0053832894253048056,-4.222899717544635,-493.77808330113606,19.292993619254894
2467.1110683364473,-0.0054083780096959785,-4.225739002815642,-494.02482730442756,19.757748133348418
2467.2641877102833,-0.00541555105849255,-4.226567679227199,-494.09638016999696,19.89312068991395
2467.417307084119,-0.005422670585356355,-4.227397451611646,-494.1678207617885,20.02855252820091
2467.943500537296,-0.0054467601755709685,-4.230257185886494,-494.41246713779395,20.494414648000767
2468.469693990473,-0.005470333869628265,-4.233129460215408,-494.6557773460281,20.96097600505019
2468.622813364309,-0.00547710946572052,-4.233967592635896,-494.72632715930524,21.0968740015035
2468.7759327381445,-0.005483850855741983,-4.234806761556137,-494.7967629799297,21.23283111286719
2469.302126191322,-0.005506786685472024,-4.237698375221766,-495.03794347772583,21.700496941346
2469.8283196444986,-0.005529428203403547,-4.240601980138367,-495.2777678502482,22.168859646494898
2469.981439018334,-0.0055359733855593245,-4.24144914322592,-495.3472995873563,22.305281342305296
2470.1345583921698,-0.005542502491205172,-4.242297308803896,-495.416715660924,22.441761925765693
2470.660751845347,-0.00556484505758974,-4.245219619460079,-495.654379135004,22.911224840794663
2471.186945298524,-0.005587099253155875,-4.2481536633783445,-495.89066691979144,23.381381657098903
2471.34006467236,-0.005593569444922763,-4.249009651131039,-495.95916586716396,23.518324841409463
2471.4931840461954,-0.005600040232762427,-4.2498666310353075,-496.0275474992951,23.655326641710044
2472.0193774993727,-0.005622307055345535,-4.252819189517788,-496.2616435543287,24.126578579046353
2472.5455709525495,-0.005644673164528586,-4.2557834907785095,-496.4943444194713,24.598521003897815
2472.698690326385,-0.005651210143434876,-4.256648299201603,-496.561795925008,24.735983129208478
2472.8518097002207,-0.005657762843270551,-4.257514111030377,-496.6291284558189,24.873503568247557
2473.378003153398,-0.005680424046115899,-4.260497139079426,-496.85960661253023,25.346535455765203
2473.9041966065747,-0.0057033545111474905,-4.26349216214705,-497.08866983568487,25.820254128090202
2474.0573159804107,-0.005710086719107323,-4.26436597065487,-497.1550590774574,25.9582324236675
2474.2104353542463,-0.005716848365123016,-4.2652408133945166,-497.22132765230356,26.096268711649856
2474.7366288074236,-0.005740330098497955,-4.268255140969001,-497.4481365752557,26.57107083421518
2475.2628222606004,-0.005764235445744825,-4.2712819359292755,-497.67351029507216,27.046555873504335
2475.4159416344364,-0.005771279501008467,-4.2721650902594455,-497.7388220678276,27.185047439302558
2475.569061008272,-0.00577836544039836,-4.273049327414202,-497.8040114257098,27.323596666571255
2476.0952544614493,-0.005803054434458413,-4.276096336381686,-498.0270982103085,27.80015896602463
2476.621447914626,-0.005828306510558659,-4.279156484681248,-498.24872873481354,28.277400248736406
2476.7745672884616,-0.005835767837975341,-4.28004948139072,-498.31294725263274,28.416402131510676
2476.927686662297,-0.005843282268499152,-4.28094362557969,-498.3770415306078,28.55546134273635
2477.4538801154745,-0.005869527364503294,-4.28402519723132,-498.59635104429714,29.033773658336294
2477.9800735686513,-0.005896461681615869,-4.28712076021246,-498.8141822125649,29.51276103625301
2478.1331929424873,-0.00590443559287863,-4.288024231954433,-498.8772909269253,29.652270289023175
2478.286312316323,-0.00591247287253957,-4.288928930381828,-498.9402734798446,29.791836540866257
2478.8125057695,-0.005940591650684249,-4.292047397495493,-499.1557477552463,30.2718887939254
2479.338699222677,-0.005969516879893153,-4.295180872700762,-499.36972034869723,30.752612258735347
2479.4918185965125,-0.005978091793596906,-4.2960955765225535,-499.4317017803156,30.892625985078926
2479.644937970348,-0.005986739775601435,-4.2970115997581,-499.49355501395667,31.032696388930415
2480.1711314235254,-0.006017030471292657,-4.300169712130739,-499.70513268439544,31.514478718365176
2480.697324876702,-0.006048239902282103,-4.303344004985389,-499.91518387408576,31.99692852076631
2480.850444250538,-0.006057500374485444,-4.304270815208938,-499.97601945389397,32.137443906595344
2481.003563624374,-0.006066843272470343,-4.305199050511508,-500.0367246666495,32.278015659103275
2481.529757077551,-0.006099592743359705,-4.308399954943459,-500.24434042665183,32.76151851726023
2482.055950530728,-0.006133369776952633,-4.311618362280968,-500.45040323958324,33.2456852492898
2482.209069904564,-0.006143397716739903,-4.312558266187238,-500.5100731542909,33.386699584379436
2482.3621892783995,-0.006153517256226147,-4.3134997133905495,-500.5696103830826,33.52776998789613
2482.8883827315767,-0.00618900537920386,-4.316746940863349,-500.77319446128,34.01298420269993
2483.4145761847535,-0.006225629900098725,-4.320013140936694,-500.9751972560679,34.49885884768108
2483.567695558589,-0.006236507038196398,-4.3209672365403655,-501.03368029591945,34.64036953798262
2483.7208149324247,-0.006247485177213935,-4.321923006226217,-501.0920281639989,34.78193601191488
2484.247008385602,-0.0062859961382751356,-4.325220469299782,-501.29150579974873,35.26885281880314
2484.7732018387787,-0.0063257575892432414,-4.328538525588732,-501.48937174036234,35.756426773158786
2484.9263212126148,-0.00633756938819871,-4.329508024084834,-501.54664514501695,35.89843134540261
2485.0794405864503,-0.00634949217365393,-4.330479340594,-501.60378070724977,36.040491430075534
2485.6056340396276,-0.006391326522886564,-4.33383134812665,-501.79907161315543,36.52910248008298
2486.1318274928044,-0.006434532849722462,-4.337205729582798,-501.9927181203851,37.01836755390978
2486.28494686664,-0.006447370286913186,-4.338191962040956,-502.04875741683327,37.16086365446224
2486.4380662404756,-0.00646032927507663,-4.33918017041832,-502.1046559964569,37.303415009379684
2486.964259693653,-0.00650580582978697,-4.3425914523448235,-502.2956737879418,37.79371235870943
2487.4904531468296,-0.006552782428074369,-4.346027058393241,-502.48501195421807,38.28466075807901
2487.6435725206657,-0.0065667414452891815,-4.347031482851876,-502.5397907837021,38.427646146356324
2487.7966918945012,-0.006580833195766065,-4.348038055885319,-502.594425798019,38.5706865429278
2488.3228853476785,-0.006630288801317513,-4.3515137870665965,-502.7810773851226,39.0626626224656
2488.8490788008553,-0.0066813811597083465,-4.355015972088049,-502.966011351796,39.55528691007159
2489.002198174691,-0.006696564078744815,-4.356040181014937,-503.01950128582575,39.69875944535515
2489.1553175485265,-0.006711891739381087,-4.357066726909429,-503.0728440608979,39.84228675292599
2489.6815110017037,-0.006765687626207867,-4.360612555711213,-503.255029000928,40.33593431422538
2490.2077044548805,-0.0068212671530484634,-4.364187160826299,-503.4354552933395,40.83022734598515
2490.3608238287165,-0.0068377839070272745,-4.365232890929654,-503.48762563666537,40.97418496719621
2490.513943202552,-0.006854458141849466,-4.366281163250567,-503.53964520866856,41.1181971319939
2491.0401366557294,-0.006912979578015772,-4.369903246156908,-503.71725501058427,41.61350916858461
2491.566330108906,-0.006973436985119521,-4.373556632007443,-503.8930618230025,42.10946400424628
2491.719449482742,-0.006991401867233336,-4.374625772957812,-503.94387940200687,42.253904701757904
2491.872568856578,-0.007009537098684461,-4.375697678840329,-503.99454230420184,42.39839971762447
2492.398762309755,-0.0070731773255725,-4.37940270339693,-504.16745968661525,42.895369355580705
2492.924955762932,-0.0071389044633601816,-4.3831417640837005,-504.3385261282766,43.392979133764484
2493.0780751367674,-0.007158430968744397,-4.384236360719658,-504.3879550699697,43.5379009097827
2493.231194510603,-0.007178140403293668,-4.385333962324207,-504.4372251111983,43.68287677698153
2493.7573879637803,-0.007247285863914895,-4.38912914685662,-504.60532323890817,44.18149712056711
2494.283581416957,-0.007318663920973772,-4.39296130266654,-504.771518569778,44.68075488319875
2494.436700790793,-0.007339861753148135,-4.394083551789422,-504.81952007977935,44.82615569642826
2494.5898201646287,-0.007361254401868283,-4.395209062603458,-504.8673581227396,44.971610364334055
2495.116013617806,-0.0074362738285332205,-4.399102140103855,-505.03049984784667,45.47187428351989
2495.6422070709827,-0.007513659045782784,-4.403035314767178,-505.19168272717377,45.9727727380586
2495.7953264448183,-0.00753662888822601,-4.4041875570231594,-505.23821487294686,46.11865042953296
2495.948445818654,-0.007559803795865628,-4.405343332883126,-505.28457861855645,46.26458172011778
2496.474639271831,-0.00764102293011022,-4.409342512259184,-505.44261574943323,46.76648156915647
2497.000832725008,-0.00772471363415381,-4.413385078873876,-505.5986335263232,47.269012776439254
2497.153952098844,-0.007749536254992756,-4.414569779559593,-505.64365103594116,47.4153649725201
2497.3070714726796,-0.0077745712407557245,-4.415758297805379,-505.688494824954,47.56177048042625
2497.833264925857,-0.007862233245340935,-4.419872178647003,-505.84126746970765,48.065297730996086
2498.3594583790336,-0.00795243195141579,-4.424032854059385,-505.9919555738667,48.569452699810284
2498.5125777528697,-0.007979158071505179,-4.425252568685673,-506.03540966914926,48.71627668654595
2498.6656971267053,-0.00800609999904471,-4.4264763922189125,-506.0786843204242,48.86315364990412
2499.1918905798825,-0.008100335389409633,-4.430713830774824,-506.2260203735838,49.368298419357544
2499.7180840330593,-0.008197122049898508,-4.435001526607018,-506.37120187413063,49.874066590581016
2499.871203406895,-0.008225764824187333,-4.436258854991109,-506.41304015699654,50.021359155119185
2500.0243227807305,-0.00825462201834738,-4.437520585161201,-506.45469286084005,50.168704293118374
2500.5505162339077,-0.008355420796237653,-4.441890523414636,-506.59640769254236,50.6754547566979
2501.0767096870845,-0.008458719937746573,-4.446314159162564,-506.7358930803939,51.18282336910719
2501.2298290609206,-0.008489244040985711,-4.447611687662315,-506.7760594883367,51.33058060632616
2501.382948434756,-0.008519974785551119,-4.44891390480019,-506.81603377098776,51.47838992183375
2501.9091418879334,-0.00862714196492184,-4.453425151394728,-506.95193017726245,51.98673160341881
2502.43533534111,-0.008736673893094854,-4.457993410815112,-507.08551743786245,52.49568493576376
2502.588454714946,-0.008768981136861783,-4.459333636503546,-507.1239522900634,52.643902018444585
2502.7415740887814,-0.008801479538713068,-4.46067882197421,-507.1621880717027,52.79217056399467
2503.2677675419586,-0.008914590953605079,-4.465339768558721,-507.2920565696304,53.30208549967362
2503.7939609951354,-0.009029836261241412,-4.4700607950494184,-507.41953163574954,53.81260398501738
2503.9470803689715,-0.009063757258255572,-4.47144603379087,-507.4561717961826,53.961274897010625
2504.100199742807,-0.009097845625022964,-4.472836476834478,-507.4926055685127,54.10999650400844
2504.6263931959843,-0.009216226759817411,-4.477654770316749,-507.6162251201401,54.621462281926355
2505.152586649161,-0.00933640980270761,-4.482535829253248,-507.7373627769279,55.13352150452384
2505.305706022997,-0.009371699441538829,-4.483968115933003,-507.7721419526977,55.28263874130799
2505.4588253968327,-0.009407123729877613,-4.485405813148895,-507.8067070932856,55.431805717413155
2505.98501885001,-0.009529831749662097,-4.490388004590149,-507.9238463097653,55.94479441503656
2506.5112123031868,-0.00965389798402454,-4.495435121529871,-508.03841159623505,56.45836401593367
2506.6643316770223,-0.00969022774874862,-4.496916102411404,-508.0712607834825,56.6079182608879
2506.817451050858,-0.009726649599126376,-4.498402648980629,-508.10388801921124,56.75752106416091
2507.343644504035,-0.00985244542523861,-4.50355380981642,-508.21430689058013,57.27199811375204
2507.869837957212,-0.009979038859611758,-4.508771373440469,-508.3220570482347,57.78704063790997
2508.022957331048,-0.010015992448830113,-4.510302188535194,-508.35290514148676,57.937020424227455
2508.1760767048836,-0.010052986081189416,-4.511838660078437,-508.3835231771349,58.087047324226994
2508.702270158061,-0.010180335678560637,-4.517161974998323,-508.486975381512,58.60297034420478
2509.2284636112377,-0.010307817617805639,-4.52255233526132,-508.5876623935273,59.119440072698794
2509.3815829850732,-0.010344899478080786,-4.524133503699967,-508.61643696760046,59.26983144504244
2509.534702358909,-0.010381961215039868,-4.525720342957041,-508.6449732866999,59.420268185658976
2510.060895812086,-0.010509074193600481,-4.531216733233716,-508.74120908507,59.937585834416865
2510.587089265263,-0.01063556582772138,-4.5367798460538316,-508.83458278441003,60.45542766622584
2510.740208639099,-0.010672213335053977,-4.538411167006528,-508.86121103748883,60.6062138622097
2510.8933280129345,-0.010708773582928292,-4.540048086582944,-508.88759286230226,60.75704334675455
2511.4195214661117,-0.01083363975259294,-4.545715888661724,-508.9763625228923,61.275694271794556
2511.9457149192885,-0.010957054424488811,-4.55144901261719,-509.0621742041468,61.794842729668744
2512.0988342931246,-0.010992647007183933,-4.553129480111391,-509.08658404273615,61.946003902769654
2512.25195366696,-0.011028079873518582,-4.554815378859661,-509.11073943403034,62.09720592285773
2512.7781471201374,-0.011148511787419418,-4.560650069409982,-509.19179712294505,62.61711787806943
2513.304340573314,-0.011266620355754889,-4.566547519180334,-509.26980359390006,63.13749631021107
2513.45745994715,-0.011300504325045951,-4.5682752574086205,-509.2919248398873,63.28900931491906
2513.6105793209854,-0.01133415492602304,-4.570008159724942,-509.3137839153622,63.44056034403059
2514.1367727741626,-0.011447900802942808,-4.576002183496871,-509.3868919630587,63.96164954858799
2514.6629662273394,-0.011558465689826072,-4.58205522269649,-509.45685990742965,64.48316960274514
2514.8160856011755,-0.011589995630778815,-4.583827468631269,-509.47662558068714,64.63500786492307
2514.969204975011,-0.011621221829891545,-4.585604513217507,-509.4961218015447,64.78688093977581
2515.4953984281883,-0.011726105947471185,-4.591747293362839,-509.56105514039825,65.30905175867797
2516.021591881365,-0.011827007517973064,-4.597944215049081,-509.6227655510364,65.8316132059419
2516.1747112552007,-0.011855578685700611,-4.599757353995921,-509.6401131530832,65.98374669970246
2516.3278306290363,-0.011883781597349829,-4.601574834301423,-509.6571846034051,66.13591141000148
2516.8540240822135,-0.011977792797415017,-4.6078529423677494,-509.7137351205641,66.659056419302
2517.3802175353903,-0.012067107204423966,-4.614179282801193,-509.7669875648739,67.18254737702078
2517.5333369092264,-0.012092178920702346,-4.616028918018102,-509.78186029996266,67.33494271959863
2517.686456283062,-0.012116827988181807,-4.617882355785687,-509.796450897503,67.48736531641366
2518.212649736239,-0.012198230006757708,-4.624279798195353,-509.84443150989784,68.0113657792565
2518.738843189416,-0.01227438123285297,-4.630718692347952,-509.8890480416001,68.53566334764326
2518.8919625632516,-0.012295529772011999,-4.632599764610822,-509.90139591867825,68.68828401482084
2519.045081937087,-0.012316218194805644,-4.6344840375061045,-509.9134564978197,68.84092763949894
2519.5712753902644,-0.012383754637842697,-4.640982763858151,-509.95270471046,69.36565439586634
2520.097468843441,-0.01244571853838316,-4.64751556132668,-509.9885331289888,69.89062570412156
2520.2505882172773,-0.012462691932845738,-4.649422548299614,-509.99831384538885,70.04343236339146
2520.403707591113,-0.012479188170118925,-4.651332096968621,-510.00780300943643,70.19625739317864
2520.92990104429,-0.012532219783319391,-4.657912764942907,-510.0381835829313,70.72157214050829
2521.456094497467,-0.01257958623222926,-4.664519847318686,-510.06509967218847,71.24707576085461
2521.609213871303,-0.012592305693308704,-4.666447005588684,-510.0722791800772,71.40002670598618
2521.7623332451385,-0.012604548161351814,-4.668376075635386,-510.0791638297852,71.55299119813073
2522.2885266983158,-0.012642987470922832,-4.675018863939167,-510.1005703043384,72.07874808442584
2522.8147201514926,-0.012675854886761798,-4.681680412808984,-510.11847891976663,72.60463571415009
2522.967839525328,-0.012684382758983528,-4.683621989899707,-510.12303166339075,72.75768736858066
2523.1209588991637,-0.012692449357338488,-4.685564839575448,-510.127287200004,72.91074756915211
2523.647152352341,-0.012716682507344536,-4.692250130916641,-510.1396423421086,73.43679497638553
2524.173345805518,-0.012735626603274323,-4.698946782049897,-510.14847747875035,73.96291326206276
2524.326465179354,-0.012740167165578431,-4.700897204920344,-510.15038634505447,74.11602071493
2524.4795845531894,-0.01274427910793673,-4.702848293855878,-510.15199658933466,74.2691315964917
2525.0057780063667,-0.012755199249752923,-4.709557333542339,-510.15525187286437,74.79531399529051
2525.5319714595435,-0.012761321137210005,-4.716270856930913,-510.15497576463156,75.32150638585338
2525.685090833379,-0.012762234243328884,-4.718224935001184,-510.1542317477361,75.4746239285911
2525.8382102072146,-0.012762768639568144,-4.720179128883778,-510.1531885708128,75.62773972484644
2526.364403660392,-0.012761802490534598,-4.726894740613968,-510.14732264629697,76.15389949121747
2526.8905971135687,-0.012756717287254719,-4.733608760253168,-510.1379238279623,76.68000800949602
2527.0437164874047,-0.012754505647329748,-4.7355618927417655,-510.1345253884928,76.83308964035628
2527.1968358612403,-0.012751978529041922,-4.737514668315545,-510.1308280376518,76.9861643449706
2527.7230293144175,-0.01274099239537042,-4.744221931067578,-510.1158441618466,77.5121434248983
2528.2492227675943,-0.012726686931902773,-4.75092253968319,-510.09733453216563,78.03801024349295
2528.4023421414304,-0.012721946927084171,-4.752870879166018,-510.0912866787402,78.19101010721853
2528.555461515266,-0.012716961620076381,-4.754818480346242,-510.0849408326684,78.34399790446984
2529.081654968443,-0.012698070397193058,-4.761505200502031,-510.060863437556,78.86963922004358
2529.60784842162,-0.012676706489056846,-4.768181329664615,-510.0332745855586,79.39510794594517
2529.7609677954556,-0.012670072725213788,-4.770121870182699,-510.0245877682296,79.54798068341503
2529.914087169291,-0.012663265995579293,-4.772061388141527,-510.0156044158875,79.70083628676376
2530.4402806224684,-0.012638668754376286,-4.778718314869366,-509.9824751655503,80.22598481269095
2530.9664740756452,-0.012612463311487269,-4.785361875577314,-509.9458543196297,80.75090142660474
2531.1195934494813,-0.01260458444739542,-4.78729248285621,-509.9345432368981,80.90360242194444
2531.272712823317,-0.01259660701749234,-4.789221882788434,-509.9229374788746,81.05628130929065
2531.798906276494,-0.012568559441879477,-4.795842787038727,-509.8808111174329,81.5807847902415
2532.325099729671,-0.012539797358515943,-4.802448744853702,-509.8352169460595,82.10499822162255
2532.4782191035065,-0.012531343590112404,-4.804368180495708,-509.82129931474776,82.25748374258885
2532.631338477342,-0.012522867125196634,-4.806286326487347,-509.80708912917237,82.40994228445412
2533.1575319305193,-0.012493684568575697,-4.812868091841954,-509.7560292071582,82.93365158169811
2533.683725383696,-0.012464673201308025,-4.819434546565675,-509.70152750133144,83.45701390962877
2533.836844757532,-0.012456310862627752,-4.821342485470052,-509.6850227932139,83.60924113861842
2533.9899641313677,-0.012447998058159602,-4.823249153705732,-509.6682277708251,83.76143661693179
2534.516157584545,-0.012419919773255888,-4.829791778535439,-509.60830229433344,84.28420567988067
2535.042351037722,-0.01239282094897002,-4.836319886448332,-509.54496164468975,84.80657196470781
2535.195470411558,-0.01238516111824709,-4.838216876739465,-509.52588984019906,84.95849892427326
2535.3485897853934,-0.012377614416265881,-4.840112707982351,-509.50652994568577,85.1103894468576
2535.8747832385707,-0.012352639044609754,-4.84661908332167,-509.4378071961063,85.6320749377107
2536.4009766917475,-0.012329337443941367,-4.8531127571475965,-509.3656949636078,86.15330272749158
2536.554096065583,-0.012322906589285304,-4.855000120714884,-509.3440754138146,86.30488811602767
2536.7072154394186,-0.01231664273022846,-4.856886516642279,-509.3221698643463,86.45643244347092
2537.233408892596,-0.01229647166630389,-4.863362047811724,-509.2447146816293,86.97689307868993
2537.7596023457727,-0.012278550560468284,-4.869827557055992,-509.16389350277205,87.49684165995558
2537.9127217196087,-0.012273786673470738,-4.871707271699933,-509.13974395587644,87.6480446180965
2538.0658410934443,-0.012269232977402364,-4.873586276242775,-509.1153102671691,87.79920192354905
2538.5920345466216,-0.012255250766566134,-4.880038469706822,-509.0291809229745,88.31829760133223
2539.1182279997984,-0.012243957990950235,-4.886484013404665,-508.939705823449,88.83682706154165
2539.271347373634,-0.012241197251695401,-4.8883585847700335,-508.9130416311872,88.98760688861161
2539.4244667474695,-0.0122386775060188,-4.890232754003983,-508.8860948454019,89.13833646992641
2539.950660200647,-0.012231899144671161,-4.89667075210624,-508.79134055825784,89.6559272519569
2540.4768536538236,-0.01222809715504092,-4.9031059665527845,-508.69325673976834,90.17289742559643
2540.6299730276596,-0.012227561657175904,-4.904978280016254,-508.6640902664189,90.32321326798385
2540.783092401495,-0.012227285231932759,-4.906850532405251,-508.63464238544924,90.47347423440051
2541.3092858546725,-0.012228334715778793,-4.91328458910094,-508.531301563123,90.98941926057933
2541.8354793078493,-0.012232505315988452,-4.919720019183651,-508.4246429410693,91.50468863897092
2541.9885986816853,-0.012234309634987712,-4.9215931871639915,-508.3929831936143,91.65449917352937
2542.141718055521,-0.012236379859507363,-4.9234666519104815,-508.3610428338499,91.80425012973738
2542.667911508698,-0.012245528623588912,-4.9299076242650255,-508.2491420723736,92.31840654079122
2543.194104961875,-0.01225781603565809,-4.9363542364073405,-508.13393055276157,92.83183121344277
2543.3472243357105,-0.012261978692169485,-4.93823146101234,-508.09978302090633,92.98109434404914
2543.500343709546,-0.012266403549352347,-4.9401093423052584,-508.06535527541416,93.13029308912026
2544.0265371627233,-0.012283599130244361,-4.946568234607984,-507.9449090504708,93.64251501260567
2544.5527306159,-0.0123038287287717,-4.953036973352902,-507.82115447086494,94.1539476907567
2544.705849989736,-0.012310276264378098,-4.954921418940611,-507.78452115559725,94.30262027227148
2544.8589693635718,-0.012316972327298037,-4.956806869226952,-507.7476076430877,94.45122352760161
2545.385162816749,-0.012341853082681277,-4.96329440183812,-507.61861863221026,94.96136117601816
2545.911356269926,-0.01236955338778698,-4.969795768354181,-507.48631931721303,95.47065034724272
2546.0644756437614,-0.01237812915052188,-4.971690441243776,-507.4471989352898,95.61868795111141
2546.217595017597,-0.012386931523119711,-4.973586442392197,-507.4077980233774,95.76665113148256
2546.7437884707742,-0.01241887179249411,-4.980112657501863,-507.27025801327096,96.27455005936679
2547.269981923951,-0.012453333029915697,-4.986656342630604,-507.12940188663185,96.78153931550641
2547.423101297787,-0.012463816047878312,-4.988563990458402,-507.08779023036385,96.9288960480477
2547.5762206716227,-0.012474497506914387,-4.9904732559256,-507.0458974107301,97.07617308622571
2548.1024141248,-0.012512671240751632,-4.997047203702922,-506.89978869696677,97.58167363634381
2548.6286075779767,-0.012553000689151597,-5.0036418054105125,-506.7503548386129,98.08620119682277
2548.7817269518123,-0.012565119291229474,-5.005564840164554,-506.7062452559182,98.23282957524123
2548.934846325648,-0.01257740294717622,-5.007489740028025,-506.66185363592973,98.37937280470382
2549.461039778825,-0.012620819921434077,-5.014119233946257,-506.5071507954001,98.88230975692976
2549.987233232002,-0.012665970881900612,-5.020772029798192,-506.3491113342142,99.38420819977016
2550.140352605838,-0.012679410528653132,-5.022712464284128,-506.30249530045444,99.5300590896423
2550.2934719796735,-0.012692977664877711,-5.02465496299282,-506.25559618409676,99.67581918926734
2550.819665432851,-0.012740513007164016,-5.031346375317796,-506.0922681376792,100.17602162634051
2551.3458588860276,-0.012789321262908252,-5.038063135328037,-505.92559040847186,100.67511784153334
2551.4989782598636,-0.012803737008104773,-5.040022532493567,-505.8764581702538,100.8201404599047
2551.652097633699,-0.012818240275946684,-5.0419841401238,-505.82704170856425,100.9650664645618
2552.1782910868765,-0.012868685021650495,-5.048742251349733,-505.65505400217575,101.46235786578302
2552.7044845400533,-0.012919921932087046,-5.055527114686546,-505.47970288561197,101.95847323680015
2552.857603913889,-0.012934953309750773,-5.057506557057363,-505.4280441504719,102.10261522132107
2553.0107232877244,-0.012950030974060172,-5.059488300908177,-505.37610003450607,102.24665459826684
2553.5369167409017,-0.01300213345655398,-5.066316217298898,-505.19541723989573,102.74085315675077
2554.0631101940785,-0.013054535118678837,-5.073171628387979,-505.0113575847176,103.23380396168915
2554.2162295679145,-0.013069812236075593,-5.075171702037695,-504.9571622283727,103.37701150293779
2554.36934894175,-0.013085093520181593,-5.077174111520121,-504.90268039728596,103.52011029116908
2554.8955423949274,-0.013137573076535456,-5.084073218103518,-504.7132685489013,104.01102944620999
2555.421735848104,-0.013189851048268586,-5.0909998860496355,-504.52046761028333,104.50062747316069
2555.5748552219397,-0.01320499794262742,-5.093020669773872,-504.4637263857071,104.64284550933176
2555.7279745957753,-0.013220106655592166,-5.0950437661785655,-504.4066977353915,104.78494852130918
2556.2541680489526,-0.013271670616313066,-5.102013696667611,-504.208526760671,105.27239770537562
2556.7803615021294,-0.013322536568520652,-5.109010576131449,-504.00695661717555,105.75845108184984
2556.9334808759654,-0.013337179942476508,-5.111051638519333,-503.9476618543429,105.89962355543234
2557.086600249801,-0.013351743676375925,-5.113094933412622,-503.88807893509886,106.04067464053189
2557.6127937029783,-0.013401120521996114,-5.12013357616742,-503.68112503272664,106.52446023545532
2558.138987156155,-0.013449317025995926,-5.127197890151101,-503.4707649269518,107.00677446088042
2558.292106529991,-0.013463093865481746,-5.129258299196975,-503.40891120543887,107.14684463298096
2558.4452259038267,-0.013476750892259675,-5.131320805107659,-503.34676889039287,107.28678699792975
2558.971419357004,-0.013522707508078782,-5.138424346452434,-503.13101679237207,107.76671348162519
2559.4976128101807,-0.013567017125527318,-5.145551636547699,-502.91185533507434,108.24509264295669
2559.6507321840163,-0.013579576153391521,-5.147629974958706,-502.84744011384316,108.38400345966281
2559.803851557852,-0.013591976618183385,-5.149710220949701,-502.7827362234217,108.52278004053329
2560.330045011029,-0.013633321789146096,-5.156873199666116,-502.5581812995886,108.99865130779196
2560.856238464206,-0.013672572862291149,-5.164057382990524,-502.33021850789345,109.47289946471506
2561.009357838042,-0.013683577261871228,-5.166151765386846,-502.26324270556324,109.6105939720284
2561.1624772118776,-0.013694386434922247,-5.168247814732237,-502.19597858178287,109.74814785437788
2561.688670665055,-0.013729987425248552,-5.175463187826754,-501.9626287666019,110.21976869965697
2562.2148641182316,-0.013763077479816246,-5.182696633310324,-501.72587791359274,110.68969142463045
2562.367983492067,-0.013772212695694844,-5.184804730915079,-501.6563464312597,110.82611322677609
2562.521102865903,-0.013781118936811595,-5.1869142069488126,-501.5865274532403,110.9623881082735
2563.04729631908,-0.013809927957805087,-5.194173447830865,-501.3444049589092,111.42956584665606
2563.573489772257,-0.013835846157769378,-5.201447087265602,-501.0988941909604,111.89497188981647
2563.726609146093,-0.013842825184866651,-5.203566162334455,-501.026816363862,112.03006564116569
2563.8797285199284,-0.013849544751782884,-5.20568628364691,-500.95445239075013,112.16500632663085
2564.4059219731057,-0.013870611877468237,-5.212979507768314,-500.7035951608672,112.62755251701127
2564.9321154262825,-0.013888448592959773,-5.22028296736298,-500.4493688430109,113.08825555969759
2565.0852348001185,-0.013893014553080115,-5.222409912324273,-500.37475881124965,113.22196748003329
2565.238354173954,-0.013897294238292264,-5.224537532348413,-500.2998645434995,113.35552039873235
2565.7645476271314,-0.013909778263700493,-5.231853636536519,-500.0403274219239,113.81325263543818
2566.290741080308,-0.013918740310998764,-5.239175383116147,-499.7774471919196,114.26907309904844
2566.4438604541438,-0.013920672010804259,-5.241306764734632,-499.7003241852167,114.40135150235035
2566.5969798279793,-0.013922295156264568,-5.243438416779855,-499.6229194392421,114.53346523754102
2567.1231732811566,-0.013925487631634014,-5.2507652419481365,-499.3547750354895,114.98620897366789
2567.6493667343334,-0.013924924666116865,-5.2580927589318485,-499.0833205438075,115.43697584232173
2567.8024861081694,-0.013924044184319433,-5.2602248721873535,-499.00370907254603,115.5677716658636
2567.955605482005,-0.013922838017045898,-5.2623568244224534,-498.9238189606084,115.69839748291369
2568.4817989351823,-0.013916185088369096,-5.269681352440506,-498.64715818118157,116.14598783482101
2569.007992388359,-0.01390560582595108,-5.277001346725485,-498.3672274856948,116.59154043760296
2569.1611117621947,-0.013901782102850056,-5.279130276471864,-498.2851574297167,116.72080775523604
2569.3142311360302,-0.013897620980338046,-5.281258594126612,-498.20281243698884,116.84990011218088
2569.8404245892075,-0.013880732441316561,-5.288567164755079,-497.9177446603571,117.29218359070583
2570.3666180423843,-0.013859812536112908,-5.295865788105629,-497.62945426255493,117.73237329139789
2570.5197374162203,-0.013852963836146108,-5.2979874742417605,-497.54496085571276,117.86006979645404
2570.672856790056,-0.013845771856361967,-5.300108085191809,-497.4601968131648,117.98758682261006
2571.199050243233,-0.013818432444223325,-5.307386624972882,-497.16684970794824,118.42442294276059
2571.72524369641,-0.013787029448808025,-5.314649709818811,-496.8703342339121,118.85911468918124
2571.8783630702455,-0.013777128413506099,-5.3167600174787575,-496.78345794548414,118.98520213285056
2572.031482444081,-0.013766884639025952,-5.318868783190146,-496.696315899674,119.11110606117752
2572.5576758972584,-0.013729072077927021,-5.326103055613793,-496.39483488820036,119.54236877907756
2573.083869350435,-0.013687240835244007,-5.333316374013369,-496.09024641437964,119.97144245769873
2573.236988724271,-0.01367431793970779,-5.33541117037537,-496.0010327270044,120.09588702650635
2573.390108098107,-0.01366105932914955,-5.337503963182477,-495.9115587064566,120.22014456321435
2573.916301551284,-0.013612949847063117,-5.344679836654609,-495.60210607416764,120.64572348343054
2574.442495004461,-0.013560942097068457,-5.351829369610699,-495.2896131038495,121.0690750244581
2574.595614378297,-0.013545084641238053,-5.353904602073771,-495.1981121912818,121.19184764170686
2574.7487337521325,-0.013528904805216879,-5.355977383220517,-495.106356873526,121.31443025841662
2575.2749272053097,-0.013470867922009376,-5.363081097439831,-494.7891105448464,121.73423156531496
2575.8011206584865,-0.013409127545920302,-5.370153298654297,-494.468896664776,122.15177375788258
2575.954240032322,-0.013390478714644737,-5.372205071131139,-494.3751629794262,122.27285029837172
2576.1073594061577,-0.01337152720161792,-5.374253966945484,-494.2811812690738,122.39373443648667
2576.633552859335,-0.013304125810247822,-5.381272394456351,-493.9563332872533,122.80768151603623
2577.1597463125117,-0.013233291677660675,-5.388254452653361,-493.6285955422633,123.21934450133334
2577.312865686348,-0.01321205167048915,-5.390279102258463,-493.53268732313074,123.33870590994653
2577.4659850601834,-0.013190535044146556,-5.392300480975393,-493.4365378513928,123.45787308778675
2577.9921785133606,-0.013114527207583736,-5.399221392202847,-493.10429259575477,123.86590680644144
2578.5183719665374,-0.013035430249035732,-5.406101495866425,-492.7692396126386,124.27163821505576
2578.671491340373,-0.013011854208036334,-5.408095669540765,-492.6712183225815,124.38927051953563
2578.8246107142086,-0.012988033485463544,-5.410086217570368,-492.57296287729656,124.50670733276921
2579.350804167386,-0.012904359979508392,-5.416898539038053,-492.23353505149487,124.90878594373807
2579.8769976205626,-0.012818006770737737,-5.423666127033657,-491.8913849512638,125.30855065366713
2580.0301169943987,-0.01279239957962127,-5.425626852748534,-491.7913146563587,125.42444486620738
2580.1832363682342,-0.01276658495662515,-5.427583645114061,-491.69101755583426,125.54014287685933
2580.7094298214115,-0.012676351569233475,-5.434277695319922,-491.34462999696893,125.93624154270022
2581.2356232745883,-0.012583908551019554,-5.440923683961441,-490.9956081495576,126.33002105361993
2581.3887426484243,-0.01255662084080859,-5.442848435284066,-490.89355485666897,126.44417296099095
2581.54186202226,-0.012529167937912236,-5.444768999584949,-490.7912822834704,126.55812847507065
2582.068055475437,-0.012433634418841003,-5.451336704977963,-490.4381636462904,126.94823840826568
2582.594248928614,-0.012336417720951535,-5.45785369841984,-490.08250031866305,127.33602983483858
2582.7473683024496,-0.012307842698843014,-5.459740454753293,-489.97853128516607,127.44843967783675
2582.900487676285,-0.012279149137046835,-5.461622830871505,-489.8743505934519,127.56065341239946
2583.4266811294624,-0.012179714398519932,-5.468057926466532,-489.51473295383306,127.9447806368783
2583.952874582639,-0.01207916989156144,-5.47444040817668,-489.1526608937334,128.32659532602324
2584.1059939564752,-0.012049736484144194,-5.476287708371635,-489.0468439216985,128.43726737036326
2584.259113330311,-0.012020234667358454,-5.478130501017549,-488.9408229305598,128.54774401257237
2584.785306783488,-0.011918409563906494,-5.484428701926194,-488.57493935330154,128.92590775944294
2585.311500236665,-0.011816083372591248,-5.490673191297454,-488.206691357626,129.30176955240933
2585.4646196105004,-0.011786247497229974,-5.492480176251772,-488.09909408754197,129.41071155868224
2585.617738984336,-0.011756395872438557,-5.4942825962463475,-487.9913003756823,129.51945922511183
2586.1439324375133,-0.011653773942950627,-5.500441729480806,-487.61938250086405,129.89168999537227
2586.67012589069,-0.011551284577386831,-5.5065468986049435,-487.24518902347126,130.26163317276175
2586.823245264526,-0.011521521328544827,-5.508313342525969,-487.135878243228,130.3688557772773
2586.9763646383617,-0.011491796613292344,-5.51007523684836,-487.02637846053045,130.47588538552404
2587.502558091539,-0.011390026919401448,-5.516095335594235,-486.6486541596541,130.8422227222951
2588.0287515447158,-0.011289035432604053,-5.5220620885371865,-486.26874100642914,131.20628967603878
2588.181870918552,-0.011259829522080558,-5.523788418990958,-486.15778198883197,131.31180569560047
2588.3349902923874,-0.011230716692665252,-5.525510289314169,-486.0466411979038,131.41713026145715
2588.8611837455646,-0.011131465503592392,-5.531393644091337,-485.66333234414543,131.77762027946386
2589.3873771987414,-0.011033631847453788,-5.537225146490866,-485.2779185004468,132.13585896470084
2589.540496572577,-0.011005464039994643,-5.5389124485623125,-485.16537438289146,132.23968264204422
2589.6936159464126,-0.010977442501729438,-5.540595453342755,-485.0526554444809,132.34331651962015
2590.21980939959,-0.010882344340017808,-5.54634660262502,-484.66397584736114,132.69800925725187
2590.7460028527667,-0.010789277668211628,-5.552048246355524,-484.2732714913824,133.0504704975224
2590.8991222266027,-0.010762610456550052,-5.553698247434786,-484.15920271373204,133.1526167101908
2591.0522416004383,-0.010736139811417538,-5.5553441845226885,-484.04496573214243,133.2545747982582
2591.5784350536155,-0.010646749937283807,-5.560969838697342,-483.65111929189703,133.6035214753389
2592.1046285067923,-0.01055996267787123,-5.566549141244854,-483.25532404745496,133.95025620730365
2592.257747880628,-0.010535227109219478,-5.56816417724799,-483.1397878630671,134.05073966529363
2592.4108672544635,-0.010510733946251953,-5.569775448067782,-483.02408970621303,134.15103660525992
2592.9370607076407,-0.010428481665910011,-5.57528435077103,-482.6252688353492,134.4942868736463
2593.4632541608175,-0.010349339610054567,-5.580750791152729,-482.22457030792106,134.83534341868412
2593.6163735346536,-0.01032691993007803,-5.582333753758152,-482.1076203800238,134.9341778764179
2593.769492908489,-0.01030478214250157,-5.583913308171655,-481.99051428618816,135.0328272676572
2594.2956863616664,-0.010230914520062227,-5.589316027890646,-481.5868986395234,135.37042654532175
2594.821879814843,-0.010160578324624463,-5.594680808057188,-481.18147127764263,135.70584800327242
2594.9749991886792,-0.010140794821715711,-5.59623506943572,-481.0631573736627,135.8030455147024
2595.128118562515,-0.010121324505998903,-5.597786327885937,-480.9446926576796,135.9000591764995
2595.654312015692,-0.01005684886023374,-5.603094970569545,-480.53644821542065,136.23204616903485
2596.180505468869,-0.00999621995758154,-5.608370698655978,-480.1264525418044,136.5618680415924
2596.3336248427045,-0.009979314137273368,-5.609900014041407,-480.00682033824944,136.65743829007081
2596.48674421654,-0.009962743197709322,-5.611426767893486,-479.8870422094456,136.75282560181142
2597.0129376697173,-0.009908381277824141,-5.616654618478201,-479.47432075280096,137.07923011899103
2597.539131122894,-0.009858060877631043,-5.621854927487167,-479.05990299890124,137.40347826682
2597.69225049673,-0.009844184284528379,-5.6233633202887425,-478.93899400526027,137.49742799899332
2597.8453698705657,-0.009830653496627043,-5.624869615237185,-478.8179435050252,137.5911953473751
2598.371563323743,-0.009786805096956404,-5.630030724476507,-478.4008825065745,137.91203650945164
2598.89775677692,-0.009747059385480596,-5.635169840378818,-477.9821746661245,138.23072553179944
2599.0508761507554,-0.00973626372304247,-5.636661473102582,-477.8600262712228,138.3230581203619
2599.203995524591,-0.009725813041829755,-5.638151478604651,-477.7377403332259,138.41520847809366
2599.730188977768,-0.009692524379449225,-5.643260203299303,-477.31646326983554,138.73049339371366
2600.256382430945,-0.0096632566720108,-5.648352469617825,-476.8935835755125,139.04362550925103
2600.409501804781,-0.009655486627426145,-5.649831502869135,-476.7702292168933,139.13434066692753
2600.5626211786166,-0.009648048501195883,-5.6513093701131485,-476.64674085017936,139.22487332496493
2601.088814631794,-0.009624993543738077,-5.656379877991154,-476.22135793647857,139.53459631373497
2601.6150080849707,-0.009605733283949447,-5.661439252874012,-475.79441175230414,139.84216080984743
2601.7681274588062,-0.009600824956165288,-5.662909698121258,-475.66988120527407,139.93125447277964
2601.921246832642,-0.009596223511650017,-5.664379412619179,-475.54521979626065,140.0201649435344
2602.447440285819,-0.009582707311545867,-5.669425176058533,-475.11582911976956,140.32430735671667
2602.973633738996,-0.009572622846263557,-5.674464730240072,-474.68491022143695,140.62628064923325
2603.126753112832,-0.009570309224962837,-5.67593030523278,-474.559229997862,140.71374503954408
2603.2798724866675,-0.009568266492130226,-5.677395543125229,-474.43342172049927,140.8010251396989
2603.8060659398448,-0.00956325208851732,-5.682428853782102,-474.0001107349807,141.09955579942647
2604.3322593930216,-0.009561185415214968,-5.687460301430812,-473.5653029248769,141.39590210861886
2604.4853787668576,-0.009561107835922716,-5.688924297317815,-473.43849676445683,141.4817259750834
2604.638498140693,-0.009561255769812102,-5.690388294272966,-473.31156508053726,141.56736408574213
2605.1646915938704,-0.00956340945024003,-5.695419827437289,-472.87441239029437,141.8602403259103
2605.6908850470472,-0.0095679269497622,-5.700453115767213,-472.4357913725809,142.1509129387093
2605.844004420883,-0.00956965076304774,-5.701918282832761,-472.30788080368046,142.2350819644551
2605.9971237947184,-0.009571547327420191,-5.703383722220721,-472.17984702988514,142.31906345654644
2606.5233172478956,-0.009579296729036896,-5.708422171766436,-471.7389243813351,142.60623271673643
2607.0495107010724,-0.00958875280978808,-5.713465148018236,-471.2965598091694,142.89117577610722
2607.2026300749085,-0.009591787160250177,-5.714933605210249,-471.16756475296313,142.97367313431897
2607.355749448744,-0.00959493680059977,-5.716402530735462,-471.0384486681046,143.05598093937078
2607.8819429019213,-0.009606547907118476,-5.7214543340400565,-470.593823055319,143.33738283701888
2608.408136355098,-0.009619173111736485,-5.72651251383877,-470.14778065290665,143.61653357200942
2608.5612557289337,-0.009622998817485604,-5.727985690360058,-470.0177200416298,143.69734060195606
2608.7143751027693,-0.009626881206906555,-5.7294594519569655,-469.8875405044172,143.77795589927862
2609.2405685559465,-0.009640563186657932,-5.734528639040702,-469.4392762823444,144.05352466931987
2609.7667620091233,-0.009654575066487474,-5.739605112288237,-468.98961992892544,144.32681593668906
2609.9198813829594,-0.009658677389293858,-5.741083731327672,-468.8585123041482,144.40591289889676
2610.073000756795,-0.009662780189371483,-5.742562973825971,-468.72728784699103,144.48481587654413
2610.599194209972,-0.009676796023364843,-5.74765116654782,-468.2754487314545,144.75448302145003
2611.125387663149,-0.009690503377663286,-5.752746653149755,-467.8222423859045,145.02184598984437
2611.278507036985,-0.009694400524610956,-5.7542307582347725,-467.69010644207106,145.0992128498172
2611.4316264108206,-0.00969824700535827,-5.755715451989027,-467.5578558066238,145.17638348844247
2611.957819863998,-0.009711000671477756,-5.760821999837195,-467.10250664863304,145.4400804643289
2612.4840133171747,-0.009722880464836162,-5.765935028667912,-466.6458160132761,145.70144727216666
2612.6371326910103,-0.009726144363742747,-5.767424043077194,-466.51267105958425,145.77706446542595
2612.790252064846,-0.00972931368947129,-5.768913546553752,-466.37941364828623,145.85248329872874
2613.316445518023,-0.009739417727046607,-5.7740357648809715,-465.9206219037663,146.1101440867911
2613.8426389712,-0.009748180340864178,-5.77916294696241,-465.46051576200495,146.3654503345858
2613.995758345036,-0.00975045538408755,-5.780655759608441,-465.326382085879,146.4392994743767
2614.1488777188715,-0.009752601088552505,-5.7821489080986135,-465.1921383136138,146.5129482881084
2614.675071172049,-0.009758937594400947,-5.787282404284254,-464.72997515953807,146.76451172375997
2615.2012646252256,-0.009763581320960696,-5.792418789333095,-464.2665263459951,147.01369867692918
2615.354383999061,-0.009764598505899847,-5.793913863732063,-464.1314254674179,147.08576316900593
2615.5075033728967,-0.009765461696651073,-5.795409080356591,-463.99621700322564,147.15762560333837
2616.033696826074,-0.009767219100729509,-5.800548149148012,-463.53075807091926,147.40303734568073
2616.559890279251,-0.009767051460796395,-5.8056876362011725,-463.064044054977,147.64605373992168
2616.713009653087,-0.009766631288873246,-5.8071831316668545,-462.92799886836013,147.71631927551968
2616.8661290269224,-0.009766042055605764,-5.808678548892677,-462.79184876499954,147.78638130329406
2617.3923224800997,-0.009762708137922503,-5.813816589125648,-462.3231744925518,148.0255953634332
2617.9185159332765,-0.009757322138021288,-5.81895233517684,-461.85327759286963,148.26239875459845
2618.0716353071125,-0.009755364849941826,-5.820446222948138,-461.7163124046857,148.3308536697235
2618.224754680948,-0.00975323140735942,-5.82193979718191,-461.57924512561044,148.39910394099184
2618.7509481341253,-0.00974454867084914,-5.82706969124708,-461.1074407724732,148.6320837545197
2619.277141587302,-0.009733768967602795,-5.832194464808053,-460.6344480594932,148.862641425104
2619.4302609611377,-0.009730237547196334,-5.833684625372355,-460.4965885405226,148.92927693440978
2619.5833803349733,-0.009726528718051249,-5.835174231686474,-460.35862990396777,148.9957069974375
2620.1095737881506,-0.009712431010005268,-5.840288649840995,-459.8837853007625,149.22242608929912
2620.6357672413274,-0.009696247032419994,-5.845395100983148,-459.4077882661684,149.44671557719562
2620.7888866151634,-0.009691147356915371,-5.846879395955682,-459.26906134202045,149.51152590424653
2620.942005988999,-0.009685872618250964,-5.848362896953015,-459.13023840606684,149.57613032583626
2621.4681994421762,-0.009666416419985368,-5.8534545105493505,-458.6524475223224,149.79657265301657
2621.994392895353,-0.009644914623243307,-5.858535348231267,-458.17354159777466,150.0145819962843
2622.1475122691886,-0.009638276152261248,-5.860011665285647,-458.03397530128495,150.07756442859886
2622.300631643024,-0.009631466552980977,-5.861486953112789,-457.8943162132889,150.14034084251912
2622.8268250962014,-0.00960676763251186,-5.866548557098616,-457.4136766211857,150.3545009153552
2623.3530185493782,-0.009580072192851955,-5.871596639396523,-456.9319606199241,150.56622871475724
2623.5061379232143,-0.009571931580777817,-5.873062912765046,-456.7915839258221,150.6273836130546
2623.65925729705,-0.009563623753075757,-5.874527927142967,-456.65111775611473,150.6883327258241
2624.185450750227,-0.009533805442153173,-5.879552483997422,-456.1677300545675,150.896215606342
2624.711644203404,-0.009502031646668295,-5.8845608361702935,-455.68330559358276,151.10167099961433
2624.86476357724,-0.009492420162591362,-5.886015047427153,-455.54214825091685,151.1610017875533
2625.0178829510755,-0.009482644193549994,-5.887467774547164,-455.4009048256819,151.22012736737
2625.544076404253,-0.009447799050422988,-5.892448396983288,-454.9148720714956,151.42174862905128
2626.0702698574296,-0.009411020342522818,-5.897410175418655,-454.4278430141758,151.62095125433981
2626.223389231265,-0.009399955330299331,-5.8988503398714895,-454.2859353868513,151.6784644098946
2626.3765086051008,-0.009388726751053856,-5.900288797547202,-454.14394512997507,151.73577327919625
2626.902702058278,-0.009348893490711772,-5.905218688855598,-453.6553723056331,151.93115899359816
2627.428895511455,-0.009307127282124059,-5.910127111610824,-453.16584424809434,152.12413899892027
2627.582014885291,-0.009294610070714821,-5.9115512569177495,-453.0232171690866,152.17984406216863
2627.7351342591264,-0.009281928791004906,-5.912973472978645,-452.8805109579878,152.23534610768502
2628.2613277123037,-0.009237097504969457,-5.917845853351796,-452.38950448879746,152.4245328976554
2628.7875211654805,-0.009190323775835726,-5.922694132745312,-451.8975842950619,152.61133102104964
2628.940640539316,-0.00917634753406028,-5.924100281486445,-451.7542689342659,152.6652406221818
2629.0937599131516,-0.009162206595128806,-5.925504277576943,-451.610877968963,152.71894882465006
2629.619953366329,-0.00911235483198642,-5.930312340146021,-451.11754528136555,152.90198397764325
2630.1461468195057,-0.009060558283851553,-5.935093659377135,-450.62334065130074,153.08265167031382
2630.2992661933417,-0.009045120821591751,-5.93647982657565,-450.4793683910192,153.13478156590023
2630.4523855671773,-0.009029519266855733,-5.9378636175757595,-450.3353240699806,153.18671203598956
2630.9785790203546,-0.00897465491871888,-5.942600541363204,-449.83977316614227,153.36365362106216
2631.5047724735314,-0.008917863652944877,-5.947308088924117,-449.3433922093839,153.5382531462532
2631.657891847367,-0.00890097748645075,-5.948672295773201,-449.1987945197315,153.58862224308803
2631.8110112212025,-0.008883929930701225,-5.950033905033211,-449.0541283149203,153.6387942426384
2632.33720467438,-0.00882412047730803,-5.9546929175185745,-448.5564673397041,153.80971116043273
2632.8633981275566,-0.008762432123704448,-5.959319964328625,-448.05801813597856,153.9783156020789
2633.0165175013926,-0.008744131967814655,-5.960660263138422,-447.912826445494,154.02694595086365
2633.169636875228,-0.008725676202509731,-5.961997748607665,-447.76756977230735,154.07538188228892
2633.6958303284055,-0.00866107674205578,-5.966572224802453,-447.2679065607891,154.24035379355803
2634.2220237815823,-0.008594689139261508,-5.971112238729669,-446.76749669814575,154.40304692436496
2634.3751431554183,-0.008575041279063026,-5.972426749353859,-446.62174225754194,154.44996366881531
2634.528262529254,-0.008555247662665362,-5.973738241412153,-446.47592633767965,154.49668901817765
2635.054455982431,-0.008486132665092343,-5.978221844933882,-445.97436793677446,154.65580609903841
2635.580649435608,-0.0084153724716305,-5.982668647750715,-445.472104021826,154.81268205326023
2635.7337688094435,-0.008394482057973612,-5.983955606005739,-445.32581775926803,154.85791331819647
2635.886888183279,-0.008373460253052828,-5.985239356922664,-445.17947347504963,154.90295653551328
2636.4130816364564,-0.008300241147538981,-5.98962621675085,-444.6761256354713,155.05631900400954
2636.939275089633,-0.008225572318783202,-5.993974167747623,-444.172112774926,155.20748170484347
2637.092394463469,-0.008203584031701123,-5.9952319794436,-444.02532514339595,155.25105841038524
2637.2455138373048,-0.008181482969162013,-5.996486417476296,-443.87848288445656,155.29445071521252
2637.771707290482,-0.008104703477018747,-6.000771312715084,-443.3734495294844,155.44216809692674
2638.297900743659,-0.008026717671484348,-6.005015489710659,-442.8677907943135,155.58773042066787
2638.4510201174944,-0.008003812400017811,-6.006242782247874,-442.72053161524127,155.62968602017958
2638.60413949133,-0.007980816788542684,-6.007466562740352,-442.5732211221065,155.6714611312472
2639.1303329445072,-0.007901140118279353,-6.011645093998504,-442.066603810632,155.81365126755685
2639.656526397684,-0.007820542475484261,-6.0157814576095285,-441.5593997023163,155.95373395748356
2639.80964577152,-0.007796932882321289,-6.016977126337249,-441.4116980112869,155.99410410429576
2639.9627651453557,-0.007773258575377337,-6.018169177375554,-441.2639482216697,156.03429789867315
2640.488958598533,-0.0076914497434568884,-6.022237917956003,-440.7558456254691,156.1710857190601
2641.0151520517097,-0.007609037845552338,-6.026263452599993,-440.24719356392563,156.30581607435107
2641.1682714255458,-0.007584961494618977,-6.027426699680652,-440.0990774640795,156.344638225331
2641.3213907993813,-0.007560848279596064,-6.028586259881562,-439.9509163674948,156.383288335603
2641.8475842525586,-0.007477746543308824,-6.032542876592339,-439.44142378186643,156.51480442662938
2642.3737777057354,-0.007394379344756037,-6.036455695871275,-438.9314176341824,156.64431480514708
2642.526897079571,-0.007370089154889419,-6.037586057784287,-438.78291416289363,156.68162777374647
2642.6800164534066,-0.00734579107584315,-6.038712702347078,-438.6343686691736,156.71877313641397
2643.206209906584,-0.007262276377553444,-6.0425560335962665,-438.12357757610636,156.84515215742005
2643.7324033597606,-0.007178841032287381,-6.0463554408354865,-437.61230724478474,156.96957834839594
2643.8855227335966,-0.00715459585525687,-6.04745280272496,-437.46344225889493,157.00542182437655
2644.038642107432,-0.007130371876822312,-6.048546456348929,-437.3145380857767,157.04110219695707
2644.5648355606095,-0.007047333485291242,-6.052276545820784,-436.8025357863151,157.16248120368118
2645.0910290137863,-0.006964714698922219,-6.055963051431393,-436.290086871701,157.28196073193413
2645.244148387622,-0.006940770457262353,-6.05702764914786,-436.14088495514727,157.31637478553375
2645.3972677614574,-0.006916875600765536,-6.0580885867098555,-435.9916465385819,157.35063025004848
2645.9234612146347,-0.006835181327405165,-6.06170667529869,-435.4785158655004,157.46714698616142
2646.4496546678115,-0.006754229887197571,-6.065281972332687,-434.96496941149,157.58181740708324
2646.6027740416475,-0.006730830252802599,-6.066314382191453,-434.8154538076383,157.6148419948038
2646.755893415483,-0.006707506233300446,-6.067343217084719,-434.6659042369999,157.64771246485088
2647.2820868686604,-0.006627970175903701,-6.0708516917807325,-434.1517233543559,157.75950368103506
2647.808280321837,-0.006549471639975569,-6.074318588092549,-433.63715568264604,157.86950092686942
2647.961399695673,-0.006526839301452485,-6.075319704063013,-433.48734825263,157.9011754166832
2648.114519069509,-0.006504306024665903,-6.07631736407987,-433.33750923200813,157.93270016591453
2648.640712522686,-0.006427661525759396,-6.079719665601922,-432.8223515247248,158.03990002750743
2649.166905975863,-0.006352312569009636,-6.083081978143323,-432.30683415908413,158.14535686412083
2649.3200253496984,-0.006330642986994212,-6.08405297883974,-432.15675536622376,158.17571959669897
2649.473144723534,-0.006309092536755791,-6.085020672215883,-432.0066472017076,158.20593682494712
2649.9993381767113,-0.006235973103558889,-6.088321171685047,-431.4905812534944,158.3086754605857
2650.525531629888,-0.006164364194152616,-6.091583593601023,-430.97418093037334,158.40972010172513
2650.678651003724,-0.006143820759774609,-6.092525901941703,-430.8238498492516,158.438808000307
2650.8317703775597,-0.006123412627998495,-6.093465076274453,-430.67349146064737,158.4677544495726
2651.357963830737,-0.006054335658782139,-6.096668928471452,-430.1565811140242,158.5661566799784
2651.8841572839137,-0.005986935209289302,-6.09983687390633,-429.63935987222504,158.66291159480346
2652.0372766577493,-0.005967644757328863,-6.100752110397661,-429.4887942201697,158.69075983368174
2652.190396031585,-0.0059485014867308806,-6.101664405268577,-429.33820317484975,158.7184704637845
2652.716589484762,-0.005883854943613226,-6.1047773809690185,-428.82050766509883,158.8126547435482
2653.242782937939,-0.005820999624916808,-6.107856811346978,-428.3025230058911,158.90523568850142
2653.395902311775,-0.005803050503932979,-6.108746742669568,-428.1517391942663,158.93187742873033
2653.5490216856106,-0.005785256157227926,-6.1096339379691,-428.00093176049546,158.95838516093167
2654.075215138788,-0.0057252964499379475,-6.11266224527977,-427.48250591386324,159.04846275873098
2654.6014085919646,-0.0056671931284308094,-6.115659490594027,-426.9638110208373,159.136978052917
2654.7545279658007,-0.005650636372247643,-6.116525977895945,-426.81282422280356,159.1624442493759
2654.9076473396362,-0.005634237895708037,-6.1173899422880815,-426.6618154391111,159.1877797814533
2655.4338407928135,-0.005579095486912214,-6.1203400514150905,-426.1427099227789,159.27385420544047
2655.9600342459903,-0.005525827220162456,-6.123261638048233,-425.6233539282121,159.35840424929614
2656.113153619826,-0.005510678171653553,-6.124106587444454,-425.47217815902957,159.3827235279524
2656.2662729936615,-0.005495686958688746,-6.124949229111136,-425.3209819156897,159.4069152192044
2656.7924664468387,-0.005445370949289878,-6.1278277046655205,-424.8012435261093,159.48908188047238
2657.3186599000155,-0.00539690140809174,-6.130680190064903,-424.28127181091594,159.5697589092581
2657.4717792738516,-0.005383141173927415,-6.131505504961578,-424.1299200171672,159.59295751218843
2657.624898647687,-0.005369534716480357,-6.13232872418472,-423.9785491462258,159.61603133593425
2658.1510921008644,-0.005323940987671852,-6.135142064593241,-423.4582211240757,159.69437744203864
2658.677285554041,-0.005280127100828203,-6.137931882150745,-422.9376756400998,159.77126550517863
2658.8304049278768,-0.005267707204691044,-6.138739419473206,-422.78615979460756,159.79336730028132
2658.9835243017124,-0.005255434100911542,-6.139545065591881,-422.6346261652278,159.81534686043136
2659.5097177548896,-0.0052143649699519104,-6.1422995616589455,-422.113748525698,159.88995152326248
2660.0359112080664,-0.005174978790893871,-6.145032890197301,-421.59266812866696,159.96312666678634
2660.1890305819024,-0.0051638276550487585,-6.145824424630168,-421.44099932761935,159.98415321406475
2660.342149955738,-0.005152814054493431,-6.146614261239143,-421.2893139432407,160.00505981707258
2660.8683434089153,-0.005115999167287972,-6.149315883910138,-420.76792380954834,160.07599434118276
2661.394536862092,-0.005080745841280878,-6.151998545670142,-420.2463445909179,160.14552495557643
2661.5476562359277,-0.005070773281524454,-6.1527757416717845,-420.09453314991345,160.16549561877312
2661.7007756097632,-0.00506092709478648,-6.153551419316132,-419.94270624401855,160.18534838978712
2662.2269690629405,-0.005028035988275633,-6.156205730186598,-419.42083817397224,160.25267670454514
2662.7531625161173,-0.004996565455042166,-6.158843107720324,-418.89879378287304,160.3186240054318
2662.9062818899533,-0.004987666317155772,-6.159607496473505,-418.7468493296091,160.33755610053137
2663.059401263789,-0.004978881082648698,-6.160370530195575,-418.5948904579272,160.35637213562558
2663.585594716966,-0.004949539125436398,-6.162982609416784,-418.0725767568032,160.42015134564332
2664.111788170143,-0.004921465957919013,-6.165579582906616,-417.5500987060447,160.48256996266153
2664.264907543979,-0.004913526583208545,-6.166332546141095,-417.3980302679395,160.50047893575592
2664.4180269178146,-0.004905688095384432,-6.167084300279379,-417.24594839538673,160.51827348243074
2664.944220370992,-0.004879499938264648,-6.169658702368216,-416.72321940913537,160.57855450581607
2665.4704138241686,-0.004854425862753226,-6.172219617531446,-416.2003373591528,160.6374931437911
2665.623533198004,-0.004847330096001351,-6.172962380385985,-416.04815344411224,160.65439276685885
2665.77665257184,-0.004840322100373531,-6.173704062310233,-415.8959570246968,160.67117942111108
2666.302846025017,-0.00481688767875914,-6.1762448005469075,-415.3728414077147,160.72800767437064
2666.829039478194,-0.004794412087730923,-6.178773460009532,-414.8495834235427,160.78350980722163
2666.98215885203,-0.004788043312493881,-6.179507089417741,-414.697292092667,160.7994123812014
2667.1352782258655,-0.004781749226496698,-6.180239748232816,-414.5449891412652,160.81520329105354
2667.6614716790427,-0.004760668537085362,-6.182750291758381,-414.02151409593444,160.86861939131384
2668.1876651322195,-0.004740394055568184,-6.185249954873843,-413.4979068757482,160.92072396742333
2668.340784506055,-0.004734637441500436,-6.1859753600821765,-413.3455158077759,160.9356405278414
2668.4939038798907,-0.004728942919360603,-6.186699887529361,-413.1931139636467,160.95044659902845
2669.020097333068,-0.004709827655837057,-6.1891831681245275,-412.6693054515056,161.00048707057155
2669.5462907862448,-0.0046913747994551365,-6.191656564670316,-412.14537452670186,161.04922921598862
2669.699410160081,-0.004686121882076384,-6.192374502751244,-411.99289107413034,161.06316973642484
2669.8525295339164,-0.0046809193715071345,-6.193091639379559,-411.8403976560845,161.0770008351332
2670.3787229870936,-0.00466340743774208,-6.19555007794348,-411.31628058009005,161.12369879891713
2670.9049164402704,-0.004646425311451786,-6.197999441233107,-410.7920504862169,161.169110492997
2671.0580358141065,-0.004641576005865707,-6.198710527678554,-410.6394817229181,161.18208407856918
2671.211155187942,-0.004636766247140355,-6.199420873706084,-410.48690377598973,161.19494922346374
2671.7373486411193,-0.0046205222093481345,-6.201856418221604,-409.96250213377107,161.23833504505436
2672.263542094296,-0.004604683523713482,-6.204283521877605,-409.43799655308186,161.2804457502398
2672.4166614681317,-0.0046001439997598375,-6.20498824066545,-409.28534931383956,161.29246081753087
2672.5697808419673,-0.004595633838083685,-6.205692265758724,-409.13269364797395,161.30436835828598
2673.0959742951445,-0.004580342834706764,-6.208106422465639,-408.6080306584974,161.34447025144127
2673.6221677483213,-0.004565341890851554,-6.210512609460391,-408.08327253720967,161.38330750223878
2673.7752871221574,-0.004561025102189871,-6.211211321412217,-407.9305534501362,161.39437194808855
2673.928406495993,-0.004556728407476421,-6.211909373149005,-407.7778266718476,161.40532973295805
2674.45459994917,-0.0045421020714932715,-6.21430323747334,-407.2529248785175,161.4421743259896
2674.980793402347,-0.0045276625216126385,-6.216689454658244,-406.72793652123033,161.47776427911776
2675.1339127761826,-0.00452349035096753,-6.217382408302072,-406.5751520336366,161.48788563738486
2675.287032150018,-0.0045193299618022246,-6.218074723298086,-406.4223605711631,161.49790116838088
2675.8132256031954,-0.004505109981219224,-6.220449019874063,-405.8972419228744,161.53151402440892
2676.339419056372,-0.004490981959127657,-6.222815858183326,-405.37204506553354,161.56388195876025
2676.4925384302082,-0.004486882875623304,-6.223503201001525,-405.2192014636917,161.5730675419716
2676.645657804044,-0.004482787662640548,-6.2241899157843665,-405.0663515861214,161.58214811492226
2677.171851257221,-0.0044687316454208445,-6.226545031223166,-404.54103749829704,161.6125542017679
2677.698044710398,-0.004454675380710875,-6.228892750412609,-404.01565336239804,161.6417249737885
2677.851164084234,-0.004450580002734603,-6.22957453436254,-403.8627567861108,161.64998200352233
2678.0042834580695,-0.004446480836300112,-6.230255690290433,-403.70985461742606,161.65813483767502
2678.5304769112468,-0.004432353395242419,-6.232591686373148,-403.184366016469,161.68535896884032
2679.0566703644236,-0.004418137914997791,-6.234920225526041,-402.6588153477802,161.71135744773287
2679.209789738259,-0.004413980055772006,-6.23559641016738,-402.5058718006072,161.71869318037025
2679.3629091120947,-0.00440981122443395,-6.23627195670157,-402.3529233294421,161.72592554365406
2679.889102565272,-0.00439539072863843,-6.238588583981303,-401.82728068271336,161.74999280470726
2680.4152960184488,-0.004380799901729988,-6.240897578476995,-401.301583775796,161.77284429111515
2680.568415392285,-0.004376517516316647,-6.241568036488485,-401.1485991311716,161.77926613796862
2680.7215347661204,-0.004372217191091815,-6.242237836780863,-400.9956102164785,161.78558546634318
2681.2477282192976,-0.004357291375107787,-6.244534553086357,-400.46983354836703,161.80652161853183
2681.7739216724744,-0.0043421106643117624,-6.246823348463202,-399.9440102575811,161.82625223986926
2681.92704104631,-0.004337640409212263,-6.247487868136476,-399.7909902611046,161.83176788100954
2682.0801604201456,-0.004333144812202245,-6.24815170073364,-399.6379666340486,161.83718189199968
2682.606353873323,-0.004317490682266132,-6.25042766969148,-399.1120755295978,161.8550137622002
2683.1325473264997,-0.004301492732045125,-6.252695311090636,-398.58614526843337,161.87165086589664
2683.2856667003357,-0.004296767921511839,-6.253353591982005,-398.4330955369014,161.8762683658839
2683.4387860741713,-0.004292010317422337,-6.254011146269699,-398.28004279954064,161.8807851749247
2683.9649795273485,-0.004275399472356074,-6.256265222560739,-397.75405639726335,161.895541061002
2684.4911729805253,-0.004258359431453277,-6.258510445413826,-397.2280381269494,161.90911362624243
2684.644292354361,-0.004253315696806082,-6.259162097409546,-397.07496414423053,161.91284155472516
2684.7974117281965,-0.0042482321616412405,-6.259812973440999,-396.921887765021,161.91646979583888
2685.3236051813738,-0.004230448886074859,-6.262043709091878,-396.3958247385521,161.92817987987584
2685.8497986345506,-0.004212154282984004,-6.264264952770974,-395.8697369452113,161.93871892556558
2686.0029180083866,-0.004206729862802843,-6.264909500821232,-395.7166440547535,161.94156647444765
2686.156037382222,-0.0042012583496470945,-6.265553213996515,-395.5635493606837,161.94431541678964
2686.6822308353994,-0.004182084699860491,-6.267758870590189,-395.0374278889634,161.95301216038487
2687.208424288576,-0.00416230717766521,-6.269954279258012,-394.5112885496719,161.96055113691565
2687.3615436624123,-0.004156433082903673,-6.270591160482721,-394.3581819438877,161.96252823454788
2687.514663036248,-0.004150503543849284,-6.271227137274553,-394.20507410953854,161.9644078971313
2688.040856489425,-0.004129690495938992,-6.273405660193807,-393.6789118368368,161.970126443278
2688.567049942602,-0.004108171125356214,-6.275573045592321,-393.1527383759627,161.97470165081165
2688.7201693164375,-0.004101770704520163,-6.27620159737032,-392.9996230828317,161.97581908765292
2688.873288690273,-0.004095306167032727,-6.276829163470876,-392.8465071166584,161.9768403666873
2689.3994821434503,-0.0040725887313915856,-6.278978145239495,-392.32032110292056,161.97961899068446
2689.925675596627,-0.004049064952306044,-6.28111496109588,-391.7941303384322,161.9812700462266
2690.078794970463,-0.004042062852522337,-6.281734416588274,-391.64101120509156,161.98153961295748
2690.2319143442987,-0.004034988435889878,-6.282352793666592,-391.48789193265634,161.98171442052404
2690.758107797476,-0.004010113735107666,-6.284469473256074,-390.9616985931103,161.98159500768674
2691.284301250653,-0.0039843372393016385,-6.28657282668153,-390.43550667194455,161.9803653197068
2691.4374206244884,-0.003976661625986631,-6.287182319650492,-390.28238834509574,161.97979994384482
2691.590539998324,-0.003968905370437303,-6.287790630383161,-390.1292703891312,161.9791413438561
2692.116733451501,-0.003941623280716815,-6.2898719086728665,-389.60308542322537,161.97616985048907
2692.642926904678,-0.0039133355684416934,-6.2919385667295655,-389.07690774642714,161.97210707377258
2692.796046278514,-0.0039049088978559397,-6.2925371306402225,-388.9237946498672,161.97072095155067
2692.9491656523496,-0.003896392115927657,-6.293134396478765,-388.77068240750265,161.96924329188903
2693.475359105527,-0.0038664218594639424,-6.295176816789834,-388.24452071836987,161.9634702043057
2694.0015525587037,-0.0038353258187697825,-6.297203170758009,-387.718371857007,161.95662671312806
2694.1546719325397,-0.0038260585140212,-6.297789725701283,-387.56526816648875,161.9544354510701
2694.3077913063753,-0.003816690461961117,-6.298374853000692,-387.4121657837991,161.95215450708628
2694.8339847595525,-0.0037837115594357377,-6.300374548862177,-386.88604138837434,161.94363535219335
2695.3601782127294,-0.003749479074727306,-6.302356561627684,-386.3599349898012,161.93406877808673
2695.513297586565,-0.0037392753012118513,-6.302929900196436,-386.20684460501235,161.9310895546269
2695.6664169604005,-0.003728960529822439,-6.303501667082554,-386.05375594866587,161.92802269263444
2696.1926104135778,-0.003692652127829541,-6.305454328785612,-385.527681877672,161.9168186131582
2696.7188038667546,-0.003654982093887347,-6.307387527004331,-385.00163056172573,161.90459243056569
2696.8719232405906,-0.003643759567865067,-6.307946318234218,-384.8485570754106,161.9008441664956
2697.025042614426,-0.0036324184729184857,-6.308503381469546,-384.69548570152466,161.8970105133123
2697.5512360676034,-0.003592530422875546,-6.310404304681278,-384.1694738905853,161.8831888367496
2698.0774295207802,-0.003551210029407239,-6.312283862217348,-383.6434891385542,161.8683728968058
2698.230548894616,-0.0035389140388437427,-6.312826681668894,-383.4904358039399,161.86387640136826
2698.3836682684514,-0.0035264949413828075,-6.313367608646445,-383.33738492544126,161.85929698578275
2698.9098617216287,-0.003482872192674861,-6.315211814704309,-382.81144610279506,161.8429316700443
2699.4360551748055,-0.0034377782869258206,-6.3170326797007865,-382.2855381457472,161.82560258076904
2699.5891745486415,-0.0034243784181041534,-6.317558045970739,-382.1325078443137,161.82038064949217
2699.742293922477,-0.0034108532237330496,-6.318081350773041,-381.97948029886584,161.81507849463557
2700.2684873756543,-0.0033634154830763548,-6.319863703797504,-381.4536238766568,161.79625040452345
2700.794680828831,-0.003314493056504432,-6.3216207047773905,-380.92780158962245,161.77649174830998
2700.947800202667,-0.0032999780715231735,-6.322127108216636,-380.7747968009571,161.77056921605234
2701.1009195765027,-0.0032853378713918143,-6.322631279678894,-380.6217950211327,161.76456938802403
2701.62711302968,-0.0032340734721329196,-6.324346579773695,-380.096028995562,161.74336643058047
2702.153306482857,-0.00318134244039519,-6.326034519011017,-379.57029980235495,161.72126885032927
2702.3064258566924,-0.003165724485277938,-6.326520449901616,-379.4173225774393,161.71467260709568
2702.459545230528,-0.0031499842956102587,-6.3270039803987705,-379.2643485644906,161.70800222637374
2702.985738683705,-0.0030949670987501896,-6.328647068727,-378.7386794296569,161.68451935508497
2703.511932136882,-0.003038534635333482,-6.3302608350144265,-378.213049223558,161.66018050113772
2703.665051510718,-0.0030218509346280403,-6.3307248174843735,-378.0601011630989,161.65293946531
2703.8181708845536,-0.0030050505607474836,-6.33118623700657,-377.9071564659583,161.64562767484688
2704.344364337731,-0.002946436117278733,-6.33275211227765,-377.3815891470855,161.61996674019258
2704.8705577909077,-0.002886485106371625,-6.334286793365791,-376.856062232868,161.5934910608908
2705.0236771647433,-0.0028687936875321607,-6.334727416766023,-376.7031444721639,161.58563610732924
2705.176796538579,-0.002850993296966004,-6.335165323699752,-376.55023017310776,161.5777139959421
2705.702989991756,-0.0027890042637721624,-6.336649242645109,-376.0247679835137,161.54998344764604
2706.229183444933,-0.0027257826233322026,-6.338100219072092,-375.49934704432536,161.5214818408889
2706.382302818769,-0.002707160494601965,-6.3385161643269,-375.3464602455392,161.51304569052763
2706.5354221926045,-0.002688439370954607,-6.338929251569409,-375.19357695333514,161.5045461784807
2707.061615645782,-0.002623366102486495,-6.340326818474127,-374.6682215776735,161.4748606424012
2707.5878090989586,-0.002557191967937234,-6.341689854616732,-374.14290766909835,161.44444998563722
2707.7409284727946,-0.0025377369335691075,-6.342079921351159,-373.9900520216184,161.4354670598005
2707.89404784663,-0.002518195143535012,-6.342467003656051,-373.8371998728447,161.42642474901584
2708.4202412998075,-0.0024503983946104965,-6.343774265776466,-373.31195137909447,161.39490448045382
2708.9464347529843,-0.00238165694116747,-6.345045605142779,-372.7867439528835,161.3627070346006
2709.09955412682,-0.002361485348121031,-6.34540873894493,-372.63391918246896,161.35321327228834
2709.2526735006554,-0.0023412410544379468,-6.345768779818398,-372.4810978516687,161.34366425959743
2709.7788669538327,-0.0022711398063643157,-6.346982315876743,-371.9559547337629,161.31043447142713
2710.3050604070095,-0.002200268831856343,-6.348158762604781,-371.4308516923488,161.27657716520056
2710.4581797808455,-0.0021795113872170287,-6.348494077258039,-371.2780570792094,161.26660980713868
2710.611299154681,-0.002158696783174162,-6.348826210598103,-371.1252657979548,161.2565914650459
2711.1374926078583,-0.0020867565434117617,-6.349943200779149,-370.6002250487352,161.22178155072655
2711.663686061035,-0.0020142391486281516,-6.351022184629409,-370.07522282952283,161.18639516914627
2711.8168054348707,-0.0019930397745711436,-6.3513289804156114,-369.9224572349394,161.17599251554603
2711.9699248087063,-0.0019718002844094887,-6.351632528646045,-369.7696948193858,161.16554324726366
2712.4961182618836,-0.0018985322431162843,-6.352650816594596,-369.24475203233834,161.12928591860697
2713.0223117150604,-0.0018248963581005506,-6.3536304546010065,-368.7198457201823,161.09250420928913
2713.1754310888964,-0.0018034116387905406,-6.353908236203341,-368.5671076212226,161.0817053538992
2713.328550462732,-0.001781905069124057,-6.354182728043392,-368.41437250770247,161.0708643247763
2713.8547439159092,-0.0017078601836465713,-6.3551008802974565,-367.88952200589347,161.03329466912894
2714.380937369086,-0.0016336684435225993,-6.35598003198056,-367.364705471919,160.9952533703657
2714.5340567429216,-0.0016120639707584562,-6.356228523439963,-367.2119930036218,160.9840979124988
2714.687176116757,-0.0015904566728589902,-6.356473708311616,-367.0592832916045,160.97290475990712
2715.2133695699345,-0.0015162116245989474,-6.35729105901837,-366.53451828101635,160.93415922799446
2715.7395630231113,-0.0014420476014677262,-6.358069363784239,-366.0097843442481,160.8949950359924
2715.8926823969473,-0.0014204943203208063,-6.358288518028629,-365.8570953481106,160.88352277667434
2716.045801770783,-0.0013989577359889412,-6.358504375054875,-365.7044088493102,160.87201730480248
2716.57199522396,-0.0013251053864098382,-6.359221053370067,-365.1797215920849,160.83223265280645
2717.098188677137,-0.0012515671874733878,-6.35989895371441,-364.6550621990951,160.79208215133886
2717.251308050973,-0.0012302400369032897,-6.360088958760084,-364.5023942764514,160.78033277981916
2717.4044274248085,-0.001208949434353943,-6.360275702742042,-364.34972856867256,160.76855464531485
2717.930620877986,-0.001136094172747025,-6.360892651972329,-363.8251105714917,160.72786684833116
2718.4568143311626,-0.00106378775379406,-6.3614714096396305,-363.30051698941213,160.6868654136559
2718.609933704998,-0.0010428630463473472,-6.36163269257959,-363.14786755836724,160.67487818735705
2718.7630530788338,-0.0010219946101570742,-6.361790777554251,-362.99522004274667,160.6628665787776
2719.289246532011,-0.0009507400429328624,-6.36230976343124,-362.47066225563304,160.62140972620463
2719.815439985188,-0.0008802643376290188,-6.362791460537462,-361.9461252734986,160.57969042055203
2719.968559359024,-0.0008599151427189901,-6.362924686331605,-361.7934916278638,160.56750384325272
2720.1216787328594,-0.0008396413168266871,-6.36305480367752,-361.64085958791884,160.5552971595298
2720.6478721860367,-0.0007705746036857925,-6.363478402385137,-361.11635260767207,160.51320235375576
2721.1740656392135,-0.0007025074508416842,-6.363865921621503,-360.59186273992725,160.4708948327341
2721.327185013049,-0.0006828999984805713,-6.363971985986577,-360.43924210831665,160.458546338846
2721.4803043868847,-0.0006633861133578246,-6.364075056778688,-360.28662276894596,160.4461818746977
2722.006497840062,-0.0005970682693115134,-6.364406625227923,-359.76215704086917,160.40357615983666
2722.5326912932387,-0.0005319584873409688,-6.364703615498963,-359.23770472689,160.36080561817525
2722.6858106670747,-0.0005132499769353993,-6.364783634172273,-359.08509433025074,160.34833126949323
2722.8389300409103,-0.0004946519976192957,-6.36486079808659,-358.93248491499514,160.33584491385218
2723.3651234940876,-0.0004316089075128483,-6.3651044329491455,-358.4080509273531,160.29285025283198
2723.8913169472644,-0.00036996491243187753,-6.365315263047735,-357.8836267217306,160.2497364243802
2724.0444363211004,-0.000352299663132758,-6.365370557119403,-357.731023827821,160.23717062378452
2724.197555694936,-0.00033476016971043096,-6.365423157169849,-357.5784216129024,160.22459657579319
2724.7237491481133,-0.00027546766327224127,-6.365583637413968,-357.0540100790058,160.1813288930495
2725.24994260129,-0.000217741908733947,-6.365713330536667,-356.52960482741224,160.13798512556676
2725.4030619751256,-0.0002012469165782165,-6.365745405839495,-356.37700680069526,160.1253603544159
2725.556181348961,-0.0001848907555457565,-6.365774967114289,-356.22440916430037,160.11273086398649
2726.0823748021385,-0.00012976103370366033,-6.365857676085286,-355.70001118694773,160.06929917954244
2726.6085682553153,-7.633908165172886e-05,-6.365911825466209,-355.1756161824752,160.02583161105022
2726.7616876291513,-6.112143381271184e-05,-6.365922347014282,-355.0230205280002,160.01317819792186
2726.914807002987,-4.6053363515188804e-05,-6.365930550728714,-354.87042499341777,160.00052333836078
2727.441000456164,4.571584724098085e-06,-6.365941384640176,-354.34603220727075,159.95702901691507
2727.967193909341,5.337647032837196e-05,-6.365926058887824,-353.8216393234502,159.91353587321467
2728.1203132831765,6.723116553588637e-05,-6.365916822826373,-353.6690437237518,159.90088179881693
2728.273432657012,8.092810056448036e-05,-6.365905478015866,-353.5164479954455,159.88822927599892
2728.7996261101894,0.00012678289096560414,-6.365850746600702,-352.9920526845905,159.84476540417606
2729.325819563366,0.000170737242249257,-6.365772386694339,-352.46765448283895,159.8013364287045
2729.478938937202,0.0001831672178662036,-6.365745289556359,-352.31505682726805,159.7887071701206
2729.632058311038,0.00019543406581962481,-6.365716301981256,-352.1624588193269,159.77608217141272
2730.158251764215,0.00023633798087638766,-6.365602618808643,-351.6380540082416,159.7327330750545
2730.684445217392,0.00027529522408604567,-6.365467924426703,-351.1136438181848,159.68944910426015
2730.837564591228,0.00028626429080806355,-6.365424929378711,-350.9610422242623,159.67686752259473
2730.9906839650635,0.0002970677539287952,-6.3653802675268345,-350.808440080845,159.6642926096135
2731.5168774182407,0.000332928354993791,-6.3652144317014105,-350.2840195976878,159.62113352487
2732.0430708714175,0.00036682972061275414,-6.365030241730906,-349.7595915697266,159.57806622118127
2732.196190245253,0.0003763270267694638,-6.364973343782304,-349.60698439643977,159.56555249556976
2732.3493096190887,0.0003856590443501338,-6.364915004119887,-349.45437650418233,159.55304754344047
2732.875503072266,0.0004164697627840801,-6.364703881615729,-348.92993501671293,159.5101444480461
2733.4016965254427,0.00044534110241685167,-6.364477056957452,-348.4054841477734,159.46735619255847
2733.5548158992788,0.00045338020079673815,-6.364408249192284,-348.25287000120215,159.4549278003669
2733.7079352731143,0.00046125702294787436,-6.364338222531635,-348.1002549940202,159.44250998302803
2734.2341287262916,0.00048709414746464264,-6.364088631641447,-347.5757880199317,159.39991958446382
2734.7603221794684,0.0005110429565877728,-6.363825942235083,-347.0513101545231,159.35746352439043
2734.913441553304,0.0005176609018098166,-6.363747183230311,-346.89868788646083,159.34513526604525
2735.0665609271396,0.0005241221399939014,-6.363667422296909,-346.7460646434285,159.33281908600492
2735.592754380317,0.0005451410331500342,-6.363386023358212,-346.22156853753495,159.2905889610858
2736.1189478334936,0.0005643515118944388,-6.363094040203449,-345.6970603467278,159.2485092062791
2736.2720672073297,0.0005696071404707043,-6.363007223125996,-345.54442904708617,159.23629327298028
2736.4251865811652,0.0005747139159840769,-6.3629196119300016,-345.391796684199,159.2240906336903
2736.9513800343425,0.0005911415373072204,-6.362612804478227,-344.8672686053933,159.18225951232665
2737.4775734875193,0.0006058656404721275,-6.3622978011097056,-344.3427275468623,159.14059147163354
2737.6306928613553,0.0006098367372133419,-6.362204725969208,-344.1900865308246,159.12849755279046
2737.783812235191,0.0006136687787510373,-6.362111052490993,-344.0374443876297,159.1164178702611
2738.310005688368,0.0006257934088527082,-6.3617848848676335,-343.5128822491493,159.07501605001184
2738.836199141545,0.0006363403893662312,-6.36145275241773,-342.98830651201695,159.03378689167457
2738.9893185153805,0.0006391206645118275,-6.3613551023884805,-342.83565530305384,159.02182231708645
2739.142437889216,0.0006417732893736641,-6.361257035360604,-342.68300292526936,159.0098726656365
2739.6686313423934,0.0006499342214643859,-6.360917128426422,-342.15840533214833,158.96892253884118
2740.19482479557,0.0006566603267078154,-6.360573304761443,-341.63379377048943,158.92815175616502
2740.347944169406,0.0006583564003381232,-6.360472626579696,-341.48113208034613,158.91632166746098
2740.501063543242,0.0006599374830312175,-6.360371696349276,-341.32846919957325,158.90450695411113
2741.027256996419,0.0006645144189120166,-6.36002318128678,-340.80383537700595,158.86402362875097
2741.553450449596,0.0006678119187223374,-6.3596725944860255,-340.27918743563265,158.8237236921095
2741.7065698234314,0.0006685400440351123,-6.359570283096759,-340.12651514232226,158.8120312379053
2741.859689197267,0.000669166704871948,-6.359467866775728,-339.9738416538749,158.80035439983936
2742.3858826504443,0.0006705681193140828,-6.359115337988171,-339.44917136995383,158.76034639464177
2742.912076103621,0.0006708534236106884,-6.358762365430429,-338.9244870058528,158.72052346972515
2743.065195477457,0.0006707360110171709,-6.3586596532626025,-338.7718041306184,158.70897001851304
2743.2183148512927,0.0006705311441137821,-6.358556964531964,-338.61912007042497,158.69743223757143
2743.74450830447,0.0006691824564833554,-6.358204448645839,-338.094413556463,158.65790223021736
2744.2707017576467,0.0006668845382589146,-6.357852892169773,-337.5696931589624,158.61855694097983
2744.4238211314823,0.000666046850959516,-6.3577508430458325,-337.4169998430764,158.6071423054491
2744.576940505318,0.0006651358482670486,-6.3576489265676575,-337.2643053645072,158.5957432333533
2745.103133958495,0.0006614684060355119,-6.357299867005706,-336.7395632357584,158.55668884026286
2745.629327411672,0.000657018167973507,-6.35695294317886,-336.21480754804793,158.51781705542433
2745.782446785508,0.00065558530139406,-6.356852450524084,-336.06210403017076,158.50653972216298
2745.9355661593436,0.0006540930646170288,-6.35675218061101,-335.90939938149813,158.49527771046874
2746.461759612521,0.0006485341234340664,-6.356409436455919,-335.3846225605723,158.45669227796265
2746.9879530656976,0.0006423547423189175,-6.356069780614995,-334.85983260465935,158.41828590153398
2747.1410724395337,0.0006404488789204278,-6.355971569578026,-334.7071191993283,158.40714326055792
2747.2941918133693,0.0006384971021003413,-6.355873652732186,-334.5544047023709,158.39601558984353
2747.8203852665465,0.0006314606819428127,-6.3555395105847685,-334.02959434710993,158.35788897823363
2748.3465787197233,0.0006239587706225953,-6.355209193424767,-333.5047713537991,158.31993672626942
2748.499698093559,0.000621696666360716,-6.355113826570532,-333.3520484314748,158.30892529531872
2748.6528174673945,0.0006194013519476863,-6.3550188075582525,-333.1993244618392,158.29792839859678
2749.1790109205717,0.0006112799431242722,-6.354695005269387,-332.6744818989737,158.26024774235833
2749.7052043737485,0.0006028376942587442,-6.354375560824636,-332.14962724402864,158.2227358896788
2749.8583237475846,0.0006003284864843046,-6.354283447041759,-331.9968952130065,158.2118515286627
2750.01144312142,0.0005977977992515481,-6.354191718131711,-331.8441621822237,158.20098120445442
2750.5376365745974,0.0005889553728680644,-6.353879478981123,-331.31928884773095,158.1637316332599
2751.063830027774,0.000579924215816911,-6.353571942311824,-330.7944039949934,158.12664471573254
2751.21694940161,0.0005772677081390408,-6.353483348389296,-330.6416632853805,158.11588282730216
2751.3700687754454,0.0005746003184865785,-6.353395161187568,-330.48892162512215,158.10513443843698
2751.8962622286226,0.0005653670888214759,-6.353095236391136,-329.96401901183134,158.06829974622192
2752.4224556817994,0.0005560630907834027,-6.352800188678628,-329.43910546369847,158.0316212069278
2752.5755750556355,0.000553348522215626,-6.352715252866175,-329.2863565135451,158.02097692000984
2752.728694429471,0.0005506324170970033,-6.35263073206313,-329.1336066619984,158.01034557508612
2753.2548878826483,0.0005413010246289699,-6.3523434493442865,-328.60867627462954,157.97390882740038
2753.781081335825,0.0005320014529386831,-6.35206106837112,-328.0837355299638,157.9376215980639
2753.934200709661,0.0005293065616718912,-6.351979815398521,-327.9309787735523,157.92708993203954
2754.0873200834967,0.000526618140855438,-6.351898973928763,-327.77822116394947,157.91657064730805
2754.613513536674,0.0005174408017592404,-6.3516242906244536,-327.25326448152117,157.88051471979804
2755.1397069898508,0.0005083817276345797,-6.351354405260762,-326.72829800085987,157.84460173108684
2755.2928263636863,0.0005057721501324838,-6.351276762418077,-326.57553385910137,157.83417773888775
2755.445945737522,0.000503175671875565,-6.351199517628056,-326.4227689103494,157.82376557889455
2755.972139190699,0.000494362665183381,-6.350937076819433,-325.8977873557355,157.7880736216859
2756.498332643876,0.0004857380872916664,-6.350679223782227,-325.3727965335241,157.75251823800446
2756.651452017712,0.0004832672282350602,-6.350605037506479,-325.2200254063736,157.74219712702921
2756.8045713915476,0.0004808147328922455,-6.350531227757783,-325.0672535156877,157.73188732300542
2757.330764844725,0.0004725345316964783,-6.350280415328947,-324.54224843195107,157.69654314821622
2757.8569582979017,0.0004644970238262177,-6.350033896035947,-324.0172345753697,157.66132952534628
2758.0100776717372,0.0004622063240337403,-6.349962948377801,-323.8644568361202,157.65110675593513
2758.163197045573,0.0004599379318252451,-6.3498923494719195,-323.7116783735198,157.64089480176534
2758.68939049875,0.00045231841438749237,-6.349652350166153,-323.18665100650765,157.60588319425332
2759.215583951927,0.0004449806046239194,-6.349416286084205,-322.6616153203329,157.5709965608739
2759.368703325763,0.00044290001753154363,-6.349348310660863,-322.5088313116238,157.56086792279237
2759.5218226995985,0.0004408444286990449,-6.349280651717259,-322.3560466161239,157.5507496490707
2760.0480161527757,0.0004339747807579487,-6.34905050308395,-321.8309981027354,157.51605660255322
2760.5742096059525,0.0004274115688296402,-6.3488238885920945,-321.305941679646,157.48148346832946
2760.7273289797886,0.0004255602706723328,-6.348758585742789,-321.1531517110119,157.47144513613677
2760.880448353624,0.0004237355059863361,-6.3486935642430105,-321.0003610883331,157.46141676323217
2761.4066418068014,0.0004176690162341707,-6.3484722074215565,-320.4752924498597,157.42702964529485
2761.932835259978,0.0004119207533653873,-6.348253959022837,-319.9502162655721,157.39275793963614
2762.085954633814,0.0004103081399349782,-6.348191009804877,-319.7974206123502,157.38280650825038
2762.2390740076494,0.00040872256645084037,-6.348128305434585,-319.64462433396864,157.37286467974783
2762.7652674608266,0.00040348035100282577,-6.3479146314794175,-319.11953647387065,157.338772330882
2763.2914609140034,0.0003985568108333495,-6.347703632101271,-318.59444138645466,157.30479147818278
2763.4445802878395,0.00039718368753490353,-6.347642710782321,-318.4416402898608,157.2949239804579
2763.597699661675,0.0003958372212615244,-6.347581997741438,-318.2888385932024,157.28506577884227
2764.1238931148523,0.0003914124319804082,-6.347374888504735,-317.7637322986518,157.25125855227935
2764.650086568029,0.00038729711220706215,-6.347170026142763,-317.23861905135163,157.21755949086702
2764.8032059418647,0.0003861569589388627,-6.347110811018361,-317.0858127195265,157.20777339935162
2764.9563253157003,0.00038504233555036765,-6.347051768644877,-316.9330058091115,157.197996346128
2765.4825187688775,0.00038140456296042747,-6.346850131793975,-316.40788175563415,157.16446609617117
2766.0087122220543,0.0003780591360105463,-6.346650332200008,-315.88275098253797,157.131041248851
2766.1618315958904,0.0003771394097154236,-6.346592514664474,-315.7299395923767,157.12133446405173
2766.314950969726,0.00037624349010995247,-6.34653483630587,-315.57712764172527,157.1116365066373
2766.841144422903,0.0003733432712616695,-6.346337634281051,-315.05198640030414,157.0783765335799
2767.36733787608,0.0003707121182169869,-6.346141887542065,-314.5268386342359,157.04521973796096
2767.520457249916,0.0003699955758139158,-6.346085179374011,-314.37402233381954,157.0355905655054
2767.6735766237516,0.0003693006697731235,-6.346028579470526,-314.22120548794095,157.0259700532941
2768.199770076929,0.00036707403763424853,-6.34583485227943,-313.696047533973,156.99297501321757
2768.7259635301057,0.0003650887759611381,-6.3456422332238045,-313.1708832160108,156.96008142015555
2768.8790829039413,0.00036455478356418853,-6.3455863720772925,-313.0180621274691,156.95052853928703
2769.032202277777,0.0003640399533699909,-6.345530591453675,-312.8652405057627,156.94098419131805
2769.558395730954,0.00036241286195656276,-6.345339473343243,-312.34006622929365,156.90824997912173
2770.084589184131,0.0003609966579688789,-6.345149155913864,-311.8148857193529,156.87561592758487
2770.237708557967,0.0003606224193918438,-6.345093909077608,-311.66205994199834,156.8661383533887
2770.3908279318025,0.00036026469522752627,-6.345038718515741,-311.50923364140897,156.8566692200105
2770.9170213849798,0.00035915708191727773,-6.34484944885245,-310.9840433581111,156.82419283378687
2771.4432148381566,0.0003582285200947873,-6.344660714900166,-310.45884694607986,156.79181571005415
2771.596334211992,0.00035799016358897476,-6.344605881478963,-310.30601655966797,156.7824127516697
2771.7494535858277,0.00035776561282926267,-6.3445510837342525,-310.15318565795184,156.7730181724283
2772.275647039005,0.0003570949404646995,-6.344363012713302,-309.6279796203734,156.740797566642
2772.801840492182,0.00035657137562597463,-6.344175255892245,-309.10276753735695,156.70867565494876
2772.954959866018,0.00035644489655015435,-6.344120667614124,-308.9499326053486,156.69934687176922
2773.1080792398534,0.00035632955257310496,-6.3440660980792565,-308.7970971643302,156.69002643149275
2773.6342726930307,0.00035601390150948704,-6.343878687940962,-308.2718755730191,156.6580603655048
2774.1604661462075,0.00035581439049423274,-6.343691413340118,-307.74664800232165,156.626192696334
2774.313585520043,0.0003557764732160921,-6.343636934163545,-307.59380857504544,156.6169378539355
2774.4667048938786,0.000355747141789086,-6.343582460351322,-307.4409686437625,156.60769133873026
2774.992898347056,0.0003557078562860645,-6.3433952826860835,-306.9157316579291,156.5759792263663
2775.5190918002327,0.00035575559277468803,-6.343208102797413,-306.3904887454622,156.54436542777344
2775.6722111740687,0.0003557842760087782,-6.343153627502896,-306.23764486309005,156.5351844550822
2775.8253305479043,0.0003558191806752985,-6.34309914753767,-306.08480048074347,156.52601180971973
2776.3515240010815,0.0003559829242298462,-6.342911877381421,-305.5595482281923,156.49455357473633
2776.8777174542583,0.00035620704543900405,-6.342724505179217,-305.0342900920659,156.46319373117538
2777.0308368280944,0.0003562822018752641,-6.342669957183349,-304.8814417873355,156.45408668009443
2777.18395620193,0.00035636144438756865,-6.342615397542739,-304.7285929859811,156.44498796797478
2777.710149655107,0.0003566616482496265,-6.342427805108201,-304.20332557211174,156.4137839092083
2778.236343108284,0.00035699850284019887,-6.3422400450656635,-303.6780523112379,156.38267843120315
2778.3894624821196,0.0003571021791715128,-6.342185373686381,-303.5251996118801,156.3736454395909
2778.542581855955,0.00035720806707957624,-6.342130686415155,-303.3723464188198,156.36462080614118
2779.0687753091324,0.00035758596662044254,-6.341942627152484,-302.8470639345719,156.33367147504595
2779.5949687623092,0.0003579800072698659,-6.3417543647948715,-302.3217756361779,156.30282098207573
2779.7480881361453,0.00035809665591696703,-6.341699542127011,-302.16891856702,156.2938622407092
2779.901207509981,0.00035821392072054464,-6.341644701678373,-302.0160610068683,156.28491188082415
2780.427400963158,0.00035861919653822923,-6.341456105186592,-301.49076353553414,156.2542179733135
2780.953594416335,0.00035902344330910246,-6.341267295712062,-300.96546028152756,156.2236231915486
2781.1067137901705,0.0003591400220814721,-6.341212313274919,-300.81259886626077,156.2147389154939
2781.259833164006,0.0003592559032805321,-6.3411573131438566,-300.65973696267463,156.20586304541862
2781.7860266171833,0.00035964684830178345,-6.340968171529582,-300.1344245855541,156.17542530917817
2782.31222007036,0.00036002288775223115,-6.340778828124198,-299.6091064577328,156.1450869849148
2782.465339444196,0.0003601288319040883,-6.340723693465723,-299.45624072034605,156.13627738949074
2782.6184588180317,0.000360233038760716,-6.340668542797786,-299.3033744974213,156.12747622330045
2783.144652271209,0.0003605763649781316,-6.340478899080181,-298.77804729834355,156.0972953809026
2783.670845724386,0.0003608940810862476,-6.340289081444499,-298.252714382495,156.06721420973227
2783.823965098222,0.00036098121453667523,-6.340233814831172,-298.0998443483894,156.0584794910268
2783.9770844720574,0.0003610658321726803,-6.340178535126193,-297.94697383174105,156.04975322164807
2784.5032779252347,0.000361336310583869,-6.3399884720255795,-297.42163190051565,156.01982990914794
2785.0294713784115,0.00036157345728768056,-6.3397982753704545,-296.89628428947424,155.99000648038506
2785.182590752247,0.00036163585378543386,-6.3397429066291275,-296.7434099862815,155.9813468001644
2785.3357101260826,0.00036169519721329283,-6.339687528605028,-296.5905352038294,155.97269558476376
2785.86190357926,0.00036187509459517333,-6.339497157947773,-296.0651786387099,155.94303030510756
2786.3880970324367,0.0003620166328696015,-6.339306702721843,-295.5398164344639,155.91346506067728
2786.5412164062727,0.00036205040355915863,-6.339251268318622,-295.38693789259383,155.904880535427
2786.6943357801083,0.0003620807972746664,-6.339195829023129,-295.2340588750832,155.8963044848951
2787.2205292332856,0.00036215906332580426,-6.339005282087033,-294.70868778434345,155.8668975750962
2787.7467226864624,0.0003621962910347687,-6.338814704764902,-294.18331109930034,155.8375907816639
2787.899842060298,0.0003621993258554939,-6.338759245212046,-294.0304283522538,155.82908147537626
2788.0529614341335,0.0003621988445858483,-6.338703785468831,-293.87754513354287,155.82058064750868
2788.579154887311,0.0003621702288043298,-6.33851320450836,-293.3521596362893,155.7914322581259
2789.1053483404876,0.0003620999153061936,-6.338322649575854,-292.8267685938261,155.76238399090664
2789.2584677143236,0.0003620716355588025,-6.33826720718461,-292.6738816783083,155.75394991114786
2789.411587088159,0.00036203985768008286,-6.338211769384029,-292.52099429546206,155.74552430705268
2789.9377805413365,0.0003619040660482027,-6.338021300323985,-291.9955945218064,155.71663439236409
2790.4639739945133,0.0003617276015846287,-6.337830913417491,-291.4701892562258,155.6878445290174
2790.6170933683493,0.0003616687084847795,-6.337775530385938,-291.317298212096,155.6794856258167
2790.770212742185,0.00036160646238643225,-6.337720156611662,-291.1644067053189,155.67113518909287
2791.296406195362,0.000361367260180282,-6.33752994291085,-290.63899279602873,155.64250350639512
2791.822599648539,0.0003610897222908688,-6.337339865162661,-290.11357345204004,155.6139717294221
2791.9757190223745,0.000361001919070346,-6.33728458202346,-289.9606783221303,155.6056878965146
2792.12883839621,0.00036091100391206967,-6.33722931254253,-289.80778273457315,155.59741251472892
2792.6550318493873,0.00036057525818655435,-6.337039490332693,-289.2823548403187,155.5690386311071
2793.181225302564,0.00036020448346195676,-6.336849854006069,-288.75692157215866,155.5407644370445
2793.3343446764,0.00036009021563762525,-6.336794708447275,-288.6040224019974,155.5325555149648
2793.4874640502358,0.0003599731468506045,-6.336739580570065,-288.4511227794716,155.52435502292323
2794.013657503413,0.0003595499970666793,-6.336550275025398,-287.92568105978273,155.49623832776157
2794.53985095659,0.00035909581380424966,-6.336361200304178,-287.40023403008826,155.4682210414905
2794.6929703304254,0.000358958056031559,-6.336306226309261,-287.2473308675584,155.46008682204254
2794.846089704261,0.0003588178554668208,-6.336251273562153,-287.0944272581885,155.45196100638964
2795.3722831574382,0.00035831801083655295,-6.336062596296096,-286.5689718802213,155.4241007280937
2795.898476610615,0.00035779154978750994,-6.335874189047699,-286.0435112587447,155.39633952083446
2796.051595984451,0.000357633604943588,-6.335819416312358,-285.8906041537016,155.38827975253932
2796.2047153582866,0.0003574735996249131,-6.335764667885382,-285.73769660754033,155.38022835729294
2796.730908811464,0.00035690863892649447,-6.335576715290213,-285.2122277447346,155.3526235829066
2797.2571022646407,0.000356321632909787,-6.33538906577371,-284.6867537069794,155.32511749261278
2797.4102216384763,0.00035614693071225266,-6.335334519399173,-284.53384271085156,155.3171318867613
2797.563341012312,0.00035597055435281506,-6.335279999869571,-284.38093127947974,155.3091546194103
2798.089534465489,0.00035535228002344895,-6.335092852392208,-283.85544911018303,155.28180431584573
2798.615727918666,0.00035471648908352133,-6.334906034855306,-283.329961836033,155.2545522687312
2798.768847292502,0.000354528434983709,-6.334851735286006,-283.17704700142554,155.24664050568012
2798.9219666663375,0.000354339083467119,-6.334797464578562,-283.02413173755684,155.23873704348887
2799.448160119515,0.0003536790743100311,-6.33461118674154,-282.49863644367895,155.21164007920532
2799.9743535726916,0.00035300589854162087,-6.334425259661103,-281.9731361160779,155.18464091135567
2800.1274729465276,0.000352807769284149,-6.3343712227913755,-281.8202174963934,155.17680264678694
2800.280592320363,0.0003526086988370687,-6.33431721630125,-281.667298453498,155.16897264303788
2800.8067857735405,0.0003519179697265271,-6.334131857240655,-281.14179021924105,155.14212780932772
2801.3329792267173,0.0003512181115272431,-6.3339468640390235,-280.6162770229594,155.11538028765796
2801.486098600553,0.00035101295502100086,-6.3338931014548665,-280.46335467204744,155.10761515860239
2801.6392179743884,0.00035080718159632583,-6.333839370304612,-280.3104319040051,155.0998582485813
2802.1654114275657,0.0003500958351614169,-6.33365496477319,-279.7849109146982,155.0732642798157
2802.6916048807425,0.00034937896850634903,-6.333470934999952,-279.2593850352175,155.04676712174268
2802.8447242545785,0.0003491695149349012,-6.333417454355147,-279.10645900705913,155.0390747521832
2802.997843628414,0.0003489597301527507,-6.333364005783804,-278.9535325678481,155.0313905587249
2803.5240370815914,0.0003482367153098927,-6.333180575576777,-278.4279990089164,155.00504615093737
2804.050230534768,0.0003475113186824756,-6.33299752644206,-277.9024606314545,154.97879804218692
2804.2033499086037,0.00034729994604395213,-6.3329443319189185,-277.74953097988976,154.97117804808656
2804.3564692824393,0.00034708848766496896,-6.33289116974789,-277.59660092331944,154.96356618653226
2804.8826627356166,0.0003463615308966676,-6.332708725330048,-277.07105497940245,154.93747001390625
2805.4088561887934,0.0003456348498504707,-6.332526663359551,-276.5455042880904,154.91146962413907
2805.5619755626294,0.0003454235752862235,-6.332473756153412,-276.3925710665899,154.90392161782387
2805.715094936465,0.0003452124187687208,-6.332420881272527,-276.239637446077,154.89638170033035
2806.2412883896422,0.0003444879851812515,-6.332239423460181,-275.7140793002966,154.8705324294392
2806.767481842819,0.0003437659748469728,-6.332058346202492,-275.18851647750466,154.84477842560082
2806.920601216655,0.00034355643383159686,-6.332005725024707,-275.03557973898387,154.8373020194757
2807.0737205904907,0.0003433471708251993,-6.331953135898228,-274.88264260737196,154.8298336586538
2807.599914043668,0.00034263039451225475,-6.331772657624355,-274.35707244074894,154.8042299603692
2808.1261074968447,0.0003419176793107119,-6.331592555445015,-273.8314976665589,154.77872101766374
2808.2792268706803,0.00034171112371191525,-6.331540217048218,-273.6785574632355,154.7713158272278
2808.432346244516,0.0003415049650307277,-6.331487910239883,-273.52561687265677,154.76391863907818
2808.958539697693,0.00034079970114144804,-6.331308398345628,-273.0000348636718,154.73855919804714
2809.48473315087,0.00034009968128326804,-6.331129256176922,-272.47444831549245,154.71329400848387
2809.637852524706,0.00033989701862281334,-6.331077195852279,-272.3215046987841,154.70595965464597
2809.7909718985416,0.0003396948357473226,-6.3310251665167065,-272.1685607005616,154.6986332607992
2810.317165351719,0.0003390038123794831,-6.330846603388136,-271.64296702485,154.6735167825801
2810.8433588048956,0.0003383188116428372,-6.330668402286998,-271.11736887715864,154.6484940612706
2810.996478178731,0.00033812064385480863,-6.3306166143030405,-270.964421897616,154.6412301720301
2811.149597552567,0.000337923005420126,-6.330564856618914,-270.81147454219985,154.6339742013605
2811.675791005744,0.00033724792360599116,-6.330387221639027,-270.2858693723619,154.60909941747275
2812.201984458921,0.00033657925975954806,-6.330209940194219,-269.76025979655407,154.58431790692907
2812.355103832757,0.000336385899969993,-6.330158418200139,-269.6073095038245,154.57712411848877
2812.5082232065924,0.00033619308859482406,-6.330106925770626,-269.45435884075954,154.56993820816604
2813.0344166597697,0.000335534694025647,-6.329930196674366,-268.9287423462697,154.54530387923984
2813.5606101129465,0.00033488278760538304,-6.329753812314001,-268.4031215106048,154.52076235182483
2813.7137294867825,0.0003346943016628226,-6.329702549708412,-268.2501679534229,154.51363830917614
2813.866848860618,0.00033450635930696546,-6.329651315923287,-268.09721403134137,154.50652210519507
2814.3930423137954,0.0003338646265527515,-6.3294754699818245,-267.57158637854593,154.48212702238047
2814.919235766972,0.0003332292122600819,-6.3292999600535635,-267.04595444817346,154.45782428112156
2815.0723551408078,0.0003330454822119207,-6.3292489502772336,-266.89299767437353,154.4507696381774
2815.2254745146433,0.0003328622733625919,-6.329197968596283,-266.7400405410101,154.4437227954464
2815.7516679678206,0.00033223661037271425,-6.3290229835185015,-266.21440189319196,154.41956578040376
2816.2778614209974,0.0003316169083505365,-6.328848326092174,-265.6887590302364,154.39550065853547
2816.4309807948334,0.000331437673479674,-6.32879756284552,-265.535799086781,154.3885150779206
2816.584100168669,0.0003312589224887742,-6.328746827009936,-265.3828387890021,154.38153726001906
2817.1102936218463,0.00033064827074037197,-6.328572681632872,-264.8571893064933,154.35761716384565
2817.636487075023,0.00033004306439963636,-6.328398856144086,-264.33153567018223,154.33378852338578
2817.7896064488586,0.00032986794368051396,-6.328348333567348,-264.17857260320153,154.32687167595986
2817.9427258226942,0.0003296932587828752,-6.328297837776062,-264.0256091870465,154.3199625546343
2818.4689192758715,0.00032909619921698825,-6.328124512638425,-263.4999490273764,154.29627825593218
2818.9951127290483,0.00032850398057356555,-6.327951500395987,-262.97428477419925,154.2726849854652
2819.1482321028843,0.00032833252295756937,-6.3279012132014945,-262.8213186290392,154.26583654962954
2819.30135147672,0.00032816144878310393,-6.327850952235758,-262.66835213976884,154.2589958040804
2819.827544929897,0.00032757639495991226,-6.327678429940506,-262.14268145783643,154.23554620637475
2820.353738383074,0.0003269955585794039,-6.327506214387144,-261.61700674172164,154.21218721830618
2820.50685775691,0.0003268272960333937,-6.327456157915996,-261.4640375629963,154.20540687918168
2820.6599771307456,0.000326659364334483,-6.327406127188386,-261.3110680451454,154.19863419523335
2821.186170583923,0.0003260847075683394,-6.32723439251745,-260.7853869933989,154.17541822407355
2821.7123640370996,0.00032551364674146646,-6.327062959281058,-260.25970196589327,154.15229245168752
2821.865483410935,0.0003253481123354025,-6.3270131295098055,-260.10672979753616,154.1455799002549
2822.018602784771,0.00032518285673624985,-6.326963325068147,-259.9537572949649,154.13887496949457
2822.544796237948,0.0003246170005776227,-6.326792364984162,-259.4280660235775,154.1158915694945
2823.070989691125,0.0003240541412378961,-6.326621701861526,-258.9023708340186,154.09299796399742
2823.224109064961,0.00032389088351801007,-6.326572095394093,-258.74939571933277,154.086352896239
2823.3772284387965,0.00032372785664889104,-6.326522513910772,-258.5964202752759,154.07971541516042
2823.9034218919737,0.00032316930260192474,-6.326352317494215,-258.070718932313,154.05696354707052
2824.4296153451505,0.00032261322239804987,-6.326182414334274,-257.5450137279918,154.03430107471047
2824.582734718986,0.0003224518447576581,-6.326133028355358,-257.3920357096957,154.02772319078494
2824.7358540928217,0.000322290658285108,-6.326083667074957,-257.2390573668086,154.02115285997039
2825.262047545999,0.0003217381413232697,-6.325914225296269,-256.71334609838004,153.9986314979394
2825.7882409991757,0.00032118768399224523,-6.3257450737065,-256.1876310246846,153.97619913740468
2825.941360373012,0.00032102787060690394,-6.3256959058853734,-256.0346501449527,153.96968814092077
2826.0944797468474,0.0003208682174994492,-6.325646762524878,-255.88166894535044,153.96318466432945
2826.6206732000246,0.0003203207461147716,-6.3254780678837115,-255.35594789573875,153.94089279358005
2827.1468666532014,0.0003197750143725932,-6.325309660860703,-254.83022309627273,153.91868953386657
2827.299986027037,0.00031961652102680427,-6.325260709245641,-254.6772393967673,153.91224513129902
2827.4531054008726,0.0003194581649479706,-6.325211781890068,-254.5242553820562,153.90580821569915
2827.97929885405,0.00031891498789073753,-6.32504382806998,-253.99852469381904,153.88374483069444
2828.5054923072266,0.00031837333339920597,-6.324876159665517,-253.47279031049462,153.86176966945084
2828.6586116810627,0.00031821599236417304,-6.324827422587021,-253.3198038323917,153.85539156969156
2828.8117310548982,0.0003180587756238995,-6.32477870959161,-253.1668170436942,153.84902092422664
2829.3379245080755,0.0003175194328552307,-6.324611491108531,-252.64107685774388,153.82718502729557
2829.8641179612523,0.000316981528208798,-6.324444556045717,-252.11533303085184,153.80543696964187
2830.0172373350883,0.00031682527021668157,-6.324396031997142,-251.9623438148596,153.79912488369504
2830.170356708924,0.0003166691350125949,-6.324347531865041,-251.8093542928319,153.79282021959702
2830.696550162101,0.00031613351518719067,-6.324181043624013,-251.28360474848895,153.77121082009816
2831.222743615278,0.0003155993734400289,-6.324014836833747,-250.75785161674182,153.74968887802777
2831.3758629891136,0.000315444223621437,-6.323966524335482,-250.60485970311112,153.74344251888195
2831.528982362949,0.00031528920381149054,-6.323918235582766,-250.45186748795282,153.7372035493641
2832.0551758161264,0.0003147574835150227,-6.323752472432126,-249.92610872297288,153.71581966347142
2832.581369269303,0.0003142273685232837,-6.323586988646869,-249.40034642352236,153.69452285586098
2832.7344886431392,0.0003140734189164895,-6.323538886137736,-249.24735185205014,153.6883419385311
2832.887608016975,0.00031391961367776395,-6.323490807188613,-249.09435698350703,153.6821683788462
2833.413801470152,0.0003133921882490547,-6.32332576358684,-248.5685891340855,153.66100902986517
2833.939994923329,0.00031286658408475747,-6.323160997033701,-248.04281780252052,153.63993638295875
2834.0931142971644,0.00031271399302230626,-6.323113102783662,-247.8898206125481,153.63382062465675
2834.246233671,0.000312561568666502,-6.323065231883244,-247.7368231299098,153.6277121922812
2834.7724271241773,0.00031203907326863347,-6.3229009015924085,-247.21104633067048,153.60677641138395
2835.298620577354,0.0003115187097211158,-6.322736845674343,-246.6852661009995,153.58592695969284
2835.45173995119,0.00031136770659887864,-6.322689157689099,-246.53226633140656,153.5798760801212
2835.6048593250257,0.0003112168993331667,-6.322641492807696,-246.37926627349995,153.57383249506313
2836.131052778203,0.00031070019157382523,-6.322477868566345,-245.85348065746788,153.5531193224605
2836.6572462313798,0.0003101859803762707,-6.322314515556391,-245.32769166208644,153.53249211010137
2836.810365605216,0.0003100368374850832,-6.322267031495914,-245.17468935128005,153.52650583187219
2836.9634849790514,0.00030988792197788847,-6.322219570251886,-245.02168675645825,153.52052681710242
2837.4896784322286,0.0003093779576079751,-6.322056643552167,-244.49589245501951,153.50003530360604
2838.0158718854054,0.0003088708686241359,-6.32189398443585,-243.97009482466711,153.4796293859635
2838.168991259241,0.0003087238700409902,-6.321846701580752,-243.8170900105694,153.47370743509612
2838.3221106330766,0.0003085771314538147,-6.321799441211166,-243.664084916699,153.46779271705068
2838.848304086254,0.00030807489915218856,-6.321637202223834,-243.13828205955645,153.44752192582817
2839.3744975394306,0.00030757593625069024,-6.321475226647677,-242.61247592327214,153.42733637134293
2839.5276169132667,0.00030743137726359964,-6.321428141885536,-242.459468643307,153.42147847778887
2839.6807362871023,0.0003072871120745238,-6.321381079232785,-242.30646108775517,153.4156277868962
2840.2069297402795,0.00030679364017187686,-6.3212195167578225,-241.78064980288477,153.3955767952991
2840.7331231934563,0.0003063038356146587,-6.321058212979672,-241.254835287964,153.375610687322
2840.886242567292,0.0003061620153225351,-6.321011322791456,-241.10182557904514,153.3698165855092
2841.0393619411275,0.00030602052093018603,-6.3209644542911505,-240.94881559866715,153.3640296567364
2841.5655553943047,0.0003055368095961309,-6.320803555735504,-240.42299601227518,153.34419755818885
2842.0917488474815,0.00030505711502918113,-6.3206429106487905,-239.89717324422898,153.3244499968692
2842.2448682213176,0.0003049182984815687,-6.32059621112777,-239.7441611427479,153.31871942624812
2842.397987595153,0.0003047798343823902,-6.320549532833179,-239.59114877387594,153.31299599964322
2842.9241810483304,0.0003043067296080084,-6.320389284340417,-239.0653210103633,153.29338190546744
2843.450374501507,0.0003038379220229133,-6.320229283661706,-238.53949011288586,153.27385200949504
2843.6034938753432,0.00030370232271659226,-6.320182770576478,-238.3864756547038,153.2681847150255
2843.756613249179,0.0003035670971127557,-6.320136278223872,-238.23346093313899,153.26252453619495
2844.282806702356,0.0003031052767955317,-6.319976664906471,-237.7076251150774,153.2431275771729
2844.809000155533,0.0003026479783701167,-6.319817293406198,-237.1817862100292,153.22381448521799
2844.9621195293685,0.0003025157673608192,-6.319770962265004,-237.02876943047312,153.21821021776535
2845.115238903204,0.00030238394646403533,-6.31972465133692,-236.87575239148217,153.21261303826068
2845.6414323563813,0.0003019339435175237,-6.3195656574832455,-236.34990863960533,153.19343236589168
2846.167625809558,0.0003014886155377684,-6.319406899188201,-235.82406184700835,153.17433523775486
2846.320745183394,0.00030135991128548854,-6.319360745299199,-235.67104278087047,153.16879375440485
2846.4738645572297,0.00030123160556763743,-6.319314611086472,-235.51802345918546,153.16325933202774
2847.000058010407,0.0003007937316028029,-6.3191562203978275,-234.99217189239238,153.14429411950087
2847.526251463584,0.0003003605757287606,-6.3189980588742785,-234.46631733043938,153.12541213694908
2847.6793708374194,0.00030023541540477084,-6.318952077438276,-234.31329601198092,153.11993320122187
2847.832490211255,0.00030011065290773154,-6.318906115136656,-234.16027444180384,153.11446130022378
2848.358683664432,0.00029968493613958294,-6.31874831108516,-233.63441517717825,153.09571074298435
2848.884877117609,0.0002992638853344685,-6.318590729815433,-233.10855296225935,153.07704311012375
2849.037996491445,0.00029914223347945166,-6.318544916034988,-232.95552942521974,153.07162649204474
2849.1911158652806,0.00029902097213010297,-6.318499120852797,-232.802505640232,153.06621688318168
2849.717309318458,0.0002986072235034075,-6.318341887030273,-232.2766387930806,153.0476801989971
2850.2435027716347,0.0002981980236543698,-6.318184869722796,-231.75076903982745,153.02922614216598
2850.3966221454707,0.00029807979482345936,-6.318139218883962,-231.59774331743833,153.02387161820508
2850.5497415193063,0.00029796194358829524,-6.318093586120833,-231.44471735081532,153.01852407866426
2851.0759349724835,0.0002975598047665003,-6.317936906489034,-230.9188430347192,153.0002005072861
2851.6021284256603,0.00029716201723703516,-6.317780437315233,-230.39296585606087,152.98195927458875
2851.755247799496,0.0002970470668634239,-6.31773494485743,-230.23993798106295,152.97666662750163
2851.9083671733315,0.0002969324732599723,-6.317689469975567,-230.08690986549124,152.97138094073182
2852.4345606265088,0.000296541356918037,-6.317533329131646,-229.56102819236838,152.9532697432253
2852.9607540796856,0.00029615430246827766,-6.317377393021907,-229.03514369959822,152.9352406037137
2853.1138734535216,0.00029604241679294314,-6.317332054629492,-228.88211370426143,152.93000962227367
2853.266992827357,0.0002959308608353816,-6.3172867333462,-228.7290834719594,152.92478557770326
2853.7931862805344,0.0002955499693056084,-6.3171311168391915,-228.20319455213922,152.9068860353688
2854.3193797337112,0.0002951728004593249,-6.316975699775381,-227.6773028549935,152.88906827780428
2854.472499107547,0.00029506372629075625,-6.316930511454214,-227.524270771141,152.88389875641366
2854.6256184813824,0.0002949549523155057,-6.316885339814128,-227.3712384538831,152.87873614905075
2855.1518119345596,0.00029458339466971207,-6.316730234352383,-226.84534239619074,152.861047561974
2855.6780053877364,0.00029421520177591495,-6.316575323516577,-226.3194436029358,152.84344049328337
2855.8311247615725,0.0002941086709686619,-6.316530281627111,-226.16640946196927,152.838332231511
2855.984244135408,0.00029400240865323904,-6.316485256031975,-226.01337509111136,152.8332308614759
2856.5104375885853,0.00029363923441057255,-6.316330649569377,-225.4874720029553,152.81575254689156
2857.036631041762,0.0002932790270192134,-6.316176233426113,-224.96156622047442,152.79835549048641
2857.1897504155977,0.00029317474260466184,-6.316131334710527,-224.80853005339975,152.79330829257063
2857.3428697894333,0.00029307069133785197,-6.316086451948205,-224.65549365990447,152.78826796459447
2857.8690632426105,0.00029271484023174927,-6.315932333803693,-224.12958364736477,152.77099925512397
2858.3952566957873,0.00029236152789710276,-6.315778402237756,-223.60367098124763,152.75381154907106
2858.5483760696234,0.0002922591691445967,-6.315733643861145,-223.45063281870057,152.7488252233731
2858.701495443459,0.00029215700766387103,-6.315688901145583,-223.29759443316385,152.74384574624517
2859.227688896636,0.00029180737925500896,-6.3155352621202745,-222.77167760108213,152.7267859879541
2859.753882349813,0.00029145987930946177,-6.315381806507149,-222.24575815571495,152.70980698298305
2859.907001723649,0.00029135913680427905,-6.315337186066372,-222.09271802798764,152.70488134140166
2860.0601210974846,0.0002912585583076185,-6.315292581041549,-221.93967768066437,152.69996252738315
2860.586314550662,0.0002909141210027635,-6.315139413391883,-221.41375413273266,152.68311107777077
2861.1125080038387,0.000290571429828081,-6.314986426523466,-220.8878280113841,152.6663401352903
2861.2656273776743,0.00029047201541820177,-6.31494194201947,-220.73478594844937,152.66147499269286
2861.41874675151,0.0002903727327127517,-6.314897472730492,-220.58174366927776,152.65661665695202
2861.944940204687,0.0002900325010254346,-6.3147447700731885,-220.05581350811897,152.63997288304495
2862.471133657864,0.0002896936327486883,-6.314592246084857,-219.5298808130183,152.62340937328048
2862.6242530317,0.0002895952589836184,-6.31454789590852,-219.3768368445519,152.61860454696784
2862.7773724055355,0.0002894969850616738,-6.314503560790122,-219.22379266317563,152.61380650704675
2863.303565858713,0.0002891599787189418,-6.31435131808112,-218.69785599041825,152.5973697835737
2863.8297593118896,0.00028882397544526206,-6.31419925243874,-218.17191682282777,152.5810130837511
2863.982878685725,0.0002887263702360187,-6.31415503536475,-218.01887097822927,152.57626839293007
2864.1359980595607,0.0002886288367035997,-6.314110833232778,-217.86582492401786,152.57153046821847
2864.662191512738,0.00028829416884974677,-6.31395904670934,-217.3398818403658,152.5553001758181
2865.188384965915,0.0002879602037182759,-6.3138074361010466,-216.8139363006484,152.53914966841532
2865.341504339751,0.0002878631386674448,-6.31376335124583,-216.66088860905995,152.5344649337019
2865.4946237135864,0.0002877661221400386,-6.3137192812513945,-216.50784071112776,152.5297869449471
2866.0208171667637,0.0002874330604982344,-6.313567948248786,-215.98189131642135,152.51376246854346
2866.5470106199405,0.00028710044306012763,-6.31341679038416,-215.4559395040968,152.4978175397667
2866.7001299937765,0.00028700372266851946,-6.313372837148372,-215.302889994419,152.49319258276293
2866.853249367612,0.0002869070294823495,-6.313328898722049,-215.14984028164,152.48857435165493
2867.3794428207893,0.0002865749176278364,-6.313178017507862,-214.6238846749061,152.47275507909265
2867.905636273966,0.0002862430076374235,-6.3130273109956425,-214.09792668869804,152.4570151175873
2868.0587556478017,0.00028614644902732014,-6.312983489037292,-213.9448753896028,152.45244976051714
2868.2118750216373,0.0002860498987013093,-6.312939681864745,-213.79182389062404,152.44789110932865
2868.7380684748146,0.0002857181389264136,-6.3127892515659445,-213.26586217011885,152.4322764301597
2869.2642619279914,0.0002853863851858639,-6.312638995835372,-212.7398981079951,152.4167408258372
2869.4173813018274,0.00028528983888275014,-6.312595305041638,-212.58684504793712,152.41223489121285
2869.570500675663,0.00028519328714809186,-6.3125516290324475,-212.43379179118938,152.40773564247064
2870.09669412884,0.0002848614286500913,-6.3124016494973105,-211.90782405443503,152.3923249468677
2870.622887582017,0.00028452944615494095,-6.3122518446165605,-211.38185401364132,152.37699308990247
2870.7760069558526,0.00028443281175551593,-6.312208285043622,-211.22879922086724,152.372546400252
2870.929126329688,0.0002843361624727904,-6.312164740269213,-211.07574423457405,152.36810637647292
2871.4553197828654,0.00028400389985134785,-6.3120152118492,-210.5497705783859,152.3528990543985
2871.9815132360422,0.00028367140850263096,-6.311865858323775,-210.0237946554691,152.337770334508
2872.1346326098783,0.0002835746067350557,-6.311822430145753,-209.87073815802333,152.33338271218474
2872.287751983714,0.00028347778155891993,-6.311779016792401,-209.71768147020686,152.32900173569334
2872.813945436891,0.000283144850292386,-6.311629940218753,-209.191701990712,152.31399717631797
2873.340138890068,0.00028281159972659526,-6.311481038915359,-208.66572028153684,152.2990709822328
2873.493258263904,0.0002827145616842881,-6.311437742408836,-208.51266210726655,152.29474224926798
2873.6463776377395,0.0002826174942835825,-6.311394460763292,-208.35960374575174,152.29042014205086
2874.172571090917,0.00028228369170921793,-6.311245837094529,-207.83361853840353,152.27561773326988
2874.6987645440936,0.0002819495268895148,-6.311097389165797,-207.30763113816536,152.26089345228442
2874.851883917929,0.00028185221799191664,-6.311054224680268,-207.1545713147237,152.25662343026417
2875.0050032917648,0.0002817548783729192,-6.311011075097016,-207.00151130714198,152.25236001385244
2875.531196744942,0.00028142013767526615,-6.310862905577966,-206.47552046673036,152.23775914192578
2876.057390198119,0.00028108503588316697,-6.310714912292278,-205.94952746996339,152.22323615961983
2876.210509571955,0.00028098745553453854,-6.310671880197929,-205.79646602481122,152.21902466962175
2876.3636289457904,0.0002808898446662019,-6.310628863047371,-205.64340439860186,152.21481976503492
2876.8898223989677,0.0002805541723858573,-6.310481148948402,-205.1174080192566,152.20041981445388
2877.4160158521445,0.0002802181369842595,-6.31033361157352,-204.59140951983494,152.18609751463214
2877.56913522598,0.0002801202840350871,-6.310290712239014,-204.4383464802411,152.1819443772181
2877.7222545998156,0.0002800224002942268,-6.31024782789,-204.2852832626512,152.17779780496002
2878.248448052993,0.00027968578789755216,-6.310100570482088,-203.75928143784162,152.16359815844402
2878.7746415061697,0.0002793488161489156,-6.309953490291954,-203.2332775289786,152.14947592313797
2878.9277608800057,0.00027925069284008043,-6.30991072408812,-203.08021292201954,152.14538095835303
2879.0808802538413,0.0002791525404518644,-6.30986797291082,-202.927148140104,152.14129253841077
2879.6070737070186,0.00027881502403437184,-6.309721173457086,-202.4011409626387,152.1272925769033
2880.1332671601954,0.00027847718883764047,-6.309574551686145,-201.87513173688654,152.11336978638096
2880.2863865340314,0.00027837882392993163,-6.309531918964037,-201.7220655894463,152.10933281376188
2880.439505907867,0.00027828043443478974,-6.309489301305047,-201.5689992700672,152.10530236561735
2880.9656993610442,0.0002779421398307714,-6.309342960954773,-201.0429868320913,152.09150146836163
2881.491892814221,0.00027760357766979364,-6.309196798683292,-200.51697238133693,152.07777750126147
2881.6450121880566,0.00027750500980334514,-6.309154299743493,-200.3639047201053,152.07379833988713
2881.798131561892,0.00027740642052071076,-6.309111815897779,-200.2108368899306,152.06982568257212
2882.3243250150695,0.00027706745918581674,-6.3089659356244185,-199.68481928292036,152.0562232273251
2882.8505184682463,0.0002767282553278772,-6.308820233774094,-199.15879969837934,152.04269746088747
2883.0036378420823,0.0002766295043632122,-6.3087778688770655,-199.00573054985057,152.03877592944514
2883.156757215918,0.0002765307337829361,-6.308735519102015,-198.85266123535231,152.03486088160557
2883.682950669095,0.00027619116255085435,-6.308590099770915,-198.3266385501098,152.02145624483757
2884.209144122272,0.00027585137547920076,-6.308444859176755,-197.8006139223222,152.0081280550677
2884.3622634961075,0.0002757524610058765,-6.308402628559659,-197.64754331279377,152.00426397189338
2884.515382869943,0.00027565353021199795,-6.3083604130892175,-197.49447254024722,152.00040635182776
2885.0415763231204,0.0002753134387376694,-6.308215455475947,-196.9684448668977,151.98719890884348
2885.567769776297,0.00027497318116624615,-6.308070676860281,-196.4424152857259,151.97406767063435
2885.720889150133,0.0002748741396409709,-6.308028580721568,-196.2893432412977,151.970260853752
2885.8740085239688,0.00027477508570465415,-6.307986499748781,-196.1362710367804,151.9664604794529
2886.400201977146,0.0002744345979995699,-6.307842004472798,-195.61023846476866,151.9534496045583
2886.926395430323,0.00027409397365837153,-6.30769768839516,-195.08420401939276,151.9405146918883
2887.0795148041584,0.00027399482863131174,-6.307655726887928,-194.93113056596584,151.93676495907218
2887.232634177994,0.00027389567197937727,-6.307613780562617,-194.77805695535648,151.9330216482889
2887.7588276311712,0.0002735548315577643,-6.307469748120997,-194.25201957344268,151.92020671499967
2888.285021084348,0.0002732138503541347,-6.307325895064409,-193.72598035235708,151.90746750110944
2888.438140458184,0.0002731145998475223,-6.307284068329113,-193.572905515633,151.90377466992538
2888.5912598320197,0.00027301533727356133,-6.3072422567919,-193.41983052461055,151.90008824020072
2889.117453285197,0.00027267413021978405,-6.3070986876732045,-192.89378842086938,151.88746862132774
2889.6436467383737,0.00027233278480873836,-6.3069552981318235,-192.3677445118837,151.8749244787526
2889.7967661122098,0.0002722334299965981,-6.306913606312815,-192.21466831736473,151.87128836655975
2889.9498854860453,0.00027213406413067835,-6.306871929707765,-192.06159197140914,151.86765863522936
2890.4760789392226,0.00027179251319863417,-6.306728824400255,-191.53554523323092,151.85523370287024
2891.0022723923994,0.0002714508365362057,-6.306585898847683,-191.00949672347073,151.84288400343806
2891.155391766235,0.0002713513868500295,-6.306544342079252,-190.85641919646028,151.8393044273922
2891.3085111400706,0.0002712519258690158,-6.306502800539536,-190.70334152085243,151.83573121158986
2891.834704593248,0.0002709100404759115,-6.3063601594943215,-190.17729023494408,151.82350033716278
2892.3608980464246,0.00027056800475654157,-6.306217698386508,-189.65123721085163,151.81134445203645
2892.5140174202606,0.0002704684435580173,-6.306176276805053,-189.49815837645426,151.80782122910117
2892.667136794096,0.00027036886756227755,-6.3061348704698075,-189.3450793962763,151.80430434576775
2893.1933302472735,0.00027002655561212476,-6.305992694194211,-188.81902364866218,151.79226690001343
2893.7195237004503,0.0002696840452952423,-6.305850698093107,-188.29296619599876,151.78030419963605
2893.872643074286,0.00026958433705501585,-6.305809411874184,-188.13988607912108,151.7768371465538
2894.0257624481214,0.00026948461050234937,-6.305768140924164,-187.98680581925765,151.77337641240302
2894.5519559012987,0.00026914175787149405,-6.305626430079832,-187.4607456952846,151.76153176522945
2895.0781493544755,0.0002687986780427338,-6.30548489970208,-186.93468389913625,151.74976161913023
2895.2312687283115,0.00026869880002479706,-6.305443749063108,-186.78160252448902,151.7463505523623
2895.384388102147,0.0002685989018763957,-6.3054026137191945,-186.6285210096287,151.74294578382052
2895.9105815553244,0.00026825544667376353,-6.305261369086223,-186.1024565939715,151.7312933041063
2896.436775008501,0.0002679117356587663,-6.305120305244428,-185.5763905387536,151.71971508072892
2896.589894382337,0.000267811666968788,-6.30507929042796,-185.42330793085267,151.71635981641163
2896.743013756173,0.0002677115741229504,-6.305038290936253,-185.27022518548947,151.7130108295765
2897.26920720935,0.0002673674131567534,-6.3048975133921905,-184.74415656215444,151.7015498850398
2897.795400662527,0.00026702293187083647,-6.304756917027645,-184.2180863316156,151.6901629516083
2897.9485200363624,0.00026692262547851865,-6.304716038322277,-184.065002514783,151.68686330550983
2898.101639410198,0.00026682228902146366,-6.3046751749785095,-183.91191856321717,151.68356991610315
2898.6278328633753,0.0002664772446856608,-6.3045348656000755,-183.38584581554704,151.67229987310625
2899.154026316552,0.0002661318165875232,-6.3043947378826735,-182.85977149277485,151.6611035953764
2899.307145690388,0.0002660312242889115,-6.304353995646254,-182.70668649114083,151.65785938281425
2899.4602650642237,0.0002659305979996072,-6.304313268815332,-182.55360135748123,151.65462140609708
2899.986458517401,0.00026558453438778296,-6.304173428905784,-182.02752456816208,151.64354162933918
2900.5126519705777,0.0002652380583028746,-6.3040337712011585,-181.50144623558978,151.63253537129268
2900.6657713444133,0.00026513715703151396,-6.303993165840178,-181.34836007309457,151.62934640704958
2900.818890718249,0.00026503621972073804,-6.303952575932165,-181.19527378125997,151.626163657741
2901.345084171426,0.0002646890706128588,-6.30381320692272,-180.669193032326,151.61527351001328
2901.871277624603,0.0002643414751923356,-6.3036740206982795,-180.1431107717362,151.60445663366366
2902.024396998439,0.00026424024033979684,-6.3036335526469305,-179.99002347213082,151.60132273194037
2902.1775163722746,0.0002641389655391961,-6.303593100099995,-179.83693604585102,151.5981950241729
2902.703709825452,0.0002637906229747016,-6.303454203531618,-179.31085141868743,151.5874938662158
2903.2299032786286,0.00026344178386572656,-6.303315490389452,-178.78476531121458,151.57686573146177
2903.3830226524647,0.0002633401780354719,-6.303275160126652,-178.63167689806173,151.57378670582952
2903.5361420263002,0.0002632385290148139,-6.303234845425085,-178.47858836087826,151.57071385309965
2904.0623354794775,0.00026288887981965617,-6.303096423003619,-177.95249993622426,151.56020104341104
2904.5885289326543,0.0002625387189476902,-6.302958184699885,-177.42641006235826,151.54976100782497
2904.74164830649,0.00026243672880915973,-6.302917992743468,-177.27332055903332,151.54673667116333
2904.8947676803255,0.0002623346965944667,-6.302877816406753,-177.12023093430048,151.54371848627036
2905.4209611335027,0.00026198374758664605,-6.302739869919431,-176.59413879225215,151.5333933809185
2905.9471545866795,0.00026163232031307715,-6.3026021082250026,-176.06804523184007,151.52314079961818
2906.1002739605156,0.0002615299692545517,-6.302562055083545,-175.91495466153125,151.52017096409273
2906.253393334351,0.0002614275792635461,-6.302522017616741,-175.76186397241605,151.51720725912358
2906.7795867875284,0.0002610754235881667,-6.302384548767556,-175.23576819242527,151.5070692117546
2907.305780240705,0.00026072282313309143,-6.302247265337397,-174.70967102466835,151.49700343748808
2907.4588996145408,0.0002606201366222883,-6.302207351483269,-174.55657941037558,151.49408791458714
2907.6120189883763,0.00026051741425343525,-6.302167453354765,-174.40348767985668,151.49117850095703
2908.1382124415536,0.0002601641402095349,-6.302030463724936,-173.87738834072718,151.48122686295002
2908.6644058947304,0.0002598104725818826,-6.30189366008914,-173.351287644177,151.47134724626375
2908.8175252685664,0.00025970748782386136,-6.301853885956653,-173.19819500871088,151.46848584684736
2908.970644642402,0.0002596044742176136,-6.301814127594446,-173.04510225957753,151.46563053534965
2909.4968380955793,0.000259250263006511,-6.301677618599628,-172.5189994394605,151.45586465599735
2910.023031548756,0.0002588957808106692,-6.30154129605972,-171.9928952920141,151.44617054545532
2910.1761509225917,0.0002587925865479285,-6.3015016620007795,-171.83980165799431,151.44336307983096
2910.3292702964272,0.0002586893768496403,-6.301462043742792,-171.6867079128445,151.4405616807197
2910.8554637496045,0.00025833460255174915,-6.301326016422184,-171.1606016892321,151.4309809075812
2911.3816572027813,0.0002579797355816078,-6.301190175805865,-170.63449416812324,151.4214716502374
2911.5347765766173,0.00025787646410181924,-6.301150682017398,-170.48139955797566,151.4187179283226
2911.687895950453,0.0002577731927877876,-6.301111204040332,-170.32830483921308,151.41597025148587
2912.21408940363,0.0002574183260032631,-6.300975658842511,-169.80219528892613,151.4065739310593
2912.740282856807,0.0002570635581049737,-6.3008403003472475,-169.27608447071196,151.39724887322848
2912.893402230643,0.0002569603527150987,-6.300800946838546,-169.1229889066644,151.3945487047888
2913.0465216044786,0.0002568571654097625,-6.300761609129361,-168.9698932364943,151.3918545599918
2913.572715057656,0.00025650272945906296,-6.300626545836535,-168.4437804356684,151.38264203857605
2914.0989085108326,0.0002561486372443308,-6.300491668955145,-167.91766639621522,151.37350052673426
2914.252027884668,0.000256045679096306,-6.300452455520244,-167.76456990029342,151.37085372165308
2914.405147258504,0.0002559427636137015,-6.300413257844521,-167.6114733007185,151.3682129188124
2914.931340711681,0.00025558946378657693,-6.300278675419789,-167.0853573247892,151.35918354349573
2915.457534164858,0.00025523684446525434,-6.3001442787200705,-166.55924013925664,151.35022492536746
2915.610653538694,0.0002551343826531843,-6.3001052048610156,-166.40614273327947,151.3476312939856
2915.7637729125295,0.00025503199460253436,-6.30006614668241,-166.25304522609486,151.34504364352077
2916.2899663657067,0.0002546807500002766,-6.299932042974297,-165.72692614977905,151.3361967634894
2916.8161598188835,0.00025433056561490456,-6.29979812380985,-165.20080589259996,151.32742038951002
2916.969279192719,0.0002542288843755115,-6.299759188660349,-165.04770759817308,151.32487974307972
2917.1223985665547,0.0002541273095272781,-6.299720269069075,-164.89460920496003,151.32234505637823
2917.648592019732,0.00025377910913804293,-6.299586640616877,-164.36848710223416,151.31368002458666
2918.1747854729088,0.0002534323674435457,-6.29945319500166,-163.84236384709217,151.3050852496568
2918.327904846745,0.00025333176505847065,-6.299414397301702,-163.6892646856016,151.302597400863
2918.4810242205804,0.00025323130519259524,-6.299375614991543,-163.5361654277211,151.30011549080555
2919.0072176737576,0.00025288722052400203,-6.299242456948573,-163.01004037179908,151.2916316658056
2919.5334111269344,0.0002525450608075849,-6.299109479454248,-162.4839141916071,151.28321785116748
2919.6865305007705,0.00025244588424316,-6.299070817509847,-162.33081418421312,151.28078261468443
2919.839649874606,0.00025234689325944495,-6.299032170733163,-162.17771408279955,151.2783532962084
2920.3658433277833,0.0002520081976324203,-6.29889947666781,-161.65158614611147,151.2700500441485
2920.89203678096,0.0002516719671856223,-6.298766960173293,-161.12545711298975,151.26181655950342
2921.0451561547957,0.00025157461965539147,-6.298728431777162,-160.97235628062035,151.25943375263714
2921.1982755286313,0.0002514775040507447,-6.298689918265046,-160.8192553565749,151.2570568433905
2921.7244689818085,0.00025114560605793255,-6.29855767990192,-160.29312461074352,151.24893354035564
2922.2506624349853,0.0002508167149068703,-6.29842561539025,-159.766992795996,151.24087976632555
2922.4037818088213,0.00025072160386339,-6.298387217779097,-159.61389115933966,151.23854920974864
2922.556901182657,0.0002506267701837283,-6.298348834705995,-159.46078943332367,151.23622453083084
2923.083094635834,0.0002503030590057994,-6.298217041863317,-158.93465594914164,151.22828056541556
2923.609288089011,0.000249982897012485,-6.298085418421558,-158.40852142323405,151.2204058961325
2923.7624074628466,0.0002498904294558995,-6.298047148282395,-158.25541900273424,151.218127414636
2923.915526836682,0.0002497982868040622,-6.298008892272603,-158.10231649516317,151.21585479134944
2924.4417202898594,0.0002494841933311915,-6.297877532867829,-157.57618034257413,151.20808956723428
2924.967913743036,0.0002491742364769099,-6.297746337648647,-157.05004317511714,151.2003934129254
2925.1210331168722,0.00024908485157079847,-6.297708191095912,-156.89693999096724,151.1981668361762
2925.274152490708,0.00024899584261844476,-6.297670058196606,-156.743836722006,151.19594609878706
2925.800345943885,0.0002486929108771483,-6.297539118122241,-156.21769797008903,151.1883590373939
2926.326539397062,0.00024839471206955396,-6.297408336203351,-155.69155822982282,151.18084082710666
2926.479658770898,0.0002483088584063348,-6.297370308741023,-155.538454301962,151.17866599045468
2926.6327781447335,0.0002482234285539607,-6.297332294388142,-155.38535029152087,151.17649697500514
2927.1589715979107,0.00024793315173804356,-6.297201757446822,-154.85920900847663,151.16908751831943
2927.6851650510876,0.00024764813902509926,-6.297071371862289,-154.3330667632592,151.16174670275257
2927.838284424923,0.00024756621857470684,-6.297033458413927,-154.17996211136918,151.1596234480488
2927.9914037987587,0.0002474847647149987,-6.296995557469776,-154.02685737910085,151.15750599717038
2928.517597251936,0.0002472084712346479,-6.2968654055511335,-153.50071363224365,151.15027361047873
2929.0437907051128,0.0002469379337761542,-6.296735397501915,-152.97456894904565,151.14310966461795
2929.196910078949,0.00024686031726435054,-6.296697592470707,-152.82146359255,151.14103784095997
2929.3500294527844,0.00024678320863772167,-6.296659799281701,-152.66835815784899,151.13897180461035
2929.8762229059616,0.00024652216475859365,-6.296530012526313,-152.14221201360667,151.13191597897213
2930.4024163591384,0.00024626735947868303,-6.296400361489146,-151.61606495851396,151.12492840448994
2930.555535732974,0.00024619440991819887,-6.296362658778949,-151.4629589165792,151.1229078689109
2930.7086551068096,0.00024612200661250946,-6.296324967194006,-151.30985279858317,151.1208931050594
2931.234848559987,0.0002458774146281496,-6.296195524047829,-150.78370432250284,151.11401335964638
2931.7610420131637,0.00024563945971311347,-6.296066207858155,-150.25755496072395,151.10720168720565
2931.9141613869997,0.0002455714811203064,-6.296028600910876,-150.10444825226207,151.10523230533553
2932.0672807608353,0.000245504076718248,-6.295991004326444,-149.95134146985464,151.10326868061784
2932.5934742140125,0.0002452768576703216,-6.295861881771941,-149.4251907266137,151.09656456489535
2933.1196676671893,0.0002450565441620094,-6.295732876961783,-148.89903912249426,151.0899283561806
2933.2727870410254,0.00024499374345302694,-6.295695358873575,-148.7459317661677,151.08801000280133
2933.425906414861,0.0002449315358123964,-6.2956578503545435,-148.59282433798353,151.08609739305692
2933.952099868038,0.0002447223088818611,-6.295529024342023,-148.0666713914105,151.0795684884826
2934.478293321215,0.0002445201784591061,-6.295400306556271,-147.54051760845778,151.07310733767613
2934.6314126950506,0.00024446270182366215,-6.295362870188411,-147.3874096226871,151.07123989711013
2934.784532068886,0.0002444058319247437,-6.295325442574111,-147.23430156712024,151.06937818775458
2935.3107255220634,0.00024421504716200005,-6.295196888336676,-146.70814648022412,151.0630241089461
2935.83691897524,0.000244031477822437,-6.295068432590574,-146.18199058113913,151.05673764374473
2935.9900383490763,0.00024397941820563876,-6.2950310706371555,-146.0288819841129,151.05492101012717
2936.143157722912,0.00024392796905415323,-6.294993716608701,-145.87577331932636,151.05311009641312
2936.669351176089,0.00024375581815811107,-6.294865408914933,-145.34961615433227,151.0469304919655
2937.195544629266,0.00024359083394777858,-6.294737189920303,-144.82345820104743,151.04081837424582
2937.3486640031015,0.0002435441625867659,-6.294699895024601,-144.6703490107336,151.03905245168357
2937.501783376937,0.00024349808976620443,-6.294662607230933,-144.5172397546713,151.03729223884153
2938.0279768301143,0.00024334429916898198,-6.294534520896734,-143.99108057306265,151.03128679164465
2938.554170283291,0.0002431974571891258,-6.29440651365798,-143.46492062678732,151.02534871748898
2938.707289657127,0.0002431560167801416,-6.2943692785946,-143.31181086094713,151.02363342000763
2938.8604090309627,0.00024311515159755013,-6.294332049834931,-143.15870103134816,151.0219238231653
2939.38660248414,0.00024297906733207204,-6.294204160327715,-142.632539893918,151.01609224991614
2939.912795937317,0.0002428496101947299,-6.294076340683568,-142.10637801519337,151.01032794882317
2940.0659153111524,0.0002428131630975622,-6.294039158499271,-141.95326769139794,151.00866320008487
2940.219034684988,0.0002427772592408449,-6.294001981857668,-141.80015730581295,151.0070041439644
2940.745228138165,0.00024265796547053503,-6.293874265709447,-141.27399427272198,151.00134619398247
2941.271421591342,0.00024254483755522236,-6.293746610710607,-140.74783052148015,150.9957554274749
2941.424540965178,0.00024251304426850298,-6.293709474835251,-140.59471965712777,150.99414116033722
2941.5776603390136,0.0002424817454631162,-6.293672343795323,-140.44160873293686,150.99253257879525
2942.103853792191,0.00024237787291310272,-6.293544779056819,-139.91544386377493,150.98704803229924
2942.6300472453677,0.0002422794723334222,-6.293417267535708,-139.3892782994022,150.9816305919308
2942.7831666192037,0.00024225182150825714,-6.293380171974035,-139.23616691173723,150.98006674780714
2942.9362859930393,0.00024222459761899523,-6.293343080620056,-139.08305546616856,150.97850858316622
2943.4624794462165,0.00024213418664225167,-6.2932156476107,-138.55688882002144,150.97319724872372
2943.9886728993934,0.0002420483657875244,-6.293088260967357,-138.03072150142768,150.96795295312498
2944.141792273229,0.0002420242019796065,-6.2930512005240455,-137.8776096075611,150.9664394810464
2944.2949116470645,0.00024200038484655374,-6.293014143761734,-137.72449765771194,150.96493168312307
2944.8211051002418,0.00024192105650616848,-6.292886825771536,-137.19832929323383,150.9597933940646
2945.3472985534186,0.00024184530733960965,-6.292759548581715,-136.67216027892613,150.9547220850121
2945.5004179272546,0.000241823876322441,-6.29272251901965,-136.51904789585706,150.953258940426
2945.65353730109,0.00024180269878903534,-6.292685492728815,-136.3659354587154,150.95180146530498
2946.1797307542674,0.00024173170357666586,-6.292558276513694,-135.83976543420323,150.9468360753437
2946.7059242074442,0.0002416630649056325,-6.292431097035786,-135.31359478235973,150.9419376131162
2946.85904358128,0.00024164345839978405,-6.2923940952364195,-135.1604819269971,150.9405247564843
2947.0121629551154,0.00024162399023847968,-6.292357096439547,-135.0073690194629,150.939117565091
2947.5383564082927,0.00024155795391347901,-6.29222997288993,-134.4811973929297,150.93432494320166
2948.0645498614695,0.00024149278951742786,-6.292102883858789,-133.95502516147363,150.9295992010742
2948.2176692353055,0.00024147390264208962,-6.292065908074227,-133.80191185065746,150.92823659618875
2948.370788609141,0.00024145502033500637,-6.292028935193488,-133.64879848956446,150.9268796525673
2948.8969820623183,0.00024138995380989064,-6.291901900227169,-133.1226253188143,150.92225967676112
2949.423175515495,0.00024132410794413506,-6.291774899703468,-132.59645156548888,150.9177065343214
2949.576294889331,0.000241304706076625,-6.291737949784468,-132.44333781601225,150.91639414627753
2949.7294142631667,0.0002412851641824498,-6.291701002860283,-132.29022401814953,150.91508741552923
2950.255607716344,0.0002412167172055938,-6.291574058082751,-131.76404936085143,150.91063996553487
2950.781801169521,0.00024114571673256757,-6.29144714999338,-131.2378741432919,150.90625930104855
2950.9349205433564,0.00024112447250761195,-6.291410227527964,-131.08475997192141,150.90499709397216
2951.088039917192,0.00024110292966236208,-6.291373308353073,-130.93164575405376,150.90374053996177
2951.614233370369,0.00024102636570105313,-6.291246461514363,-130.4054696678092,150.89946548919184
2952.140426823546,0.00024094525639174673,-6.291119656158968,-129.87929304360733,150.89525717131528
2952.293546197382,0.00024092068331449832,-6.291082764639614,-129.72617846710136,150.8940451059003
2952.4466655712176,0.00024089563420667283,-6.291045876935302,-129.57306384598724,150.89283868876683
2952.972859024395,0.00024080563966629532,-6.290919142612555,-129.04688638839042,150.8887358955381
2953.4990524775717,0.00024070893126524074,-6.2907924574107374,-128.5207084151524,150.88469977416253
2953.6521718514073,0.000240679406250297,-6.290755602453705,-128.36759345027738,150.88353780493097
2953.805291225243,0.0002406492195567715,-6.290718752084412,-128.21447844268508,150.88238147831586
2954.33148467842,0.0002405401510000485,-6.290592152345808,-127.68829967137631,150.87845077608358
2954.857678131597,0.00024042218053585215,-6.290465612340423,-127.1621204067723,150.87458667226215
2955.010797505433,0.0002403860592373442,-6.2904288017932695,-127.00900507031638,150.87347474458744
2955.1639168792685,0.0002403490924352344,-6.290391996857976,-126.85588969303706,150.87236845264255
2955.690110332446,0.00024021532533137371,-6.2902655614469,-126.32970966574439,150.86860963964267
2956.2163037856226,0.00024007047829790925,-6.290139199338286,-125.803529167544,150.86491733517536
2956.3694231594586,0.00024002612487606338,-6.290102443271294,-125.65041347632608,150.863855382252
2956.522542533294,0.0002399807395884923,-6.29006569409098,-125.49729774618241,150.86279905660996
2957.0487359864715,0.00023981661014028954,-6.289939460395911,-124.97111652074668,150.85921188546249
2957.5749294396483,0.00023963918676962666,-6.289813316562267,-124.4449348468375,150.8556911125019
2957.728048813484,0.00023958493886708194,-6.289776627289561,-124.29181881771146,150.85467905231752
2957.8811681873194,0.00023952947528512692,-6.289739946431607,-124.13870275156131,150.85367260906102
2958.4073616404967,0.0002393293201372163,-6.289613959575948,-123.61252038594475,150.8502567763174
2958.9335550936735,0.00023911379220609695,-6.289488082085141,-123.08633759433476,150.84690720688923
2959.0866744675095,0.00023904808010200254,-6.28945147413708,-122.9332212441889,150.84594493917626
2959.239793841345,0.0002389809898678577,-6.289414876369208,-122.78010485892423,150.84498827579637
2959.7659872945223,0.00023873968804486925,-6.2892891888726385,-122.25392141120193,150.841743411575
2960.292180747699,0.00023848128245263346,-6.2891636328474485,-121.72773756000285,150.83856464747015
2960.4453001215347,0.00023840278970565688,-6.289127122727156,-121.57462090575358,150.8376520508344
2960.5984194953703,0.00023832278857433947,-6.289090624751289,-121.42150421829301,150.8367450433977
2961.1246129485476,0.00023803616802161228,-6.288965295458916,-120.89531974662214,150.83367070199893
2961.6508064017244,0.00023773107032047037,-6.288840121845674,-120.36913489400938,150.8306622659934
2961.8039257755604,0.0002376387510902096,-6.288803727655887,-120.21601795258744,150.82979919548535
2961.957045149396,0.00023754482293753747,-6.288767347732038,-120.06290097986225,150.82894169626172
2962.4832386025732,0.0002372096196769283,-6.288642440539995,-119.53671554242733,150.8260373484487
2963.00943205575,0.00023685498035183367,-6.288517714843273,-119.01052974657671,150.82319867725326
2963.162551429586,0.00023674809482283768,-6.288481455916298,-118.85741253490765,150.8223849624413
2963.3156708034217,0.00023663954647922477,-6.288445213484583,-118.70429529384128,150.82157679803566
2963.841864256599,0.00023625377490764168,-6.288320795936386,-118.17810894877874,150.81884182506803
2964.3680577097757,0.0002358483151305863,-6.288196586558562,-117.6519222677834,150.81617226416785
2964.5211770836113,0.00023572664131665835,-6.288160482907089,-117.4988048027617,150.81540770780708
2964.674296457447,0.00023560332174490386,-6.2881243980074295,-117.34568731024318,150.81464867791573
2965.200489910624,0.0002351670424777434,-6.2880005390313105,-116.81950011554545,150.8120823680103
2965.726683363801,0.0002347117362714162,-6.287876914628406,-116.29331260731148,150.80958116941653
2965.879802737637,0.00023457573207355038,-6.287840986110883,-116.1401949057687,150.8088655470662
2966.0329221114725,0.00023443817578555195,-6.287805078525561,-115.98707717862015,150.80815542422187
2966.55911556465,0.00023395379170338326,-6.287681845365031,-115.46088919201831,150.80575697271067
2967.0853090178266,0.0002334519130895427,-6.287558871686984,-114.93470091414022,150.80342329675756
2967.238428391662,0.00023330269378042952,-6.287523137089976,-114.7815829928074,150.8027563576185
2967.3915477654978,0.00023315209303980075,-6.287487425427803,-114.62846504774609,150.80209488816797
2967.917741218675,0.0002326243063938655,-6.287364880527072,-114.10227632657603,150.79986340191348
2968.443934671852,0.00023208158866879476,-6.287242617272532,-113.57608733619868,150.79769632332042
2968.597054045688,0.00023192103387540878,-6.287207093374478,-113.42296921166574,150.79707779231072
2968.7501734195234,0.0002317593699498273,-6.287171594116217,-113.26985106526293,150.79646469863712
2969.2763668727007,0.00023119581792325255,-6.287049791639038,-112.74366166632295,150.79439920481735
2969.8025603258775,0.00023062125792043772,-6.286928288595407,-112.21747201999712,150.7923977234054
2969.955679699713,0.00023045225534402934,-6.286892988959502,-112.06435370867031,150.79182730467016
2970.1087990735487,0.0002302825375168972,-6.286857715216556,-111.91123537730891,150.79126228888978
2970.634992526726,0.0002296945015309156,-6.286736696514261,-111.38504535671294,150.78936174921478
2971.1611859799027,0.0002291007866395321,-6.28661598872675,-110.85885511024817,150.78752480658662
2971.3143053537387,0.0002289272828754652,-6.286580922260319,-110.70573662830749,150.7870021888373
2971.4674247275743,0.0002287535679492262,-6.286545882327815,-110.5526181281395,150.78648493835718
2971.9936181807516,0.00022815579471223486,-6.286425671009583,-110.02642754117234,150.7847482698559
2972.5198116339284,0.00022755892069546666,-6.286305773999128,-109.50023674949618,150.78307477273796
2972.6729310077644,0.00022738580524937622,-6.286270943605135,-109.34711811285543,150.78259963651328
2972.8260503816,0.0002272130941547202,-6.28623613962773,-109.19399945976238,150.78212983149882
2973.3522438347773,0.00022662364662543678,-6.28611673705826,-108.66780836074928,150.7805559337085
2973.878437287954,0.0002260431258253638,-6.285997642303623,-108.1416170777857,150.77904478351354
2974.0315566617896,0.0002258763658835145,-6.285963043536101,-107.98849830205893,150.77861681022924
2974.184676035625,0.00022571075905846098,-6.285928470143036,-107.8353795116195,150.7781941328626
2974.7108694888025,0.00022515166544393779,-6.285809850530118,-107.30918795382158,150.7767819212841
2975.2370629419793,0.00022461116060181087,-6.2856915202179495,-106.78299623239873,150.77543205024025
2975.3901823158153,0.00022445794629168798,-6.285657139692045,-106.6298773328759,150.77505093322992
2975.543301689651,0.0002243067631118601,-6.285622782389737,-106.4767584203426,150.77467507899317
2976.069495142828,0.00022380410429550927,-6.285504887182192,-105.95056645588656,150.7734235257767
2976.595688596005,0.00022333097415789489,-6.285387248701522,-105.42437434768253,150.77223394053564
2976.7488079698405,0.00022319947676389108,-6.285353062550457,-105.27125533931716,150.77189939828236
2976.901927343676,0.00022307097714277378,-6.285318896215958,-105.11813631960558,150.77157008942007
2977.4281207968534,0.00022265376297338563,-6.28520162931338,-104.59194399945959,150.77047827130804
2977.95431425003,0.00022227799752399938,-6.285084571041138,-104.06575155500055,150.76944810325693
2978.107433623866,0.00022217713038288317,-6.285050543793525,-103.91263245241349,150.76915989443503
2978.260552997702,0.00022208031764820002,-6.285016531583127,-103.75951334010828,150.76887689516823
2978.786746450879,0.0002217802138208728,-6.284899755721721,-103.23332071411959,150.76794404700715
2979.312939904056,0.0002215346484982366,-6.284783123424079,-102.70712798284403,150.76707260767813
2979.466059277892,0.00022147419476668058,-6.28474920692285,-102.5540088003475,150.7668305476326
2979.6191786517275,0.0002214189486436502,-6.284715299176568,-102.40088960972875,150.76659368080502
2980.1453721049047,0.00022127065254663787,-6.284598831997405,-101.87469672673227,150.7658192540774
2980.6715655580815,0.00022119090467304705,-6.284482424815858,-101.34850375712936,150.76510609577028
2980.824684931917,0.0002211813573656308,-6.2844485570679804,-101.19538450877292,150.76491007455627
2980.9778043057527,0.00022117820417280037,-6.284414690190602,-101.04226525386468,150.76471923984096
2981.50399775893,0.00022121795341080683,-6.284298300819139,-100.51607216187153,150.76410296648635
2982.0301912121067,0.00022134001724835858,-6.284181868875181,-99.98987900170371,150.76354794761946
2982.1833105859428,0.0002213917404552248,-6.284147973616134,-99.83675970134561,150.76339794922922
2982.3364299597783,0.0002214509866696168,-6.284114069765273,-99.68364039599064,150.76325314241095
2982.8626234129556,0.00022171367043042034,-6.283997478770617,-99.15744714246838,150.76279510122637
2983.3888168661324,0.0002220715883279392,-6.283880724497693,-98.63125383908996,150.76239845239735
2983.541936239968,0.00022219432396680783,-6.283846711794646,-98.47813450049743,150.76229457381604
2983.6950556138036,0.00022232563974017928,-6.283812679552547,-98.32501515846039,150.76219590575494
2984.221249066981,0.00022284396935296882,-6.283695561590081,-97.79882179071386,150.76189658669122
2984.7474425201576,0.00022346958558837985,-6.283578142659202,-97.27262839149085,150.76165897350816
2984.9005618939937,0.00022367242577683212,-6.283543909771488,-97.1195090284694,150.76160144270068
2985.0536812678292,0.00022388480601204613,-6.283509645019743,-96.96638966356976,150.76154915718502
2985.5798747210065,0.000224688887377168,-6.283391631906131,-96.44019622922198,150.76140952169305
2986.1060681741833,0.00022561056998437757,-6.283273164749663,-95.91400278205134,150.76133210338452
2986.2591875480193,0.00022590135104764983,-6.283238597302675,-95.76088340860301,150.76132129599097
2986.412306921855,0.00022620239930508748,-6.283203984498838,-95.60776403487628,150.76131578623438
2986.938500375032,0.0002273162940061122,-6.28308467065486,-95.0815705824472,150.76133732230076
2987.464693828209,0.00022855424215856358,-6.2829647380487215,-94.55537713637204,150.7614218033244
2987.6178132020445,0.0002289379927169521,-6.282929712736774,-94.40225776688118,150.76145825687254
2987.77093257588,0.00022933232564836088,-6.282894627849869,-94.24913839876777,150.76150007929033
2988.2971260290574,0.00023076847936872634,-6.282773582307268,-93.72294497834467,150.76168484495608
2988.823319482234,0.00023232944871734941,-6.282651748231394,-93.1967515842562,150.76193351144866
2988.97643885607,0.00023280699206759637,-6.282616137655634,-93.04363223369916,150.7620179344175
2989.129558229906,0.0002332949119443881,-6.28258045320562,-92.89051288625602,150.76210781694064
2989.655751683083,0.00023505024126522077,-6.282457238355099,-92.36431955023605,150.76245846266343
2990.18194513626,0.0002369247556427747,-6.2823330685045775,-91.83812626163423,150.76287419447368
2990.3350645100954,0.00023749213222404707,-6.28229674738789,-91.68500694580311,150.76300746772168
2990.488183883931,0.00023806915189053884,-6.282260338741424,-91.53188763492847,150.76314631027955
2991.0143773371083,0.00024012431006221089,-6.282134532330467,-91.00569443879468,150.76366607312423
2991.540570790285,0.00024228719035978034,-6.282007616167393,-90.47950131256422,150.76425232641384
2991.693690164121,0.00024293602477687014,-6.281970467686175,-90.32638204829173,150.76443549593486
2991.8468095379567,0.000243593301116874,-6.281933219336957,-90.17326279094901,150.7646243622501
2992.373002991134,0.0002459144117795734,-6.281804435436829,-89.647069794031,150.7653170304959
2992.8991964443107,0.00024832621392296495,-6.2816744063228285,-89.12087689118276,150.76607779153326
2993.052315818147,0.00024904395125009677,-6.2816363278310225,-88.96775769655314,150.76631205304272
2993.2054351919824,0.00024976841560093283,-6.281598139102209,-88.81463851097949,150.76655215433408
2993.7316286451596,0.0002523065067091799,-6.281466047768336,-88.28844577714872,150.7674220048521
2994.2578220983364,0.0002549115242464248,-6.2813326032994095,-87.76225316347531,150.76836171686702
2994.410941472172,0.0002556806062165925,-6.281293512480553,-87.60913405800648,150.76864839248947
2994.5640608460076,0.0002564540707112208,-6.281254303800606,-87.45601496389035,150.76894106320046
2995.090254299185,0.00025914162781175625,-6.2811186538024195,-86.92982256213317,150.76999277048958
2995.6164477523616,0.0002618643583501418,-6.280981580375261,-86.40363030871471,150.77111623026545
2995.7695671261977,0.0002626612718033367,-6.280941422742659,-86.25051131349099,150.77145673596755
2995.9226865000333,0.0002634595307298617,-6.2809011432803485,-86.09739233209788,150.7718034000457
2996.4488799532105,0.0002662080769298422,-6.2807617892597705,-85.57120033688854,150.77304191121414
2996.9750734063873,0.00026895190641198694,-6.280620990213125,-85.0450085203633,150.77435412952053
2997.128192780223,0.00026974702085995453,-6.280579747400096,-84.89188965809285,150.7747499316906
2997.2813121540585,0.0002705397634618672,-6.280538383377402,-84.73877081231224,150.7751520579023
2997.8075056072357,0.000273239954462554,-6.280395314404381,-84.21257930369063,150.77658242939916
2998.3336990604125,0.000275887482256957,-6.2802508384640445,-83.6863880061908,150.77808845272648
2998.4868184342486,0.00027664511605468025,-6.2802085364631335,-83.53326930115797,150.77854101349166
2998.639937808084,0.00027739597438957987,-6.280166119388517,-83.38015061544203,150.77900005947907
2999.1661312612614,0.00027991756886625073,-6.280019487252,-82.85395967869239,150.78062725524185
2999.692324714438,0.00028233043666808257,-6.279871556874604,-82.32776898733866,150.78233194904888
2999.845444088274,0.0002830088105530893,-6.2798282743060625,-82.17465046521993,150.78284266039896
2999.9985634621094,0.0002836753341079689,-6.279784889243739,-82.02153196538187,150.7833600055398
3000.5247569152866,0.00028586737462783465,-6.279635036865061,-81.49534169020083,150.78518865659404
3001.0509503684634,0.0002878870900928206,-6.279484076387164,-80.96915169604156,150.7870964500268
3001.2040697422995,0.00028843873027778005,-6.279439952592023,-80.8160333835513,150.78766655675324
3001.357189116135,0.00028897286631820063,-6.279395746186255,-80.66291509639004,150.7882434238742
3001.8833825693123,0.0002906659938325001,-6.279243234489015,-80.13672557542903,150.79027755004506
3002.409576022489,0.00029211714495808454,-6.279089895542354,-79.6105363717123,150.79239214389332
3002.562695396325,0.0002924899634060283,-6.279045137636966,-79.45741829604717,150.79302265613245
3002.7158147701607,0.0002928391842734793,-6.279000325000352,-79.30430024876742,150.79366002299062
3003.242008223338,0.00029384974367929897,-6.278845955209551,-78.77811157545025,150.7959027209376
3003.7682016765148,0.0002945443508364129,-6.278691136795004,-78.25192325514085,150.7982267645229
3003.9213210503503,0.0002946829368713933,-6.2786460250758855,-78.09880544319955,150.79891836180647
3004.074440424186,0.00029479155185771434,-6.278600894994411,-77.94568766260531,150.79961686433109
3004.600633877363,0.00029492627376797616,-6.278445724971644,-77.4194999281543,150.80206996926125
3005.12682733054,0.00029466889875080267,-6.278290587218502,-76.89331258064448,150.80460471423407
3005.279946704376,0.0002945161157855,-6.278245478650105,-76.74019505801097,150.80535764345365
3005.4330660782116,0.0002943269266142815,-6.278200396818835,-76.58707756946231,150.80611747320282
3005.959259531389,0.0002933891582270671,-6.2780457501489915,-76.06089085911023,150.80878120308097
3006.4854529845657,0.00029198406906301807,-6.277891719877295,-75.5347045661244,150.8115261437791
3006.6385723584012,0.0002914833327072428,-6.277847048978116,-75.3815873558198,150.81234011407477
3006.791691732237,0.00029093999468802584,-6.27780245853306,-75.22847018196008,150.8131609130244
3007.317885185414,0.0002887384257035225,-6.2776499234577825,-74.70228457039323,150.81603350695053
3007.844078638591,0.00028599909860287055,-6.277498688316087,-74.1760994011652,150.81898602060184
3007.997198012427,0.00028509725517288754,-6.277454964493412,-74.02298252219798,150.81986009936813
3008.1503173862625,0.0002841471961398156,-6.277411382904535,-73.86986568148487,150.8207408563659
3008.6765108394397,0.0002805061283785269,-6.277262798189523,-73.34368122765706,150.8238182230489
3009.2027042926165,0.0002762658815369903,-6.27711628702258,-72.81749723356226,150.82697322713094
3009.3558236664526,0.0002749163697837528,-6.2770740877990745,-72.66438069933777,150.8279057423946
3009.508943040288,0.0002735139910480452,-6.277032099608632,-72.51126420444237,150.82884469661707
3010.0351364934654,0.00026828466584383285,-6.276889525796126,-71.98508094600953,150.8321200918243
3010.561329946642,0.00026240859575571543,-6.276749873776764,-71.45889815494381,150.83546973825278
3010.714449320478,0.00026057505376407086,-6.276709833448411,-71.3057819716264,150.8364581932893
3010.8675686943134,0.0002586853997381724,-6.276670078370981,-71.15266582779773,150.8374527506454
3011.3937621474906,0.0002517591454002554,-6.276535752491787,-70.62648377553542,150.84091650466812
3011.9199556006674,0.0002441580761303103,-6.276405248703875,-70.10030218644965,150.84444993296944
3012.0730749745035,0.00024181854548305953,-6.2763680416872925,-69.94718635140529,150.84549093984452
3012.226194348339,0.00023942156286516628,-6.2763311973115234,-69.79407055493151,150.8465376091219
3012.7523878015163,0.00023074477126981037,-6.2762074683848175,-69.26788968761751,150.85017692853663
3013.278581254693,0.00022139058824202412,-6.276088483348508,-68.741709265734,150.85388010364667
3013.4317006285287,0.00021854201133584376,-6.276054801566331,-68.58859376621379,150.85496934338747
3013.5848200023643,0.00021563705788540423,-6.276021560052837,-68.43547830314445,150.8560636999413
3014.1110134555415,0.0002052267288047033,-6.275910803736653,-67.90929856349372,150.85986257108118
3014.6372069087183,0.00019416800921092192,-6.275805695856891,-67.38311923682096,150.8637182338827
3014.7903262825544,0.00019083079541842857,-6.275776219967674,-67.23000404907022,150.86485045154404
3014.94344565639,0.0001874412177367617,-6.275747258578557,-67.07688889438515,150.86598713682343
3015.469639109567,0.00017540079665987862,-6.2756517705320025,-66.5507101866841,150.86992635961772
3015.995832562744,0.0001627788335693153,-6.275562771077987,-66.0245318444853,150.8739141190932
3016.14895193658,0.0001590015612118615,-6.275538135417223,-65.87141693346837,150.87508316215985
3016.3020713104156,0.00015517941087370683,-6.275514080737641,-65.71830205088337,150.87625592753363
3016.828264763593,0.00014171510292974285,-6.275435948129339,-65.19212424097152,150.88031330898457
3017.3544582167697,0.00012778023994713055,-6.275365024153214,-64.66594673481644,150.88440990555836
3017.5075775906053,0.0001236443862498769,-6.27534577522841,-64.5128320547359,150.88560881434725
3017.660696964441,0.00011947512538966731,-6.275327160942821,-64.35971739732088,150.88681061791328
3018.186890417618,0.00010491178005828865,-6.275268111901011,-63.83354031549769,150.89096135517636
3018.713083870795,9.003870454512338e-05,-6.275216807485162,-63.30736346342458,150.89514112516378
3018.866203244631,8.566295689705593e-05,-6.275203356283539,-63.154248959176215,150.8963622838792
3019.0193226184665,8.12697052660516e-05,-6.275190574830351,-63.00113447092121,150.8975854488642
3019.5455160716438,6.606488936183458e-05,-6.275151807450329,-62.47495791819101,150.90180273101754
3020.0717095248206,5.07658769621629e-05,-6.275121065527677,-61.94878151229979,150.90603830025123
3020.224828898656,4.6309827667522036e-05,-6.275113634379395,-61.79566712193737,150.907273656623
3020.3779482724917,4.18569841323832e-05,-6.275106883255051,-61.642552740331055,150.90851009919024
3020.904141725669,2.6612872104551493e-05,-6.2750888769529585,-61.116376498133064,150.9127659536244
3021.430335178846,1.154876115283524e-05,-6.2750788446451145,-60.590200315631236,150.91702918468326
3021.583454552682,7.2159183351066626e-06,-6.27507740951693,-60.43708597382233,150.91827054500027
3021.7365739265174,2.912080932400384e-06,-6.275076633118791,-60.28397163341287,150.91951207814148
3022.2627673796947,-1.1615262679656968e-05,-6.275078945499421,-59.75779547664168,150.92377848346635
3022.7889608328715,-2.562716092320902e-05,-6.275088766461156,-59.23161929400524,150.92804169665325
3022.942080206707,-2.958736808024511e-05,-6.275092995783747,-59.0785049363522,150.92928110170237
3023.0951995805426,-3.348754304712902e-05,-6.275097823945389,-58.92539057315239,150.93051982054823
3023.62139303372,-4.638297924748216e-05,-6.275118877641884,-58.399214285900094,150.93477010291093
3024.1475864868967,-5.836566691824582e-05,-6.275146476691328,-57.873037895437406,150.93900758531146
3024.3007058607327,-6.16573428654034e-05,-6.275155668421597,-57.71992346343061,150.94023777084905
3024.4538252345683,-6.485277119088899e-05,-6.275165353406736,-57.56680901992291,150.94146652276243
3024.9800186877455,-7.504218217178393e-05,-6.275202219401592,-57.040632413020646,150.9456770449692
3025.5062121409223,-8.386120992175976e-05,-6.27524408645445,-56.51445564080695,150.94986685342838
3025.6593315147584,-8.614304942663258e-05,-6.275257105478251,-56.36134108709157,150.95108179617657
3025.812450888594,-8.828746143175934e-05,-6.275270459560888,-56.20822651750882,150.9522947362977
3026.338644341771,-9.454343596407012e-05,-6.275318644407754,-55.68204944671527,150.95644687953538
3026.864837794948,-9.891486619686507e-05,-6.275369625290021,-55.1558721707176,150.96057293340124
3027.0179571687836,-9.980291533564789e-05,-6.275384843396254,-55.00275746433208,150.96176848060767
3027.171076542619,-0.00010050782619237397,-6.2754001792764695,-54.84964273987445,150.9629617105465
3027.6972699957964,-0.000101461542886441,-6.275453424129513,-54.32346512358366,150.96704413813342
3028.2234634489732,-9.996658228364739e-05,-6.275506526583048,-53.79728729095778,150.97109858692838
3028.3765828228093,-9.903904160913295e-05,-6.275521767530254,-53.64417242227672,150.97227316433904
3028.529702196645,-9.78788041164162e-05,-6.275536844157219,-53.49105753601484,150.97344544847283
3029.055895649822,-9.203933966055614e-05,-6.275586944881232,-52.96487937177555,150.97745662949598
3029.582089102999,-8.314665450097212e-05,-6.275633169624899,-52.43870101492432,150.9814424683357
3029.7352084768345,-7.995093653910597e-05,-6.275645662264961,-52.285586000254426,150.98259785768045
3029.88832785067,-7.64700478345296e-05,-6.275657639059452,-52.132470971702304,150.98375140770412
3030.4145213038473,-6.225137226151562e-05,-6.2756942978295855,-51.6062923517896,150.9877023648651
3030.940714757024,-4.434693601876554e-05,-6.275722505114146,-51.08011360396401,150.99163625645863
3031.09383413086,-3.840887353436503e-05,-6.275728847584917,-50.9269984901366,150.9927784294373
3031.2469535046957,-3.213141498373829e-05,-6.2757342500583775,-50.77388336989528,150.99391974369448
3031.773146957873,-7.886564317417482e-06,-6.275744968579966,-50.24770449778766,150.99783697560326
3032.29934041105,2.0689519858379473e-05,-6.275741790086497,-49.721525610906525,151.00175222381026
3032.452459784886,2.9854467415323686e-05,-6.275737927883245,-49.56841048081617,151.0028922155995
3032.6055791587214,3.941340322433928e-05,-6.2757326274407905,-49.41529535632011,151.0040329557875
3033.1317726118987,7.535137252501883e-05,-6.27570265122451,-48.889116568293844,151.00796147065472
3033.6579660650755,0.0001162613659299449,-6.275652456560792,-48.36293793830869,151.01191107762583
3033.811085438911,0.00012913498447512486,-6.2756336771533725,-48.20982291917333,151.0130658792163
3033.9642048127466,0.00014245596449842133,-6.27561288773334,-48.056707923420255,151.01422376336504
3034.490398265924,0.00019172668161948972,-6.275525210421611,-47.53052972256789,151.01823014849654
3035.0165917191007,0.00024658580450553577,-6.27541013688983,-47.00435193105534,151.02228987514044
3035.1697110929367,0.0002636323883721505,-6.2753710833230905,-46.851237208195435,151.02348332029732
3035.3228304667723,0.0002811767574577068,-6.275329377258331,-46.69812253438243,151.0246830074508
3035.8490239199496,0.0003453403700746701,-6.275164812739173,-46.17194564808158,151.0288584473838
3036.3752173731264,0.00041566338075776644,-6.27496486522965,-45.64576953264986,151.03312978613948
3036.528336746962,0.00043731401522074454,-6.274899570504643,-45.49265537274956,151.03439340584126
3036.6814561207975,0.00045950812869139296,-6.274830915303524,-45.33954129891408,151.03566734503065
3037.207649573975,0.0005399909656882883,-6.274568242589799,-44.81336677488072,151.04013049226137
3037.7338430271516,0.000627138109816685,-6.274261466976757,-44.2871935451435,151.04474345388982
3037.8869624009876,0.0006537750947083339,-6.274163409842752,-44.13408033417207,151.04611726934425
3038.040081774823,0.0006809948333907728,-6.274061226350756,-43.98096726314982,151.0475064838657
3038.5662752280004,0.000779037076764425,-6.273677407362689,-43.45479662334346,151.05240608228164
3039.0924686811773,0.0008841632898390361,-6.27324013541878,-42.92862804323618,151.05752169720844
3039.2455880550133,0.0009161056749887802,-6.273102316622881,-42.77551634534661,151.0590549227371
3039.398707428849,0.00094866212143648,-6.272959557473221,-42.62240486647887,151.06060970116863
3039.924900882026,0.00106526967407717,-6.272430023139268,-42.09624034181425,151.06612686543426
3040.451094335203,0.001189278208595424,-6.2718371835004145,-41.570079002393655,151.07193930542283
3040.6042137090385,0.001226768642961499,-6.271652220814146,-41.41696964702191,151.0736909343362
3040.757333082874,0.0012648951090046222,-6.2714614674436095,-41.26386062691445,151.07547140166275
3041.2835265360513,0.0014007963438934668,-6.270760466037321,-40.737705498409845,151.08182146295684
3041.809719989228,0.0015442983360779104,-6.269985954556586,-40.21155520740372,151.08855969668429
3041.962839363064,0.0015874919736514317,-6.269746194469746,-40.058449412295225,151.09059894563302
3042.1159587368998,0.001631333288861774,-6.269499770458616,-39.905344122379645,151.0926754902988
3042.642152190077,0.0017869458884658246,-6.268600768964252,-39.37920319546642,151.10010932796425
3043.168345643254,0.0019502340169434364,-6.267617865732216,-38.853069510204655,151.1080382355689
3043.3214650170894,0.001999192351402818,-6.2673155072293,-38.69996904805667,151.11044482686063
3043.474584390925,0.0020487993829392593,-6.267005602960393,-38.54686933660088,151.11289836394602
3044.0007778441022,0.002224216919780588,-6.265881720730632,-38.02074957445312,151.12170316144454
3044.526971297279,0.00240725991388409,-6.264663528708563,-37.49464050315565,151.1311240581218
3044.680090671115,0.002461950583595312,-6.264290751244777,-37.34154791893336,151.13398832799285
3044.8332100449506,0.0025172806164870873,-6.263909551878672,-37.1884564344516,151.13691038765472
3045.359403498128,0.0027122779497119735,-6.262533999097321,-36.66236777329241,151.14740978468026
3045.8855969513047,0.0029147316793873505,-6.261053878242336,-36.136294666006094,151.15866033882003
3046.0387163251407,0.002975032643246118,-6.260602966827136,-35.983213550772895,151.1620831698913
3046.1918356989763,0.003035953973327634,-6.260142776718606,-35.83013402250332,151.16557581031353
3046.7180291521536,0.003250005949047297,-6.258489276034829,-35.30409038695082,151.17812945570336
3047.2442226053304,0.0034712369254405887,-6.256721253831206,-34.778069031814226,151.1915830163547
3047.397341979166,0.003536944255971188,-6.256184716042773,-34.625004357155234,151.1956756002845
3047.5504613530015,0.003603244467900664,-6.255638074514689,-34.4719419364589,151.19985115190488
3048.076654806179,0.0038355584332451635,-6.253681248471827,-33.94596246635537,151.21485368600617
3048.6028482593556,0.004074683205444689,-6.251600388440326,-33.420014399755786,151.23091805710186
3048.7559676331916,0.004145523955277512,-6.250971057586476,-33.26697291472873,151.23580150005174
3048.909087007027,0.004216923423125193,-6.2503308400654305,-33.11393457909428,151.24078215453497
3049.4352804602045,0.0044664905382497035,-6.2480465419000835,-32.58804507167425,151.25866167428475
3049.9614739133813,0.004722434551459997,-6.245629245411613,-32.062199103221516,151.2777774005786
3050.114593287217,0.004798085284698196,-6.244900362341813,-31.90918979356524,151.28358219275782
3050.2677126610524,0.004874256303203604,-6.244159859297001,-31.75618481271779,151.2894994590571
3050.7939061142297,0.005139922102555758,-6.241525420850455,-31.2304193766655,151.31071555102892
3051.3200995674065,0.005411497017159973,-6.238749636130671,-30.70471332308139,151.33335381405809
3051.4732189412425,0.005491607445833416,-6.237914902237031,-30.551747930546043,151.34021919439553
3051.626338315078,0.0055721982542449484,-6.237067868583369,-30.39878839235476,151.3472132539849
3052.1525317682554,0.00585274706441754,-6.234062241356785,-29.87319130466684,151.37225471372844
3052.678725221432,0.00613873466986587,-6.230907560253752,-29.34767392203137,151.39891496682142
3052.8318445952677,0.006222951341794557,-6.229961157349121,-29.1947675205417,151.406988221977
3052.9849639691033,0.006307609331482134,-6.229001828769696,-29.041868913356044,151.41520722297815
3053.5111574222806,0.006601839015905747,-6.225605613975413,-28.516496666931744,151.4445895992078
3054.0373508754574,0.006901058682061045,-6.222053264599591,-27.99122976861956,151.4757970783374
3054.1904702492934,0.006989043326236405,-6.220989846299134,-27.838401393508626,151.4852328146051
3054.343589623129,0.007077433033885152,-6.2199129278014,-27.68558324113435,151.49483214261357
3054.8697830763062,0.007384215054409029,-6.216108316669971,-27.1605067699206,151.52909522837973
3055.395976529483,0.0076955841713465,-6.212141071997735,-26.635567517095808,151.56539844941113
3055.549095903319,0.007787031943270969,-6.210955731139458,-26.48284084364747,151.57635786759633
3055.7022152771547,0.007878853670130952,-6.2097563616322775,-26.330127389260504,151.58749942265365
3056.228408730332,0.008197202101822555,-6.205526990832109,-25.805434458869257,151.6272047914992
3056.7546021835087,0.008519811701329899,-6.201128986072045,-25.280917813123754,151.66917313170438
3056.9077215573443,0.008614474206733707,-6.19981719392493,-25.12832188183393,151.6818233343347
3057.06084093118,0.008709487109024095,-6.198490881994745,-24.975742818482523,151.69467484390285
3057.587034384357,0.009038634953113493,-6.193821585955136,-24.451540576448593,151.74040353989673
3058.113227837534,0.009371814273357466,-6.188978033806654,-23.92756191264912,151.78862501936786
3058.26634721137,0.009469514826417565,-6.187535551137215,-23.775131901453985,151.80313838458736
3058.4194665852056,0.009567550473626063,-6.1860780839515535,-23.622723149743052,151.81787278657882
3058.945660038383,0.009906982008429903,-6.180954569162693,-23.09914084005643,151.87022327820287
3059.4718534915596,0.010250312314826895,-6.175651421968366,-22.575838727436064,151.9253026305583
3059.624972865395,0.010350947143097488,-6.174074199845722,-22.42361677376929,151.94185627303722
3059.778092239231,0.010451909919216896,-6.172481543720617,-22.27142130978618,151.95865118652296
3060.304285692408,0.010801358558225747,-6.166890047798591,-21.74861316340686,152.01823762181817
3060.830479145585,0.011154671411640466,-6.161113657628332,-21.22615232838645,152.0807946603954
3060.983598519421,0.01125821033069711,-6.159397738671066,-21.074188405309275,152.099569976069
3061.1367178932564,0.011362078719895034,-6.157665940154186,-20.922257143222726,152.11860725492429
3061.6629113464337,0.011721538641241383,-6.151592888566785,-20.400405461442944,152.18605799429403
3062.1891047996105,0.012084934258830534,-6.145329656053288,-19.87897995241903,152.25672624761197
3062.3422241734465,0.01219142644552365,-6.14347107025234,-19.727332805503035,152.27790853576593
3062.495343547282,0.012298258334370924,-6.14159615121898,-19.575725541898294,152.29937389933673
3063.0215370004594,0.012667993742807627,-6.135027791860131,-19.055044000189998,152.37533031261495
3063.547730453636,0.013041830407244806,-6.128263801122922,-18.534880586585412,152.45475591945143
3063.7008498274718,0.01315139646675906,-6.12625846117065,-18.383618741716464,152.4785340787276
3063.8539692013073,0.013261319276738124,-6.12423631551133,-18.232405172054396,152.5026168149276
3064.3801626544846,0.013641816098377921,-6.117158378668088,-17.713142380969202,152.5877323111436
3064.9063561076614,0.014026646130537286,-6.109879086834836,-17.194504222504154,152.67657311076644
3065.0594754814974,0.014139457747529387,-6.107722704515504,-17.043707074588827,152.70313938257087
3065.212594855333,0.014252647768599719,-6.105549017521557,-16.892967891495534,152.73003209366757
3065.7387883085103,0.014644544293050853,-6.097946463104266,-16.375411245219897,152.82497125659606
3066.264981761687,0.015041052544844159,-6.090136481971115,-15.858601857789745,152.92389591868766
3066.4181011355226,0.015157317050809261,-6.087824510499923,-15.708360847260087,152.9534456292263
3066.571220509358,0.015273985008541793,-6.085494703529974,-15.558188927264402,152.9833439707099
3067.0974139625355,0.01567802984466873,-6.0773515454891385,-15.04266876096054,153.0887816298344
3067.6236074157123,0.016086994887065657,-6.068994487210573,-14.528036298625318,153.19846866098436
3067.7767267895483,0.016206942982311495,-6.066522080082133,-14.378456181275375,153.2311999171515
3067.929846163384,0.016327320667999322,-6.06403127148567,-14.228957865422135,153.264302285847
3068.456039616561,0.016744313925720393,-6.05533046161903,-13.715851939208735,153.38092237869014
3068.982233069738,0.01716652818106055,-6.046408859002769,-13.203793806506031,153.50205886041252
3069.135352443574,0.01729038653182775,-6.043770855239888,-13.05499401965991,153.53817215502733
3069.2884718174096,0.017414698080433513,-6.041113849827228,-12.90629049025321,153.5746792801376
3069.814665270587,0.017845384406246605,-6.031837277455515,-12.396028800270182,153.70317332675793
3070.3408587237636,0.018281541946571375,-6.022332641300153,-11.886996581636506,153.83645317279337
3070.493978097599,0.01840950097151824,-6.019523593365055,-11.739112699796026,153.87615083084694
3070.647097471435,0.01853793115553352,-6.016694915101254,-11.591341445082403,153.9162651973441
3071.173290924612,0.01898289912717306,-6.006823554897933,-11.084411322849807,154.05733013026216
3071.699484377789,0.019433509653405474,-5.996716570923414,-10.57891597495892,154.20345159663648
3071.852603751625,0.019565701540482663,-5.9937308101454745,-10.432101236473091,154.2469369854377
3072.0057231254605,0.01969837475296386,-5.9907247709556435,-10.285417583697273,154.2908620134411
3072.5319165786377,0.020157988667373956,-5.980238942325292,-9.782369009100188,154.44519711249342
3073.0581100318145,0.020623306626770754,-5.96950976714662,-9.280986230199014,154.60485933019473
3073.21122940565,0.020759782535909734,-5.96634149692457,-9.135413107887127,154.65233577063063
3073.3643487794857,0.020896738759365922,-5.963152293548188,-8.989991796552657,154.70027468928828
3073.890542232663,0.021371044673004994,-5.952032024102071,-8.491442818284641,154.8685774161671
3074.4167356858397,0.021850961034782936,-5.940660701898849,-7.9948184698735965,155.04247574003108
3074.569855059676,0.02199165755699835,-5.937304130017724,-7.85068024511043,155.09414505667866
3074.7229744335114,0.022132818448993802,-5.933925981371439,-7.7067169978394245,155.14629940904828
3075.2491678866886,0.022621427474146073,-5.922151519165578,-7.213359097033345,155.32925991090698
3075.7753613398654,0.02311535919840399,-5.910118553704802,-6.72221448507539,155.51807984016898
3075.9284807137014,0.023260068556469848,-5.906568069555234,-6.579726763703126,155.57414047747392
3076.081600087537,0.023405208837883787,-5.902995398383817,-6.437439790723463,155.63070818374123
3076.6077935407143,0.02390721070487437,-5.890547866908113,-5.950042950617853,155.82900222215247
3077.133986993891,0.024414029803447278,-5.877834917938651,-5.465179704879015,156.03341166915865
3077.2871063677267,0.024562381572582746,-5.874085301771389,-5.324581794810528,156.0940563144891
3077.4402257415622,0.024711111261626492,-5.870312946754429,-5.184213150202561,156.155229237199
3077.9664191947395,0.02522501274546106,-5.857175094217565,-4.703630338528294,156.36950937450655
3078.4926126479163,0.025742978770561496,-5.843765760716821,-4.2259345773573775,156.59014915047183
3078.6457320217523,0.025894418153782465,-5.839812418390603,-4.087490633084974,156.65556183228665
3078.798851395588,0.02604616010306886,-5.835835872271353,-3.949307326051847,156.72152281412625
3079.325044848765,0.02656980265047803,-5.821992917683771,-3.4764780411093645,156.95240776898817
3079.851238301942,0.02709647782802812,-5.807873627940868,-3.0069234440065093,157.18988021433424
3080.0043576757776,0.027250241530741775,-5.803712858384731,-2.8709232621997995,157.26023285649643
3080.157477049613,0.02740420793368,-5.7995285389616535,-2.735218004917494,157.33115221296222
3080.6836705027904,0.027934694720772996,-5.784969129607023,-2.271170457854001,157.57921433539593
3081.209863955967,0.028466887042309427,-5.770130132857493,-1.810819789835925,157.83407007185826
3081.3629833298032,0.028621990468209912,-5.765759421837809,-1.677579118583896,157.90951850434294
3081.516102703639,0.028777171703881204,-5.761364967569563,-1.5446705714129463,157.9855499753468
3082.042296156816,0.029310842164641013,-5.746082204905201,-1.0905220150345734,158.25130088964448
3082.568489609993,0.029844595601896253,-5.730518606507384,-0.6405266008980235,158.52402380302834
3082.7216089838284,0.02999983215523114,-5.725936928416828,-0.5103868152216209,158.6047032734228
3082.874728357664,0.030154996717717868,-5.721331500321955,-0.3806191815044028,158.68597948393216
3083.4009218108413,0.030687428861718095,-5.705323976998692,0.062426123624748496,158.9698541160514
3083.927115264018,0.03121802938409665,-5.689036773260644,0.5008294852495856,159.2608448514697
3084.080234637854,0.03137197286550224,-5.68424489155591,0.6275024899639278,159.34686513084486
3084.2333540116897,0.03152567033275723,-5.679429473210474,0.7537606678017144,159.43349265904467
3084.759547464867,0.03205169646252815,-5.662702299697408,1.1844163588769827,159.7358320222734
3085.2857409180438,0.03257369918738289,-5.645699393223313,1.6099115462713203,160.045390420618
3085.43886029188,0.03272471438469373,-5.640700152903856,1.7327293883218193,160.13683063889485
3085.5919796657154,0.03287528729386481,-5.6356778411599295,1.8550873757000752,160.22888483197065
3086.1181731188926,0.03338904537973356,-5.618243628839327,2.271993250226907,160.54991809196147
3086.6443665720694,0.03389634261882965,-5.600540780205056,2.683194495736642,160.87822515373074
3086.797485945905,0.03404260829681893,-5.595339377585345,2.801749397103499,160.97512854799197
3086.9506053197406,0.03418821654363563,-5.590115648702897,2.9197974825979527,161.0726482748349
3087.476798772918,0.034683244875309625,-5.57199539383368,3.3215315218136374,161.41247479003778
3088.0029922260946,0.0351691781217305,-5.55361705118435,3.716996970324836,161.75957493177543
3088.1561115999307,0.035308722978378435,-5.548221263781824,3.830865995349629,161.86194374297463
3088.3092309737663,0.03544738132703379,-5.542804197693302,3.9441798619541926,161.96492632477054
3088.8354244269435,0.035916759963319826,-5.524028005740281,4.329274273434288,162.32349853152456
3089.3616178801203,0.03637428021421911,-5.505007949724158,4.707523606839121,162.68928306421998
3089.514737253956,0.0365050329726166,-5.499428307593564,4.816274088060171,162.79707386330995
3089.6678566277915,0.03663466249602371,-5.493828751534702,4.92442037158767,162.90547046743657
3090.1940500809687,0.03707119926303444,-5.474436337140634,5.291381698797843,163.28257862263337
3090.7202435341455,0.03749306230414521,-5.454818080566939,5.65091777651806,163.66677150664643
3090.8733629079816,0.03761290934361898,-5.449067963054987,5.7541138937189205,163.77989126331713
3091.026482281817,0.03773139520431255,-5.443299619512427,5.8566568855568875,163.89360307587197
3091.5526757349944,0.03812782178149322,-5.423340541978207,6.203989968552023,164.28886295196187
3092.078869188171,0.038506782606901734,-5.403177462556524,6.543324162456765,164.6910099271684
3092.2319885620072,0.03861362463308049,-5.39727311775565,6.640534561567798,164.80931313913422
3092.385107935843,0.03871887343326966,-5.3913525550705215,6.737043933570881,164.9281886325705
3092.91130138902,0.03906805341800961,-5.370886186386654,7.063279234602103,165.34103323524135
3093.437494842197,0.039397099562378725,-5.3502413786283265,7.380959864756144,165.76049536442326
3093.5906142160325,0.039488925802320635,-5.344201856560219,7.4717661228411005,165.88378254220015
3093.743733589868,0.03957894241573176,-5.338148430573341,7.561825470448117,166.00761612975865
3094.2699270430453,0.03987415603242601,-5.3172435914063945,7.865548980315817,166.43729241680148
3094.796120496222,0.04014681411374751,-5.2961893470545744,8.160191929292475,166.8732449786437
3094.949239870058,0.040221793703576765,-5.290036317611109,8.24419756963879,167.0012627494016
3095.1023592438937,0.040294772701155064,-5.283871975908291,8.327413465070899,167.12979508490676
3095.628552697071,0.040530022906549674,-5.2626061565143445,8.607298036807652,167.57536653094974
3096.154746150248,0.04074063785964283,-5.241223031456696,8.877618258130921,168.02680401639412
3096.3078655240834,0.040797193355686795,-5.2349804859780695,8.954457919954034,168.1592470448334
3096.460984897919,0.04085158906661561,-5.22872945837316,9.030469071922372,168.29216715476343
3096.987178351096,0.041021813935462205,-5.207187680831136,9.285305746477599,168.75252270657126
3097.513371804273,0.041165739331938,-5.185563251382645,9.530148182501442,169.2182702959855
3097.666491178109,0.04120260206128625,-5.179257122506753,9.599496508782183,169.35478509765298
3097.8196105519446,0.041237185850964066,-5.172945531964533,9.667982590680133,169.49173440559053
3098.345804005122,0.04133848544851919,-5.1512189406480005,9.89671040376075,169.96560391684727
3098.8719974582987,0.041412361631012765,-5.129446261157156,10.11507878044857,170.44433535849586
3099.0251168321347,0.041428663143982844,-5.12310394516539,10.176658571417981,170.58452595336115
3099.1782362059703,0.041442617617938986,-5.116759316295182,10.23734826120544,170.7251041323981
3099.7044296591475,0.04147259224455051,-5.0949433728393965,10.439080915448965,171.21107997127578
3100.2306231123243,0.041474672417734094,-5.0731189958707095,10.630162730673902,171.70134141753294
3100.38374248616,0.041470030589404905,-5.066768744658563,10.683751861115626,171.84477666815613
3100.5368618599955,0.04146303006364793,-5.060419383463159,10.736429588684535,171.98854915214963
3101.0630553131728,0.041420988527969944,-5.038611654162942,10.91047725428564,172.48511328801294
3101.5892487663496,0.04135123120254634,-5.016833338777114,11.073663280373994,172.98535220106353
3101.7423681401856,0.041325753483625584,-5.010503586857963,11.119099914934392,173.13157453651505
3101.895487514021,0.04129795905306239,-5.004177907202243,11.163610864986923,173.27808137329487
3102.4216809671984,0.04118486185026821,-4.982475768033742,11.309495700536852,173.78363670775113
3102.9478744203752,0.04104487744754115,-4.960840213807209,11.444392840428451,174.29223439688602
3103.100993794211,0.04099915821702266,-4.9545589241127965,11.481578660042086,174.44076947011806
3103.2541131680464,0.04095122299496938,-4.948284792922934,11.517831763400938,174.58953505201552
3103.7803066212236,0.040769778592591156,-4.926783154738927,11.635296369614615,175.1024393275215
3104.3065000744004,0.040563016365890825,-4.9053836524482675,11.741733208620495,175.6177453853374
3104.4596194482365,0.04049820259428944,-4.899177611853964,11.770634467174142,175.76811215544134
3104.612738822072,0.04043133695868622,-4.892981635928873,11.798603202179295,175.9186553172666
3105.1389322752493,0.040186196155995765,-4.871770416593706,11.887611387809766,176.43725585010947
3105.665125728426,0.03991801590922116,-4.850694250346337,11.965635849156426,176.95762272093853
3105.8182451022617,0.03983579064422847,-4.844588309813107,11.986282101305699,177.10934344142112
3105.9713644760973,0.039751726645668825,-4.838495080626308,12.006002960058654,177.2611874038105
3106.4975579292745,0.03944917166550232,-4.817656690867199,12.066732473453337,177.78385481140765
3107.0237513824513,0.03912625906441979,-4.796982859581299,12.11660158925221,178.30767061345782
3107.1768707562874,0.03902862331858277,-4.790999336043304,12.129082182941278,178.46028017214917
3107.329990130123,0.03892938211599942,-4.78503086461824,12.140650939715973,178.61296177544727
3107.8561835833,0.03857646929613101,-4.764638558871735,12.173479027982987,179.13812080167094
3108.382377036477,0.03820599756867596,-4.744436573231691,12.195642251794446,179.66383858785798
3108.535496410313,0.03809505042770148,-4.738594981877596,12.200101098932095,179.81689269779832
3108.6886157841486,0.03798273590652582,-4.732770462350142,12.203667427234336,179.96997044184613
3109.214809237326,0.03758671391747991,-4.712887741394204,12.20915128242116,180.49612637305742
3109.7410026905027,0.0371759579447596,-4.693217281079088,12.204229505321424,181.02228859854603
3109.8941220643383,0.03705382076780098,-4.687534268645509,12.200858745432615,181.17537053877862
3110.047241438174,0.03693055748293024,-4.681870022501079,12.1966197855256,181.3284311517381
3110.573434891351,0.03649875820457302,-4.662550490616758,12.175473787126615,181.85419105628907
3111.099628344528,0.036055116331805685,-4.643461284433616,12.144235685375143,182.37944873391382
3111.252747718364,0.03592395798399485,-4.637950588756635,12.133268656566463,182.53217452892235
3111.4058670921995,0.03579192211470458,-4.63246002125269,12.121461924669322,182.68483796903422
3111.9320605453768,0.03533188657338501,-4.613747190723583,12.074532840129859,183.2089265260904
3112.4582539985536,0.03486297336714161,-4.595278763569124,12.017869484629012,183.7320529519158
3112.611373372389,0.03472501905456875,-4.589951131648275,11.999573238757604,183.8840749712069
3112.7644927462247,0.03458643648368912,-4.584644650022933,11.980469104665609,184.03599784965635
3113.290686199402,0.03410579955664788,-4.566571684765748,11.908709989385983,184.55726776586437
3113.816879652579,0.03361916910174216,-4.548753204390485,11.827608492382636,185.0771668775177
3113.969999026415,0.033476590845619505,-4.543616379353088,11.80227610380815,185.22817588626387
3114.1231184002504,0.03333361882002971,-4.538501396415958,11.776170099888382,185.37905334923096
3114.6493118534277,0.032839652209857295,-4.521091278010212,11.680613942340504,185.89649055687443
3115.1755053066045,0.03234232386737156,-4.503941966061591,11.576131392597416,186.4122002346245
3115.3286246804405,0.032197110686906186,-4.499000854095874,11.5440744605475,186.56192601099576
3115.481744054276,0.03205171434980487,-4.494081973530918,11.511279831855637,186.71149220795812
3116.0079375074533,0.03155098661706401,-4.477348267251088,11.393014395163343,187.2242163749482
3116.53413096063,0.031049258797551143,-4.460878303745602,11.266253495100642,187.73490734544035
3116.6872503344657,0.030903195735935134,-4.456135251696872,11.227795224161829,187.88311807807048
3116.8403697083013,0.03075713961761837,-4.451414548499787,11.18863608752116,188.03114543717442
3117.3665631614786,0.030255564310981645,-4.435362355007436,11.048781030235464,188.53840658893589
3117.8927566146554,0.029755110833078142,-4.419573792008242,10.900868210918818,189.043377762084
3118.0458759884914,0.029609802600583497,-4.415028842473255,10.856337232924174,189.18987846877883
3118.198995362327,0.029464668817614777,-4.410506115642452,10.811142484591379,189.33617601939403
3118.725188815504,0.02896750202616059,-4.395132931637729,10.650829084270045,189.8373480802288
3119.251382268681,0.028473274193393253,-4.380020580313393,10.482895278516178,190.33601910567648
3119.4045016425166,0.02833009971621574,-4.375671741936176,10.432620259895018,190.4806492993668
3119.557621016352,0.028187238375463483,-4.371344791519905,10.38171827673118,190.62506026794844
3120.0838144695294,0.027698888731877987,-4.356641527139873,10.202071955633873,191.11963230750152
3120.6100079227062,0.027214934208389243,-4.342194072803442,10.015236301089805,191.61153415685018
3120.7631272965423,0.02707500294770146,-4.338037662416234,9.959541428961451,191.7541649986287
3120.916246670378,0.026935493736602565,-4.333902637491266,9.903255658312645,191.89656391915776
3121.442440123555,0.026459450270129643,-4.319854844771194,9.705381634238504,192.38412994194746
3121.968633576732,0.025988931717899053,-4.3060560894197515,9.500738366051339,192.86889434739072
3122.121752950568,0.025853105782961686,-4.3020870894072,9.439939765993836,193.00942552302195
3122.2748723244035,0.025717785183374153,-4.298138842073623,9.378585245430674,193.1497150946238
3122.801065777581,0.025256731819126736,-4.284727892489456,9.16355733647527,193.62996313083642
3123.3272592307576,0.024802040646266413,-4.27155787229539,8.942165733909427,194.10731156465576
3123.480378604593,0.024670961507603586,-4.2677702445552095,8.876568750939299,194.2456680679952
3123.6334979784287,0.02454044633719347,-4.264002640314548,8.8104494798575,194.3837759368517
3124.159691431606,0.024096314332247615,-4.251206770755992,8.579301745462658,194.85647699770269
3124.685884884783,0.023659091545367963,-4.2386427827581254,8.342178785096959,195.32620970087194
3124.839004258619,0.023533182520335292,-4.235029766224586,8.272076030034581,195.4623386646071
3124.9921236324544,0.023407872201871675,-4.231435980808904,8.201483097561493,195.598214267837
3125.5183170856317,0.0229818544103093,-4.219231310997632,7.955204015225117,196.06321162289203
3126.0445105388085,0.022563029586872306,-4.207248916512845,7.703319461279437,196.5251971142892
3126.197629912644,0.02244251458049226,-4.203803314648149,7.62898954773347,196.65906480841363
3126.3507492864796,0.02232261323254045,-4.200376118384771,7.554199941903549,196.79267639720334
3126.876942739657,0.021915268989800698,-4.188737595214539,7.293728848373168,197.24987554862838
3127.4031361928337,0.021515195844906874,-4.17731150091598,7.028002471381701,197.70404093633246
3127.5562555666697,0.021400141895519004,-4.1740259239003805,6.949709343244378,197.8356300159747
3127.7093749405053,0.02128570074586323,-4.170757917664936,6.870985337052314,197.9669619341238
3128.2355683936826,0.020897090027810972,-4.159660078096199,6.5972107408688405,198.41632150527082
3128.7617618468594,0.020515653907215017,-4.148764835330026,6.31851123852905,198.86264375692016
3128.9148812206954,0.020405995822530096,-4.145631893629622,6.2365039615660995,198.9919507954039
3129.068000594531,0.020296935567352865,-4.142515698796266,6.154092950194338,199.12100104581177
3129.5941940477082,0.01992667977354832,-4.1319333007339765,5.867852302554113,199.5625246775181
3130.120387500885,0.019563344600771887,-4.1215439080536465,5.576997551582569,200.0010229250849
3130.2735068747206,0.019458898092946715,-4.118556383474926,5.491510471323256,200.1280562527329
3130.426626248556,0.019355022373953045,-4.115584810736782,5.405645166645759,200.25483437159838
3130.9528197017335,0.01900235960735168,-4.105493396105753,5.107725796470679,200.68856369004803
3131.4790131549103,0.018656242161811474,-4.09558582826114,4.805484171064575,201.11929262106293
3131.6321325287463,0.01855672999019189,-4.09273682004727,4.716737362899725,201.2440704816384
3131.785251902582,0.01845775320258798,-4.089903011465965,4.627636271602563,201.3685957302962
3132.311445355759,0.01812164408251695,-4.0802793587641135,4.318777227138176,201.79460440139644
3132.837638808936,0.017791623622923292,-4.070830962574152,4.005869714461388,202.21764871845514
3132.9907581827715,0.017696705942304276,-4.068113991667437,3.914069644355958,202.34019773108508
3133.143877556607,0.017602282250015523,-4.065411520525097,3.82193774726136,202.4624975905764
3133.6700710097844,0.017281495247022927,-4.056233957059238,3.50283225780468,202.88088639026407
3134.196264462961,0.016966277404593992,-4.047223724386299,3.1799350927095946,203.2963562480855
3134.349383836797,0.01687556648601433,-4.044632807105904,3.085275411856055,203.41671014633243
3134.5025032106328,0.01678530343102278,-4.042055749318723,2.9903049702833044,203.53681908610884
3135.02869666381,0.016478455380871428,-4.033304382634384,2.6616032975807076,203.94771189088422
3135.554890116987,0.01617661020025138,-4.024713161146554,2.3293509232402214,204.3557392217388
3135.7080094908224,0.01608968239161402,-4.022242866823708,2.232013347242208,204.47393784556772
3135.861128864658,0.016003153466764244,-4.019785856622711,2.13438478934892,204.5918963424568
3136.3873223178352,0.015708761204494603,-4.011442749409153,1.7966973214774469,204.99543695987134
3136.913515771012,0.01541878702007865,-4.003253387094842,1.455685541651316,205.39617260398973
3137.066635144848,0.01533520348046465,-4.00089887349334,1.3558407757882531,205.5122611186812
3137.2197545186837,0.0152519693252784,-3.9985571357265144,1.255723624456691,205.62811489918084
3137.745947971861,0.01496852202961051,-3.990606391547957,0.909624076361628,206.02446463540343
3138.2721414250377,0.014688909965454078,-3.9828037864438413,0.5604132591379851,206.41807615849476
3138.4252607988738,0.014608232631275454,-3.980560808059973,0.45822192838736825,206.53210446357346
3138.5783801727093,0.014527855703679144,-3.978330164190338,0.35577572964193294,206.64590393182127
3139.1045736258866,0.014253854673737224,-3.970757933439108,0.0018043156147487267,207.03523976448395
3139.6307670790634,0.013983115592841761,-3.9633290220278776,-0.3550774694836517,207.42190983370654
3139.783886452899,0.013904913297943076,-3.9611939243849053,-0.4594639156098985,207.53393212632747
3139.9370058267345,0.013826963598368925,-3.9590707857805634,-0.5640886915836761,207.6457319431702
3140.463199279912,0.013560941239980539,-3.951865236463294,-0.9254221930442046,208.02824518990644
3140.9893927330886,0.013297628010327299,-3.9447989536065013,-1.2894761631153402,208.4081704108657
3141.1425121069246,0.013221484396576567,-3.9427686593091402,-1.395914584829522,208.51824487719028
3141.29563148076,0.013145548050407616,-3.94075001202862,-1.5025756830450634,208.62810366435792
3141.8218249339375,0.01288610369929728,-3.9339012658623194,-1.8707890127359672,209.00399905904243
3142.3480183871143,0.012628853143748873,-3.927188460434603,-2.2415428245113027,209.3773891835883
3142.50113776095,0.012554379327954529,-3.925260440313135,-2.3498975774497985,209.48557779066337
3142.6542571347854,0.01248007103045227,-3.923343814399006,-2.4584601505347243,209.59355793199066
3143.1804505879627,0.012225908977268638,-3.9168438274885595,-2.833095847463736,209.96305300688732
3143.7066440411395,0.01197347001837131,-3.9104771256460737,-3.2101009639987668,210.33013040495007
3143.8597634149755,0.011900310450393239,-3.9086493564439158,-3.3202431501543694,210.43649876172137
3144.012882788811,0.01182727848785798,-3.9068327827669775,-3.4305790170581525,210.54266627030432
3144.5390762419884,0.011577219303646887,-3.900675192952058,-3.811201931186171,210.90599094197592
3145.065269695165,0.011328458686839363,-3.894648840993941,-4.1940312273290985,211.2669902458459
3145.218389069001,0.011256292435906473,-3.892919759221534,-4.305838015576152,211.37160750922752
3145.371508442837,0.011184219995536426,-3.8912017230700813,-4.417824989803817,211.4760319374648
3145.897701896014,0.010937207353106122,-3.8853816886033004,-4.8040200317105635,211.83342822502848
3146.423895349191,0.010691121885524514,-3.879691386635147,-5.192265633249426,212.18859608317536
3146.5770147230264,0.010619667561720255,-3.8780598388161085,-5.305619647231829,212.29153489180126
3146.730134096862,0.01054827814321072,-3.8764392293821204,-5.419140932280205,212.39428926711662
3147.2563275500393,0.01030340034732987,-3.8709532480403075,-5.81051105337281,212.74601108277125
3147.782521003216,0.010059138589285357,-3.8655959577139734,-6.2037824075638435,213.09560595981068
3147.935640377052,0.009988159862666705,-3.864061142290301,-6.318571181344498,213.1969423760491
3148.0887597508877,0.00991722219916954,-3.862537193823251,-6.433514834062398,213.29810314258623
3148.614953204065,0.009673722894313123,-3.857382896216244,-6.829679241475545,213.64441608517973
3149.1411466572417,0.009430586601096396,-3.8523566308421278,-7.227601421806924,213.988708040658
3149.2942660310773,0.009359890945359018,-3.8509180371970024,-7.343716923136973,214.08852148245154
3149.447385404913,0.009289217247243704,-3.8494902682164684,-7.459975384243248,214.18816843106688
3149.97357885809,0.00904648650759875,-3.844666211795961,-7.860567981444571,214.52934952968178
3150.499772311267,0.008803920355793983,-3.839969835399014,-8.262780208174409,214.86861993487767
3150.652891685103,0.008733356382905448,-3.838627186434184,-8.380118422299688,214.9669930878801
3150.8060110589386,0.008662799906457882,-3.8372953426683747,-8.497588106447312,215.06520926571642
3151.332204512116,0.008420369396280913,-3.8328008177141952,-8.902256130573873,215.40154664846892
3151.8583979652926,0.008177960987349001,-3.828433852292553,-9.308410477041994,215.7360878207589
3152.0115173391287,0.0081074192450648,-3.827187048215099,-9.426871042750648,215.83310652495325
3152.1646367129642,0.008036875191958634,-3.825951046308158,-9.545451980123525,215.92997811872604
3152.6908301661415,0.007794419847391004,-3.82178588137963,-9.95385481206345,216.26177058452038
3153.2170236193183,0.007551895493526589,-3.817748313022217,-10.36361507741019,216.5918853146292
3153.370142993154,0.007481305434222558,-3.816597375496017,-10.4831009703876,216.68763841794475
3153.5232623669895,0.007410707104562116,-3.8154572477022564,-10.602696494977788,216.78325460360003
3154.0494558201667,0.007168025333761715,-3.8116216256119646,-11.01450462436761,217.11081107472333
3154.5756492733435,0.006925222513324838,-3.8079137329284323,-11.427545350019372,217.43681203344298
3154.7287686471795,0.0068545434839067405,-3.8068587580725084,-11.547962605450843,217.53139121082893
3154.881888021015,0.006783853064201493,-3.805814606583019,-11.668479081298788,217.62584396911726
3155.4080814741924,0.006540835155955687,-3.8023089184497803,-12.083373191026563,217.94948283217414
3155.934274927369,0.006297674037158324,-3.7989311424270893,-12.499378779448241,218.2716918755472
3156.0873943012048,0.0062268881437520344,-3.7979722656779624,-12.620636241092106,218.3651914207127
3156.2405136750403,0.006156090108319972,-3.797024228534323,-12.74198281364172,218.45857532634213
3156.7667071282176,0.005912700547157517,-3.7938489630877203,-13.159652940933608,218.77862368917982
3157.2929005813944,0.0056691711606348,-3.7908018044223644,-13.578316838318832,219.0973710882017
3157.4460199552304,0.005598279908295891,-3.7899391717995528,-13.70032592426399,219.18988768462037
3157.599139329066,0.005527377496315663,-3.7890873947412906,-13.822414287640896,219.2822996751383
3158.1253327822433,0.005283639102681879,-3.7862430462723866,-14.242559035151048,219.59909255666997
3158.65152623542,0.005039777774442365,-3.78352698369419,-14.663582956571897,219.91471616490531
3158.804645609256,0.004968793406058311,-3.7827607305630626,-14.786257435889258,220.00634863989222
3158.9577649830917,0.004897799350125646,-3.7820053471436985,-14.90900161026279,220.09788776839144
3159.483958436269,0.004653757304821287,-3.7794923591482457,-15.331327384686698,220.41176724013692
3160.0101518894458,0.0044096079443172445,-3.7771078127136066,-15.754420553847345,220.72461162763997
3160.1632712632813,0.004338542344918119,-3.776438057001448,-15.877676324712024,220.81546069997745
3160.316390637117,0.00426746805847193,-3.7757791834104273,-16.00099243387486,220.9062278829117
3160.842584090294,0.004023157116447235,-3.7735979427348223,-16.425212675239155,221.21754220671366
3161.368777543471,0.003778747411210473,-3.7715452828617253,-16.850091040792574,221.52795780895715
3161.521896917307,0.0037076072826229033,-3.7709721298057057,-16.97384589941482,221.61812584418556
3161.6750162911426,0.003636458882951231,-3.7704098703170548,-17.09765193830484,221.7082236180848
3162.20120974432,0.003391895606463168,-3.768560728946166,-17.52348630953276,222.01732642216686
3162.7274031974966,0.0031472340067041785,-3.7668403010387803,-17.949871716670454,222.32566873550485
3162.880522571332,0.003076020058185219,-3.766363850525795,-18.07404511283364,222.4152595155745
3163.033641945168,0.003004797319825232,-3.765898305029438,-18.198260701565857,222.50479180838613
3163.559835398345,0.002759972846973491,-3.7643816079367225,-18.62543423179358,222.81204131456843
3164.086028851522,0.0025150358915991024,-3.7629937654725794,-19.05305354715884,223.11867014498864
3164.239148225358,0.0024437381648906805,-3.762614123061934,-19.177566325982728,223.2077886539587
3164.3922675991935,0.0023724296753319385,-3.762245398771435,-19.30211244989587,223.2968605728448
3164.9184610523707,0.0021272927529956353,-3.761061530183358,-19.73035462733097,223.60261888448417
3165.4446545055475,0.0018820110938833209,-3.760006689118715,-20.15893880904959,223.90789766447176
3165.597773879383,0.0018106061131405692,-3.7597239831771687,-20.2837129358184,223.99664989558983
3165.7508932532187,0.0017391870905904957,-3.7594522121089753,-20.408511668238123,224.08536753667767
3166.277086706396,0.00149364369213827,-3.7586016566868956,-20.83755547112914,224.39000000619274
3166.8032801595728,0.0012479127079825752,-3.757880353946734,-21.266838575529086,224.69429519397846
3166.956399533409,0.001176368628296854,-3.757694751333149,-21.391796842288077,224.78278798057994
3167.1095189072444,0.0011048067503259121,-3.757520105200441,-21.516771049339912,224.87125826217232
3167.6357123604216,0.000858743261431037,-3.757003491410195,-21.946351919041952,225.17513293400535
3168.1619058135984,0.0006124469381290741,-3.756616415874838,-22.37607005741711,225.47881347692993
3168.3150251874345,0.0005407298372200723,-3.7565281285787195,-22.501135776917668,225.56715433924973
3168.46814456127,0.0004689911675969187,-3.7564508245253876,-22.626208810520325,225.65548484971387
3168.9943380144473,0.00022229127004054716,-3.756268938277908,-23.05606359043718,225.95897194395712
3169.520531467624,-2.4684594238537286e-05,-3.756216936507361,-23.48595386058861,226.2624087687202
3169.6736508414597,-9.660724167683349e-05,-3.756226222105314,-23.611050554347624,226.3507057661973
3169.8267702152953,-0.00016855472004013956,-3.7562465225727304,-23.7361459398984,226.4390046164003
3170.3529636684725,-0.0004159961930867845,-3.756400302535985,-24.16601179994631,226.74247602163842
3170.8791571216493,-0.0006637448196672025,-3.7566843653934874,-24.59581120921978,227.04604152355734
3171.0322764954853,-0.0007358970670530238,-3.756791521123733,-24.72086229425424,227.13440310488062
3171.185395869321,-0.0008080756816071201,-3.7569097267880673,-24.84590341763157,227.22277877730542
3171.711589322498,-0.0010563197955553733,-3.757400229570004,-25.275516781884882,227.5266075230406
3172.237782775675,-0.0013048732673556272,-3.758021438170524,-25.704961184443594,227.83067501748886
3172.3909021495106,-0.0013772581204777234,-3.7582267810472447,-25.829889666691162,227.91920985572222
3172.544021523346,-0.0014496678478052095,-3.7584432090593607,-25.95479946921756,228.0077710367339
3173.0702149765234,-0.0016986897876422502,-3.7592715197775193,-26.383894981854567,228.31233069151003
3173.5964084297,-0.0019479824231917438,-3.76023093542927,-26.812718071710016,228.61727376530837
3173.7495278035362,-0.0020205726143275302,-3.7605347667304447,-26.937446259048688,228.70609055900135
3173.902647177372,-0.002093182380498403,-3.7608497138326595,-27.062146953470634,228.79494593507235
3174.428840630549,-0.002342845436861095,-3.7620168102150915,-27.490456527236095,229.10060986622463
3174.955034083726,-0.002592691286215245,-3.7633153257555154,-27.91838892824341,229.40680157096028
3175.108153457562,-0.0026654229143804214,-3.763717885629722,-28.042838174159908,229.49600879608673
3175.2612728313975,-0.0027381641649928123,-3.7641315817340475,-28.167250992344172,229.58526679951126
3175.7874662845747,-0.0029881954903463394,-3.7656381667944148,-28.59450297363788,229.8924072501674
3176.3136597377515,-0.0032382592043180072,-3.7672763252226082,-29.02127145867538,230.20021909844434
3176.466779111587,-0.0033110220473424896,-3.767777736905481,-29.145361946022145,230.28992470028263
3176.6198984854227,-0.003383778607008215,-3.768290287822691,-29.269406927997267,230.37969319349347
3177.1460919386,-0.0036337314435217543,-3.770136580265156,-29.695325414574498,230.68868013745757
3177.6722853917768,-0.0038834899933169603,-3.7721143451375942,-30.1206522956138,230.99848085826466
3177.825404765613,-0.003956117028503794,-3.7727145443414507,-30.244302873896945,231.0887918693707
3177.9785241394484,-0.004028715176646662,-3.773325859659473,-30.36789871217045,231.17917775367354
3178.5047175926256,-0.004277940783975612,-3.7755113356369496,-30.79220307462297,231.49037747766567
3179.0309110458024,-0.004526665009058386,-3.7778278205853355,-31.215805816869143,231.80253148218299
3179.184030419638,-0.004598928902370467,-3.7785264752172947,-31.33893390833839,231.89355355350241
3179.3371497934736,-0.004671134477446673,-3.7792361874988796,-31.461997862477947,231.9846622900914
3179.863343246651,-0.004918776172573594,-3.781759300611759,-31.884402517304522,232.29843567009718
3180.3895366998277,-0.005165528174059472,-3.7844124870878604,-32.30599361893249,232.6133012085522
3180.5426560736637,-0.005237140620041645,-3.7852089149449233,-32.428515204272934,232.70513805077385
3180.6957754474993,-0.0053086583079970315,-3.7860162972862876,-32.5509630961301,232.79707309214137
3181.2219689006765,-0.0055536468989360495,-3.788874194002603,-32.97117756348668,233.11377356416676
3181.7481623538533,-0.005797272344898837,-3.7918606434725888,-33.39046473259723,233.4317005810049
3181.9012817276894,-0.0058678812695367325,-3.7927537276497305,-33.51229442562369,233.52445331891394
3182.054401101525,-0.005938351784681304,-3.7936576087085445,-33.63404072478154,233.61731545357816
3182.580594554702,-0.006179397661251,-3.796845833061808,-34.05177000649376,233.9372866883944
3183.106788007879,-0.006418524690301489,-3.8001603893347333,-34.46845667451582,234.25861438527514
3183.2599073817146,-0.006487715973766583,-3.801148491673319,-34.5895078978802,234.35238082798207
3183.41302675555,-0.0065567187717244044,-3.8021471694849023,-34.710465909390074,234.44626744173584
3183.9392202087274,-0.0067923294998459,-3.8056593718920833,-35.12541122761249,234.76984073912956
3184.465413661904,-0.007025397348971569,-3.809294882098757,-35.53919743434978,235.094894872576
3184.6185330357403,-0.007092704894265501,-3.8103757651099994,-35.65938270486953,235.18976871036466
3184.771652409576,-0.0071597687840462085,-3.811466930536386,-35.77946486705939,235.28477297618485
3185.297845862753,-0.007388288398035688,-3.81529461794993,-36.19132478302616,235.61226443214122
3185.82403931593,-0.007613588115324691,-3.8192417037439927,-36.6019084424252,235.9413544153735
3185.9771586897655,-0.007678505407305073,-3.820412468090722,-36.7211397669032,236.037424366044
3186.130278063601,-0.007743119937653111,-3.8215931440506656,-36.84025805952692,236.13363438642284
3186.6564715167783,-0.007962765572533432,-3.8257254837210306,-37.248729969924696,236.46534191975027
3187.182664969955,-0.008178474910797926,-3.8299723638597314,-37.65580851123462,236.79875781900517
3187.335784343791,-0.008240465243402072,-3.831229400131895,-37.77399789113306,236.89610675000208
3187.4889037176267,-0.008302091271297598,-3.8324958950211383,-37.8920643521909,236.9936046779636
3188.015097170804,-0.008510994499561289,-3.8369195675524597,-38.296846357863764,237.32980500530826
3188.541290623981,-0.00871522945641292,-3.8414519353879104,-38.70011873534487,237.66781451987643
3188.694409997817,-0.008773743303367065,-3.8427908938132362,-38.817178777608184,237.76651857265324
3188.8475293716524,-0.00883183129219373,-3.8441387739377517,-38.934106125538236,237.86537973841456
3189.3737228248297,-0.00902810780689405,-3.8488379015676757,-39.33489925455251,238.20632539653332
3189.8999162780065,-0.009218999627879223,-3.853638891919354,-39.73406829479974,238.54917093325577
3190.053035651842,-0.009273497820895786,-3.855054680525036,-39.84991291688505,238.6492986847527
3190.2061550256776,-0.009327511147793805,-3.8564787717496967,-39.96561526492313,238.7495907639452
3190.732348478855,-0.009509339883238517,-3.8614349512612547,-40.36212599481863,239.09550731019786
3191.2585419320317,-0.00968511002435253,-3.8664852138666643,-40.75690101391303,239.44340329077914
3191.4116613058677,-0.009735084288363411,-3.8679720271538893,-40.87144622141701,239.54501499285726
3191.5647806797033,-0.009784519232936741,-3.8694664466877633,-40.98583986188848,239.64679725710255
3192.0909741328805,-0.009950206800539603,-3.8746588808213187,-41.37778286172155,239.99788078540072
3192.6171675860573,-0.010109228058880572,-3.8799367447840707,-41.767882470481425,240.35101131601513
3192.770286959893,-0.010154218797279296,-3.8814881175374065,-41.88104718357073,240.45415824847106
3192.9234063337285,-0.01019862258137971,-3.8830463305268195,-41.99405141826381,240.55748093306394
3193.4495997869058,-0.010346668931489906,-3.8884520442324932,-42.38115242807811,240.91389601790945
3193.9757932400826,-0.010487537043400587,-3.893933770387386,-42.766307439591664,241.27241302619606
3194.1289126139186,-0.01052715533536798,-3.8955426583429413,-42.8780143420842,241.37713699308284
3194.282031987754,-0.010566148407950093,-3.8971575618939043,-42.98955233180778,241.48204081133414
3194.8082254409314,-0.010695324850451245,-3.902751717668212,-43.37155107976442,241.84391898186624
3195.3344188941082,-0.010816935461754157,-3.908411854695442,-43.75150740746773,242.20794092385893
3195.487538267944,-0.010850884646870769,-3.9100707457483503,-43.861683783689045,242.31427392308373
3195.6406576417794,-0.010884181743585627,-3.9117347833410308,-43.97168338127727,242.4207897571022
3196.1668510949567,-0.010993597409912565,-3.9174910979361792,-44.34833640976515,242.78822860092512
3196.6930445481335,-0.01109520192240351,-3.923302931249615,-44.722857821986004,243.15783982955875
3196.8461639219695,-0.0111232915832277,-3.92500398132115,-44.831436342062844,243.26580392011743
3196.999283295805,-0.011150714787336766,-3.9267092807612034,-44.93983086956029,243.37395271115153
3197.5254767489823,-0.011239855149308914,-3.932600512980177,-45.31091413789964,243.74701567587627
3198.051670202159,-0.011321092056319721,-3.9385365709009017,-45.67978474241467,244.12226651982562
3198.204789575995,-0.01134324629045455,-3.94027175414212,-45.78670416069584,244.2318738970092
3198.3579089498307,-0.011364733041097575,-3.942010279039607,-45.893433096018974,244.34166674408266
3198.884102403008,-0.011433486181254024,-3.9480087594152895,-46.25874424495332,244.7203836549769
3199.410295856185,-0.011494405102352737,-3.9540413560858148,-46.62177059385304,245.10129121102605
3199.5634152300204,-0.011510669040290591,-3.9558026251798606,-46.72697632915306,245.21254448820264
3199.716534603856,-0.01152627830729479,-3.9575663362005127,-46.83198587111535,245.32398295273242
3200.242728057033,-0.011574953091813282,-3.9636445278720975,-47.19134604295281,245.70835123260454
3200.76892151021,-0.01161602663436299,-3.9697463320347475,-47.5483587534308,246.09490084868057
3200.922040884046,-0.011626568406721324,-3.9715257847161065,-47.6518033211534,246.20779353734608
3201.0751602578816,-0.011636481923512266,-3.9733068063229027,-47.75504680326627,246.32087014458315
3201.601353711059,-0.0116658057909838,-3.979437878210849,-48.10830191944506,246.71085669751864
3202.1275471642357,-0.011687917066188653,-3.9855824825164614,-48.45915672009482,247.1030040959625
3202.2806665380713,-0.01169302218813513,-3.9873725257350316,-48.560799991854935,247.2175212668716
3202.433785911907,-0.011697538022936157,-3.989163309443353,-48.66223812151191,247.33222018580793
3202.959979365084,-0.011708629116728674,-3.9953216884842315,-49.009259545916414,247.72776387218022
3203.486172818261,-0.011713036331551307,-4.00148414507937,-49.35383769138216,248.12543782638792
3203.639292192097,-0.011713096247039067,-4.003277647157196,-49.45364696841325,248.24155692388098
3203.7924115659325,-0.01171261689426079,-4.005071121927712,-49.55324787901272,248.35785479668976
3204.31860501911,-0.01170694015912197,-4.0112329953464965,-49.89393243390575,248.75886939268275
3204.8447984722866,-0.01169522868792757,-4.01739029398511,-50.232140468691675,249.16197484110722
3204.9979178461226,-0.011690726177778896,-4.019180718902176,-50.33009036588637,249.27966661553685
3205.151037219958,-0.011685743679774057,-4.020970423179266,-50.42782947977005,249.39753350095714
3205.6772306731355,-0.01166505778076586,-4.027114174470135,-50.762098814480986,249.80391101742856
3206.2034241263123,-0.011639084167614635,-4.033245649796088,-51.09386769700664,250.21233248664473
3206.356543500148,-0.011630576526847767,-4.035027170096564,-51.189939842766755,250.33156200722792
3206.5096628739834,-0.011621655407186408,-4.036807362120507,-51.28579955102748,250.45096240010213
3207.0358563271607,-0.011587952136877157,-4.042913929830257,-51.61359889070775,250.86257663050452
3207.5620497803375,-0.011549780407335014,-4.049001587462818,-51.93888251499531,251.2761818369718
3207.7151691541735,-0.011537880314851718,-4.050769172768632,-52.033065079660865,251.39690954722238
3207.868288528009,-0.011525638193827108,-4.052534916147365,-52.12703425245034,251.5178034363978
3208.3944819811863,-0.011481073985565356,-4.058588064883969,-52.44833058041492,251.93451360445889
3208.920675434363,-0.011432904883215593,-4.064616815790102,-52.767103759299104,252.35315710692623
3209.0737948081987,-0.011418259499465632,-4.0663662939485175,-52.859390832701635,252.47533988570558
3209.2269141820343,-0.011403346107631208,-4.068113515614992,-52.95146418143537,252.59768381350995
3209.7531076352116,-0.0113501696199379,-4.074100010596351,-53.2662439350295,253.01933819580552
3210.2793010883884,-0.011294268467722081,-4.0800578076077025,-53.578499933884714,253.4428649767726
3210.4324204622244,-0.011277538632872638,-4.081785897294168,-53.66889077945911,253.5664571703577
3210.58553983606,-0.011260615121217824,-4.083511416945284,-53.75906809896438,253.69020525945953
3211.1117332892372,-0.011201097323738642,-4.089421101229053,-54.06733447948173,254.11664466898273
3211.637926742414,-0.011139726232356185,-4.095298980041879,-54.373082206180555,254.5448935377161
3211.79104611625,-0.011121567191432513,-4.0970032960456955,-54.4615804231401,254.66984793295785
3211.9441654900857,-0.01110328705281525,-4.0987048284934975,-54.54986574552859,254.79495285131986
3212.470358943263,-0.01103965712813773,-4.10453060909632,-54.85163575296529,255.22601388654272
3212.9965523964397,-0.010975013011173478,-4.1103226412186755,-55.15089671656177,255.65882061630703
3213.1496717702753,-0.010956056744365053,-4.112001674679497,-55.237509343056736,255.78508933102975
3213.302791144111,-0.010937048307532282,-4.113677807395124,-55.32391003631274,255.91150317179344
3213.828984597288,-0.010871434748942746,-4.119415557924429,-55.61921134269505,256.3470211568262
3214.355178050465,-0.010805592560764915,-4.125118722877065,-55.91201649491324,256.7842212897078
3214.508297424301,-0.010786431704206607,-4.126771798541577,-55.9967530853931,256.9117565623705
3214.6614167981365,-0.010767282269656389,-4.128421946470628,-56.081278929890196,257.03943162131293
3215.187610251314,-0.01070166009702881,-4.1340703336651945,-56.37014670511371,257.47924318214143
3215.7138037044906,-0.010636522888891541,-4.139684318494708,-56.65653327775597,257.9206744535416
3215.866923078326,-0.010617696764001521,-4.141311531513722,-56.739404987198874,258.0494293195316
3216.0200424521618,-0.010598938891103455,-4.142935871757348,-56.8220672626576,258.1783187580579
3216.546235905339,-0.010535084537270497,-4.148496115407284,-57.10454106315272,258.6222639979924
3217.072429358516,-0.010472341570493269,-4.15402305171657,-57.384549509032865,259.06776835077073
3217.225548732352,-0.010454324622299012,-4.155625187066426,-57.46556821474823,259.1976971978593
3217.3786681061874,-0.010436424856667667,-4.157224576556511,-57.5463788280428,259.3277555846195
3217.9048615593647,-0.01037587971777246,-4.162700153892048,-57.82249965028938,259.7756798393909
3218.4310550125415,-0.010316973613270547,-4.168144303996456,-58.09617078546114,260.22510501440553
3218.584174386377,-0.01030016653723472,-4.169722741999118,-58.17534827403913,260.356164014661
3218.7372937602127,-0.010283516838819735,-4.171298621680964,-58.254318955013005,260.48734774359144
3219.26348721339,-0.010227560095939354,-4.176694928567555,-58.52412654386815,260.93910291233226
3219.7896806665667,-0.0101736629853389,-4.182062333264889,-58.79149897564451,261.3923036172361
3219.9428000404027,-0.010158386375110526,-4.18361894482056,-58.86884621856583,261.5244510369419
3220.0959194142383,-0.010143298017247912,-4.185173233927397,-58.94598780688709,261.65671862371414
3220.6221128674156,-0.010092927414059986,-4.190497214786756,-59.2095182941381,262.1121640857851
3221.1483063205924,-0.010044924232078927,-4.195795313825251,-59.47062620467158,262.569002756501
3221.3014256944284,-0.010031414155020882,-4.197332348384843,-59.54615274184778,262.7021991490363
3221.454545068264,-0.010018113507705519,-4.198867331754116,-59.62147458372164,262.83551141118687
3221.9807385214413,-0.009974032508731844,-4.204127087682458,-59.87875851825329,263.2945145491742
3222.506931974618,-0.009932511315013357,-4.209364321954111,-60.13362986005967,263.7548617275025
3222.6600513484536,-0.009920917204534778,-4.210884290885587,-60.207343306783315,263.8890700165467
3222.813170722289,-0.009909543985641292,-4.2124025020364,-60.28085277655823,264.02339014489826
3223.3393641754665,-0.009872158823887978,-4.217606887578812,-60.531913594269604,264.48582650180447
3223.8655576286433,-0.009837412534735098,-4.222792295572604,-60.78056873956367,264.9495608603492
3224.0186770024793,-0.009827798564241895,-4.224297855024333,-60.852474427726975,265.0847463231261
3224.171796376315,-0.009818407551626739,-4.225801959246528,-60.92417658461281,265.2200398545136
3224.697989829492,-0.009787835479505364,-4.2309601831809704,-61.16902954789698,265.6857929619877
3225.224183282669,-0.009759872966657767,-4.236103006857711,-61.41148041333769,266.1528010167779
3225.3773026565045,-0.009752221660225121,-4.237596844241436,-61.48158117166117,266.2889311797091
3225.53042203034,-0.009744786442297104,-4.239089525631533,-61.55147855566738,266.4251658836187
3226.0566154835174,-0.009720869130994568,-4.244210767256113,-61.79013017203655,266.894126806077
3226.582808936694,-0.009699429334104904,-4.249320075573995,-62.02637982257249,267.36430236337185
3226.73592831053,-0.009693645792452125,-4.250804801426291,-62.094675896023155,267.50134682383896
3226.889047684366,-0.009688063112043071,-4.252288655420849,-62.162768462940065,267.6384925167071
3227.415241137543,-0.009670383067916701,-4.257381700489503,-62.395216380113894,268.11055915860555
3227.94143459072,-0.009654955118747009,-4.262466034953495,-62.625259105975516,268.58380254318854
3228.094553964556,-0.009650873834975732,-4.2639440818782735,-62.69174821201757,268.72173273117943
3228.2476733383915,-0.009646970868325644,-4.265421515282448,-62.758033404711625,268.85976103217854
3228.7738667915687,-0.009634880280456762,-4.270494421792915,-62.9842667692768,269.33483725668236
3229.3000602447455,-0.009624737478441964,-4.275561478771278,-63.20808861613389,269.811054371741
3229.453179618581,-0.00962213303569459,-4.27703501248738,-63.27276613035585,269.94984326644305
3229.6062989924167,-0.00961967833971319,-4.2785081561508616,-63.33723907815045,270.08872731003675
3230.132492445594,-0.009612337980798141,-4.283567967429677,-63.55723932313608,270.5667219234431
3230.6586858987707,-0.009606577135486917,-4.288624331824543,-63.774819031857,271.0458231985511
3230.8118052726068,-0.009605175448574723,-4.290095177565388,-63.837678288808384,271.1854450166123
3230.9649246464423,-0.009603890077081395,-4.29156581448579,-63.90033212026677,271.32515913864523
3231.4911180996196,-0.009600305772993537,-4.29661832467059,-64.11407412821593,271.80598479793844
3232.0173115527964,-0.009597881805409854,-4.301669254098776,-64.32538442840078,272.28788408109466
3232.170430926632,-0.009597369991585964,-4.303138837181432,-64.38641712134955,272.42831395236936
3232.3235503004676,-0.009596937433359121,-4.304608344618044,-64.4472433741888,272.56883336528495
3232.849743753645,-0.009595996062879286,-4.309657911558117,-64.6546969607776,273.052405460364
3233.3759372068216,-0.009595762487326485,-4.3147071693737304,-64.85970616345443,273.53701890305155
3233.5290565806577,-0.00959580179238432,-4.316176470727366,-64.91890282701895,273.67823254770576
3233.6821759544932,-0.009595881356358535,-4.3176457777410775,-64.97789193884951,273.81953301868094
3234.2083694076705,-0.009596400275723975,-4.3226951935661,-65.17902359752348,274.30576857668524
3234.7345628608473,-0.009597162029226228,-4.32774494633196,-65.37769742005696,274.79301356015293
3234.8876822346833,-0.009597403482624974,-4.329214477972892,-65.43504797446046,274.93498698143674
3235.040801608519,-0.009597645934940937,-4.330684043251255,-65.49218983236075,275.0770445278243
3235.566995061696,-0.00959842536239866,-4.3357344763110905,-65.6869646587105,275.5658611895469
3236.093188514873,-0.009598987269636306,-4.340785262271689,-65.8792681944033,276.055655341807
3236.2463078887085,-0.009599084708472209,-4.342255062817225,-65.93476252519888,276.1983645485525
3236.399427262544,-0.009599144824662408,-4.343724872155171,-65.99004704788885,276.3411551644431
3236.9256207157214,-0.009599007164228101,-4.348775872026459,-66.17843075480565,276.8324702775671
3237.451814168898,-0.009598209827176239,-4.3538266259029665,-66.364330502537,277.3247306207172
3237.604933542734,-0.009597830158954728,-4.355296271244388,-66.41795905243664,277.4681513899581
3237.75805291657,-0.009597377121637185,-4.356765849834529,-66.47137678220932,277.6116508137749
3238.284246369747,-0.009595205302825876,-4.361815402162102,-66.65333773149858,278.10538067338996
3238.810439822924,-0.009591968090727586,-4.366863531391346,-66.83280361450468,278.60002292745304
3238.9635591967594,-0.009590804791218715,-4.368332161249263,-66.88455796675525,278.7441306142348
3239.116678570595,-0.00958953595306817,-4.369800602299176,-66.93610065039624,278.8883141442777
3239.6428720237723,-0.009584322188678994,-4.374845243743014,-67.11161182586163,279.3843734040258
3240.169065476949,-0.009577691515683169,-4.379886768954145,-67.28461911811051,279.8813114702115
3240.322184850785,-0.00957547807179485,-4.381353132515581,-67.33449254627375,280.02608087121257
3240.4753042246207,-0.009573131993945851,-4.38281914486612,-67.38415367940172,280.1709232356589
3241.001497677798,-0.00956401778304747,-4.387854141090795,-67.55319451109185,280.6692245106127
3241.5276911309747,-0.009553198599720711,-4.3928838929046945,-67.71972558128525,281.1683701516141
3241.680810504811,-0.009549715873586119,-4.394346408981379,-67.76771354008203,281.3137754267586
3241.8339298786464,-0.00954607900505874,-4.395808378370067,-67.81548885017014,281.4592507118118
3242.3601233318236,-0.009532373857352897,-4.400827941203061,-67.97804681169056,281.95970438126886
3242.8863167850004,-0.009516745390008881,-4.4058397864579515,-68.1380926188234,282.4609670997018
3243.039436158836,-0.009511826308389383,-4.407296610794568,-68.18419315931976,282.60698175073867
3243.1925555326716,-0.009506737875132095,-4.408752667929679,-68.2300810116126,282.7530633853847
3243.718748985849,-0.009487938724060003,-4.413750195604179,-68.3861529422785,283.2555775869264
3244.2449424390256,-0.0094670770925356,-4.418737288656601,-68.53971423949486,283.7588646897865
3244.3980618128617,-0.009460613672310098,-4.420186389376989,-68.5839283361546,283.90546159197794
3244.5511811866972,-0.009453972677543564,-4.421634486412975,-68.62793004987546,284.0521223854011
3245.0773746398745,-0.009429786789594505,-4.42660283457048,-68.77752315573544,284.556603186547
3245.6035680930513,-0.00940348329232419,-4.431557899136003,-68.92461135326218,285.06182002153923
3245.756687466887,-0.009395430558010145,-4.432997140443997,-68.96694312809416,285.2089715041931
3245.9098068407225,-0.009387198987743595,-4.434435135203084,-69.00906318827215,285.35618373142853
3246.4360002938997,-0.009357548016249289,-4.43936690859768,-69.1521956739534,285.8625354619473
3246.9621937470765,-0.009325803127848335,-4.44428252894251,-69.29283332108753,286.3695858049563
3247.1153131209126,-0.009316175612977347,-4.445709755001747,-69.33329015556738,286.5172637738516
3247.268432494748,-0.009306374392444418,-4.447135494322429,-69.37353631233395,286.66499930230196
3247.7946259479254,-0.00927137829217729,-4.452023327799081,-69.51023762648823,287.17312501827143
3248.320819401102,-0.009234385406423715,-4.456892221209157,-69.64445851097818,287.68191157837543
3248.473938774938,-0.00922325299556648,-4.458305333818783,-69.68305104796849,287.830087669582
3248.6270581487734,-0.00921195808667648,-4.459716730632542,-69.7214343064416,287.9783181156905
3249.1532516019506,-0.009171923977968517,-4.46455355006553,-69.85174501602576,288.4881201577931
3249.6794450551274,-0.009130059976769401,-4.469368822373883,-69.9795938988207,288.9985451625948
3249.8325644289635,-0.009117545139551958,-4.470765854437883,-70.01633593943426,289.14719091716904
3249.985683802799,-0.009104884587429763,-4.4721609607526585,-70.05287044498057,289.2958878228771
3250.5118772559763,-0.009060293927602735,-4.4769402300564725,-70.17684175284127,289.80726843462907
3251.038070709153,-0.009014100086809487,-4.4816956142553455,-70.29837375193108,290.31923426304326
3251.191190082989,-0.00900037074737647,-4.483074797166823,-70.33328205163009,290.46832131319263
3251.3443094568247,-0.008986516851097928,-4.484451870315598,-70.36798487520716,290.6174563327783
3251.870502910002,-0.00893799279578712,-4.489167808566608,-70.4856778022435,291.130318305929
3252.3966963631788,-0.008888136062394001,-4.493857863154146,-70.60095745770212,291.6437281345116
3252.5498157370143,-0.008873393714060578,-4.495217680527271,-70.63405143356066,291.7932283910517
3252.70293511085,-0.008858551138956207,-4.496575235129977,-70.66694227017828,291.9427734780753
3253.229128564027,-0.00880681966028527,-4.501222981521002,-70.77842655568614,292.4570207892043
3253.755322017204,-0.008754058299473745,-4.505843236188004,-70.88752663931017,292.97177921622335
3253.90844139104,-0.00873852913627564,-4.50718246297469,-70.91882800800515,293.12166504717356
3254.0615607648756,-0.008722926403543552,-4.508519308714469,-70.94992880802639,293.2715926315734
3254.587754218053,-0.008668789465921593,-4.513095043140844,-71.05528159452015,293.7871310378894
3255.1139476712297,-0.008613947585450988,-4.517642105596908,-71.15828172565499,294.30314465702736
3255.2670670450652,-0.008597874890819795,-4.51895983668981,-71.18781408877022,294.4533890499748
3255.420186418901,-0.008581756556704994,-4.520275105695007,-71.21714863819172,294.6036721982593
3255.946379872078,-0.008526062066964811,-4.524776133165317,-71.31645299307378,295.12040977060883
3256.472573325255,-0.00846999376754471,-4.529247756211642,-71.41343811171262,295.6375876749016
3256.625692699091,-0.008453626226976624,-4.530543422267513,-71.44122650363856,295.7881643778147
3256.7788120729265,-0.00843724076612163,-4.531836583150142,-71.46881996902061,295.9387769311437
3257.3050055261037,-0.008380838734968919,-4.5362613670888114,-71.56216330205736,296.45662450671375
3257.8311989792805,-0.008324384834862997,-4.540656459001388,-71.65322206686297,296.9748787057972
3257.9843183531166,-0.008307964794705854,-4.541929825199951,-71.67929248675753,297.1257623414682
3258.137437726952,-0.008291553422267292,-4.543200680098888,-71.70517094683682,297.27667902690104
3258.6636311801294,-0.008235263163353842,-4.547548820328248,-71.7926434020208,297.79555056653663
3259.189824633306,-0.00817922639102533,-4.5518674076833765,-71.87786659097864,298.31479630485524
3259.342944007142,-0.008162984009643387,-4.553118560666156,-71.9022455402404,298.4659624560764
3259.4960633809774,-0.008146775209717856,-4.554367231274724,-71.92643552492369,298.6171589684294
3260.0222568341546,-0.008091368424695317,-4.558639410260842,-72.00812841000406,299.1369718126433
3260.5484502873314,-0.008036496423378281,-4.562882575259256,-72.08760737534755,299.6571277867054
3260.7015696611675,-0.008020644145923076,-4.564111903209352,-72.11032141353954,299.8085530522903
3260.854689035003,-0.008004847810816824,-4.565338809962347,-72.13284946259482,299.96000610694693
3261.3808824881803,-0.007951024208476333,-4.56953671349649,-72.20885375551596,300.48068113310495
3261.907075941357,-0.00789797972643974,-4.573706500387454,-72.28267897194152,301.0016696114233
3262.0601953151927,-0.007882702804869414,-4.574914662711658,-72.30375430333301,301.1533316341866
3262.2133146890283,-0.007867500690336638,-4.576120493069966,-72.3246465574157,301.30501899198657
3262.7395081422055,-0.007815857252687634,-4.580246690203442,-72.39505153862122,301.8264806763717
3263.2657015953823,-0.007765194517154442,-4.584345970917639,-72.46331130021343,302.3482275259464
3263.4188209692184,-0.007750646204032202,-4.585533856996426,-72.48277340788724,302.50010499387247
3263.571940343054,-0.007736188023282677,-4.586719523542312,-72.50205524880312,302.6520054594189
3264.098133796231,-0.007687212698425436,-4.590777319718729,-72.56694731392226,303.174181850108
3264.624327249408,-0.007639379151275565,-4.594809645797813,-72.62972662352125,303.69661647799177
3264.777446623244,-0.007625682155664278,-4.595978332278809,-72.64759996075696,303.84868910166773
3264.9305659970796,-0.007612087195039909,-4.597144930167992,-72.66529570933275,304.000782498366
3265.456759450257,-0.007566163674710238,-4.6011382230319535,-72.72475738002557,304.5236051120446
3265.9829529034337,-0.007521500266079215,-4.605107682771431,-72.78213703594575,305.0466603369077
3266.1360722772692,-0.007508745379920603,-4.606258391910953,-72.79844477467306,305.1989088077288
3266.289191651105,-0.00749610048918156,-4.607407156973438,-72.81457744571792,305.35117593408137
3266.815385104282,-0.0074534958150576,-4.611340288523995,-72.8686865778276,305.87457959193847
3267.341578557459,-0.007412220710731119,-4.615251351579412,-72.92074246308425,306.39819145966356
3267.494697931295,-0.007400462199857057,-4.616385404311799,-72.93550630289367,306.5505973925944
3267.6478173051305,-0.0073888176815170925,-4.617517665528496,-72.95009742153708,306.70301996342505
3268.1740107583078,-0.0073496752994876196,-4.621395255282288,-72.9989266317496,307.22694257798713
3268.7002042114846,-0.007311889932298226,-4.625252605597072,-73.04572923057215,307.7510501327994
3268.85332358532,-0.007301150090518306,-4.626371373854426,-73.05896927495553,307.9035959971298
3269.0064429591557,-0.007290525182801773,-4.6274885064035844,-73.07203876024587,308.05615657326376
3269.532636412333,-0.007254889860432629,-4.631315298148324,-73.11565508097699,308.5805388994091
3270.05882986551,-0.007220607804849036,-4.635123694859787,-73.1572692132029,309.10508392547354
3270.211949239346,-0.007210885074989529,-4.636228564053425,-73.16900390615636,309.2577529682201
3270.3650686131814,-0.00720127568459443,-4.637331952915651,-73.18057001359917,309.4104348793467
3270.8912620663586,-0.007169113556135248,-4.641112697534767,-73.21903473784226,309.93522024596064
3271.4174555195355,-0.007138268432065669,-4.644876865151989,-73.25551946641947,310.4601469952762
3271.5705748933715,-0.007129537044596965,-4.645969202679614,-73.26576557675162,310.61292316153686
3271.723694267207,-0.007120914486394644,-4.647060211107775,-73.27584488773972,310.7657104264028
3272.2498877203843,-0.007092104367849862,-4.650799555061061,-73.30921357221253,311.2908444612944
3272.776081173561,-0.007064543574054944,-4.654524068011832,-73.34062226907547,311.8160993781515
3272.9292005473967,-0.007056753899019191,-4.6556051891049774,-73.34939492165691,311.9689672309941
3273.0823199212323,-0.007049066618309452,-4.656685124703115,-73.35800238008898,312.12184447737883
3273.6085133744095,-0.0070234194022598525,-4.660387498438769,-73.38632501225294,312.64727483339016
3274.1347068275863,-0.006998941444137196,-4.664076684405176,-73.41270558312769,313.1728062834362
3274.2878262014224,-0.006992033668712079,-4.665147828157145,-73.42001833403357,313.32575092584375
3274.440945575258,-0.006985221488688389,-4.666217920899691,-73.42716732517405,313.47870331293075
3274.967139028435,-0.0069625302644623676,-4.669887481000164,-73.45048861797393,314.00437940503815
3275.493332481612,-0.0069409275156318345,-4.673545387501315,-73.47188382401741,314.53013741929016
3275.6464518554476,-0.006934840985871798,-4.674607711177642,-73.47774875732024,314.6831444211399
3275.799571229283,-0.006928842840190585,-4.67566910896937,-73.48345120575192,314.8361575671725
3276.3257646824604,-0.006908891832367707,-4.679309728023264,-73.50181093929464,315.36203032930854
3276.8519581356372,-0.0068899360902644185,-4.682940110838606,-73.51825874711145,315.88796636939253
3277.0050775094733,-0.0068846014550629255,-4.683994684471294,-73.52268657839245,316.0410217007236
3277.158196883309,-0.006879346865176187,-4.685048446689519,-73.52695305266295,316.19408161697174
3277.684390336486,-0.006861885837759168,-4.688663680703158,-73.54038644569744,316.7201032803209
3278.210583789663,-0.0068453217382052345,-4.692269962817264,-73.55192042051497,317.2461700249001
3278.3637031634985,-0.006840665100227213,-4.693317757102464,-73.5549206159741,317.39925999530124
3278.516822537334,-0.006836080931685939,-4.694364843355688,-73.55776044948871,317.55235302616285
3279.0430159905113,-0.006820869025119647,-4.697957906169564,-73.56629858746577,318.0784769189402
3279.569209443688,-0.006806478450197372,-4.701543180667458,-73.57294832920658,318.60462807255055
3279.722328817524,-0.0068024418360854355,-4.702585074710023,-73.57452923189697,318.7577392773007
3279.8754481913597,-0.006798472466753707,-4.703626355381872,-73.57595064795416,318.91085204723515
3280.401641644537,-0.0067853382521426316,-4.707200177839274,-73.57962089596175,319.43703241848567
3280.927835097714,-0.0067729720594187776,-4.710767291222975,-73.58141241644063,319.96322254447216
3281.08095447155,-0.006769514704678524,-4.7118040991790195,-73.58158134747862,320.11634181756364
3281.2340738453854,-0.0067661195322281055,-4.712840381921983,-73.58159155690412,320.2694611848034
3281.7602672985627,-0.006754918148175321,-4.716397692319581,-73.5804178657947,320.7956530502183
3282.2864607517395,-0.00674440904635678,-4.71994929075941,-73.57737386298527,321.32183742339356
3282.439580125575,-0.006741475395395852,-4.7209817655305235,-73.576137197944,321.4749517958066
3282.5926994994106,-0.006738595311658253,-4.7220137942449965,-73.57474247555048,321.62806481114757
3283.118892952588,-0.006729091027740036,-4.725557073777527,-73.56874565545421,322.15422381510274
3283.6450864057647,-0.0067201490789277046,-4.729095500166606,-73.56088582707825,322.680358289894
3283.7982057796007,-0.006717643885260691,-4.730124293452105,-73.55824909916488,322.8334549524587
3283.9513251534363,-0.00671517912283249,-4.731152704977911,-73.55545489313621,322.986548822759
3284.4775186066136,-0.00670699395620331,-4.734684017797851,-73.54465304634638,323.5126311181425
3285.0037120597904,-0.006699196043235917,-4.738211125521865,-73.53199461750445,324.03867201800523
3285.156831433626,-0.006696989449915567,-4.739236733650382,-73.52796269010764,324.19173829129136
3285.3099508074615,-0.00669480813262161,-4.740262004613767,-73.52377380242565,324.3448003503725
3285.836144260639,-0.0066874806732065886,-4.743782831465534,-73.50818300420158,324.87076250702364
3286.3623377138156,-0.006680370486979722,-4.747299859819989,-73.49074148540709,325.39666654685163
3286.5154570876516,-0.006678334018477862,-4.748322598451829,-73.48531878401144,325.5496898613839
3286.668576461487,-0.006676310353282109,-4.749345025316116,-73.47973960571814,325.70270755148636
3287.1947699146644,-0.006669435956060197,-4.752856243354328,-73.45937472627836,326.22850650214656
3287.7209633678413,-0.006662655736983049,-4.756363868907684,-73.43716472753601,326.75423074841325
3287.8740827416773,-0.006660694857217133,-4.757383900782064,-73.43035546970762,326.9071986355865
3288.027202115513,-0.0066587381526126725,-4.75840363206711,-73.42339020660471,327.06015949931634
3288.55339556869,-0.006652033785601767,-4.761905652243882,-73.39826564195947,327.58575251923594
3289.079589021867,-0.006645337367178469,-4.765404146717867,-73.37130152593016,328.1112543794241
3289.2327083957025,-0.006643385961632408,-4.766421527534384,-73.36310989523781,328.2641544699993
3289.385827769538,-0.006641432137916266,-4.76743860883746,-73.35476273516356,328.4170461494761
3289.9120212227153,-0.006634688935456556,-4.770931515653543,-73.32489293189077,328.94239085788456
3290.438214675892,-0.0066278814247061725,-4.774420857321333,-73.29318927245303,329.46762808816806
3290.591334049728,-0.006625884728796244,-4.775435561858875,-73.28361954160208,329.62044811556115
3290.7444534235638,-0.00662388007945905,-4.776449959654423,-73.27389477366168,329.7732583561778
3291.270646876741,-0.006616922443246312,-4.779933576664299,-73.23929461494271,330.29831273268
3291.796840329918,-0.006609846020051244,-4.78341350135908,-73.20286655230753,330.8232434594362
3291.9499597037534,-0.00660776217939249,-4.784425437611226,-73.19192318175625,330.97597126688856
3292.103079077589,-0.00660566681172497,-4.785437053662124,-73.18082529259121,331.12868792485796
3292.6292725307662,-0.006598373579278014,-4.7889110000505,-73.1415104106458,331.6534103379828
3293.155465983943,-0.006590930202233306,-4.792381069285154,-73.10037393065552,332.177993089583
3293.308585357779,-0.006588734738167277,-4.7933901005668975,-73.08806164279383,332.33061663986905
3293.4617047316146,-0.006586525721616098,-4.794398794494627,-73.07559538738036,332.48322769208715
3293.987898184792,-0.00657882834746729,-4.79786256347933,-73.03158237946325,333.0075769339974
3294.5140916379687,-0.006570961649730565,-4.801322237607665,-72.98575448940811,333.531770676298
3294.6672110118047,-0.006568639750787435,-4.802328201631142,-72.97207831256924,333.6842780621095
3294.8203303856403,-0.0065663028907116255,-4.80333380889,-72.95824875542654,333.8367716165686
3295.3465238388176,-0.006558155919281109,-4.806786819052732,-72.90955530653113,334.36070693896556
3295.8727172919944,-0.006549826241466626,-4.810235494262979,-72.85905413431858,334.8844711114579
3296.02583666583,-0.006547367577134834,-4.811238211553507,-72.84401942829771,335.0368505659804
3296.1789560396655,-0.0065448932828015526,-4.812240551168013,-72.82883196766066,335.18921487237077
3296.705149492843,-0.006536270691644579,-4.815682170649573,-72.77547692530425,335.7126960231599
3297.2313429460196,-0.0065274642917288635,-4.81911920462063,-72.72032178083612,336.2359905757073
3297.3844623198556,-0.006524867458223084,-4.82011848722813,-72.7039342521245,336.3882304832697
3297.537581693691,-0.006522255418190813,-4.821117371109445,-72.68739463375302,336.5404539435741
3298.0637751468685,-0.006513164374473738,-4.824546955030882,-72.62939804302707,337.06344120259155
3298.5899686000453,-0.006503899000727218,-4.827971709438968,-72.5696094320247,337.58622662958794
3298.743087973881,-0.0065011707406753124,-4.828967373644711,-72.55187513346888,337.73831553521126
3298.8962073477164,-0.00649842824185955,-4.829962619099627,-72.53398944843454,337.8903867130669
3299.4224008008937,-0.006488896575636322,-4.833379548864552,-72.47137253023344,338.41284092267256
3299.9485942540705,-0.006479202574496212,-4.836791420419323,-72.40697211385972,338.9350782912495
3300.1017136279065,-0.006476351852402524,-4.837783293734131,-72.38789743004355,339.08700490841903
3300.254833001742,-0.006473487937085482,-4.838774729648436,-72.36867209908824,339.23891253671275
3300.7810264549194,-0.006463547176695403,-4.842178427732969,-72.30145719066354,339.76079512667184
3301.307219908096,-0.006453458311068669,-4.845576856088458,-72.23246772002165,340.2824460998956
3301.460339281932,-0.006450495658927185,-4.8465647788500625,-72.21205934758811,340.4341993170322
3301.6134586557678,-0.0064475212973383305,-4.847552247226461,-72.19150110114118,340.5859323042419
3302.139652108945,-0.006437213299155179,-4.850942184305404,-72.11971158539201,341.107205312524
3302.665845562122,-0.006426777964367643,-4.85432666388134,-72.04615682580527,341.62823216834715
3302.8189649359574,-0.006423718711709193,-4.855310493922396,-72.02442175013324,341.77980105391737
3302.972084309793,-0.0064206496792990776,-4.856293854954167,-72.00253760426195,341.9313484890124
3303.4982777629702,-0.006410031591466211,-4.859669569750143,-71.92619782043737,342.4519745768427
3304.024471216147,-0.006399309654362066,-4.863039670055409,-71.84810245169014,342.9723402202121
3304.177590589983,-0.006396171389104426,-4.864019288093369,-71.82504791587034,343.12371402566646
3304.3307099638187,-0.006393025266270425,-4.86499842516359,-71.80184514051642,343.2750651807977
3304.856903416996,-0.006382156499262325,-4.86835953727674,-71.72098027017164,343.79500764003166
3305.3830968701727,-0.006371205426474346,-4.871714908661462,-71.6383697677324,344.3146756076947
3305.5362162440083,-0.00636800443312042,-4.872690218579392,-71.61400323764879,344.46584376844504
3305.689335617844,-0.006364797385605219,-4.873665038067312,-71.58948932168313,344.61698809975235
3306.215529071021,-0.006353733121759598,-4.877011244438242,-71.50412526974925,345.13621085454827
3306.741722524198,-0.006342608938742864,-4.880351613101429,-71.41702578822486,345.6551453151315
3306.894841898034,-0.006339361945113582,-4.881322540784184,-71.39135491919878,345.80609745029676
3307.0479612718696,-0.006336110924616024,-4.882292971162719,-71.36553753720808,345.9570245975145
3307.574154725047,-0.006324911468034038,-4.885624046243412,-71.27570081833076,346.4754922018296
3308.1003481782236,-0.006313677029929995,-4.888949219039845,-71.1841390767194,346.9936579512589
3308.253467552059,-0.006310402688417728,-4.889915714562202,-71.1571716795726,347.1443838618856
3308.4065869258948,-0.0063071264108108425,-4.890881708743865,-71.13005865763103,347.295083646352
3308.932780379072,-0.006295855976157989,-4.89419751265893,-71.03577627578373,347.8127612753812
3309.458973832249,-0.006284574052253573,-4.897507383122277,-70.93977943367933,348.3301237257562
3309.612093206085,-0.0062812901151456406,-4.898469421669457,-70.91152343823292,348.4806133911195
3309.7652125799204,-0.006278006076629003,-4.899430957528711,-70.88312271733479,348.63107581189456
3310.2914060330977,-0.006266722377219768,-4.902731434136443,-70.784422040576,349.1479292474807
3310.8175994862745,-0.006255447444622169,-4.906025975641935,-70.68401757552307,349.66445441093316
3310.9707188601105,-0.006252169250646614,-4.906983554766357,-70.65448099576213,349.8146979836188
3311.123838233946,-0.006248892648980044,-4.9079406322084935,-70.62480059740743,349.96491321247964
3311.6500316871234,-0.006237647495377586,-4.91122579876758,-70.52170924343332,350.4809088253913
3312.1762251403,-0.00622643151689803,-4.914505055876336,-70.41692484173167,350.9965632955051
3312.3293445141358,-0.006223174365313389,-4.9154581936849135,-70.38611574489188,351.1465510958336
3312.4824638879713,-0.006219920549741813,-4.916410833161882,-70.35516374044381,351.2965094716018
3313.0086573411486,-0.0062087670686726635,-4.919680778030998,-70.24770947252098,351.81161420118036
3313.5348507943254,-0.0061976628261194554,-4.922944866965884,-70.13857292598435,352.3263651311166
3313.6879701681614,-0.006194441836225167,-4.923893602486694,-70.10649940246034,352.4760876404561
3313.841089541997,-0.0061912257447169815,-4.924841845307211,-70.07428388306639,352.62577966217344
3314.3672829951743,-0.006180213288328355,-4.928096727548992,-69.96249450673761,353.13996099182316
3314.893476448351,-0.00616926630608021,-4.931345832334346,-69.84903361088081,353.6537760684797
3315.0465958221866,-0.006166093863999008,-4.9322902235172394,-69.81570374513475,353.80322392153454
3315.199715196022,-0.0061629275087822484,-4.933234129500337,-69.78223279299058,353.95264024069223
3315.7259086491995,-0.006152094483976643,-4.936474168048941,-69.66613606093252,354.4658661709396
3316.2521021023763,-0.006141339580106058,-4.939708526884171,-69.54837852650897,354.97871358796806
3316.4052214762123,-0.00613822530551264,-4.940648646391683,-69.51380037278777,355.12787756497954
3316.558340850048,-0.006135118140101879,-4.941588289671468,-69.47908203748698,355.27700897774577
3317.084534303225,-0.006124496234274081,-4.944813750151933,-69.35870557309005,355.78924799978336
3317.610727756402,-0.0061139639686399695,-4.948033645039129,-69.23667895607689,356.3010964313815
3317.763847130238,-0.006110916563358328,-4.948969577923397,-69.20086051903185,356.4499674505211
3317.9169665040736,-0.006107877144212923,-4.949905044863235,-69.1649027985533,356.59880489012755
3318.443159957251,-0.006097494427932489,-4.953116233867252,-69.04027403274085,357.11002595949395
3318.9693534104276,-0.0060872098522854225,-4.956321985374412,-68.91400567430036,357.6208445338518
3319.122472784263,-0.006084235860228924,-4.957253827316341,-68.87695489206975,357.7694136434522
3319.275592158099,-0.006081270350861577,-4.958185214555971,-68.8397657161876,357.9179481724283
3319.801785611276,-0.006071144601254151,-4.961382470714249,-68.71091183324319,358.428120682446
3320.327979064453,-0.006061120010742089,-4.964574425383999,-68.58042881136541,358.9378789558023
3320.481098438289,-0.006058221940771647,-4.965502278297937,-68.542153542861,359.08613732700377
3320.6342178121245,-0.006055332410951734,-4.966429688109289,-68.50374076111136,359.23436012993596
3321.1604112653017,-0.006045467686408077,-4.969613364607559,-68.37068866320422,359.74345388790664
3321.6866047184785,-0.006035703224235659,-4.972791876731054,-68.23601776659878,360.25212182261635
3321.839724092314,-0.006032880535996566,-4.973715843625886,-68.19652578571686,360.4000607433742
3321.9928434661497,-0.0060300662046970386,-4.9746393789226575,-68.15689716236145,360.5479631210811
3322.519036919327,-0.006020458200768091,-4.9778098282143715,-68.01967345762672,361.05594832952164
3323.0452303725037,-0.006010946732636262,-4.980975247235568,-67.88084118107281,361.563496277073
3323.1983497463398,-0.006008196758534809,-4.981895429018657,-67.84014017650452,361.71110714752024
3323.3514691201754,-0.006005454635569339,-4.982815190262484,-67.79930339083522,361.8586805125495
3323.8776625733526,-0.005996090294026723,-4.985972753598424,-67.6579343978399,362.3655277546929
3324.4038560265294,-0.005986813731116896,-4.989125412573417,-67.51496695234216,362.87192644291474
3324.5569754003654,-0.005984130127239947,-4.990041904243275,-67.4730645316712,363.01920077199594
3324.710094774201,-0.0059814533691114466,-4.990957985418394,-67.43102718270055,363.16643664544716
3325.2362882273783,-0.005972305096011701,-4.994102976938635,-67.28553895156723,363.6721168759359
3325.762481680555,-0.005963229853826744,-4.997243173911652,-67.13846229424753,364.1773374025952
3325.9156010543907,-0.005960601782974765,-4.998156058721953,-67.09536599448586,364.32426680682653
3326.0687204282262,-0.005957979130637959,-4.999068541401215,-67.052135612326,364.47115681740456
3326.5949138814035,-0.0059490054371295256,-5.002201227672551,-66.90255397058057,364.9756413614328
3327.1211073345803,-0.005940086293572964,-5.005329206397022,-66.75139386047044,365.479655197098
3327.2742267084163,-0.0059375000078707345,-5.006238550711702,-66.70711116606736,365.62623140210036
3327.427346082252,-0.0059349174405523486,-5.007147499135736,-66.66269523065871,365.7727672879491
3327.953539535429,-0.005926068122370182,-5.0102680841847835,-66.50904585252931,366.2760278497597
3328.479732988606,-0.005917251339895775,-5.013384021340573,-66.35382792663755,366.77880684955016
3328.6328523624416,-0.005914690463049223,-5.0142898711690975,-66.30836629272059,366.9250216940518
3328.785971736277,-0.005912131237573797,-5.015195328803688,-66.26277225757234,367.0711953070252
3329.3121651894544,-0.005903345670786547,-5.018303941861669,-66.10508074924233,367.57320398663586
3329.838358642631,-0.00589456557026803,-5.021407933450078,-65.94583061397404,368.0747204103652
3329.991478016467,-0.0058920099889717545,-5.02231031010495,-65.89919749420018,368.2205658527509
3330.144597390303,-0.005889453562613825,-5.023212295156354,-65.8524328148501,368.3663691652929
3330.67079084348,-0.0058806579403829365,-5.026308974095593,-65.69072481728803,368.86709848482377
3331.196984296657,-0.005871836520427147,-5.029401018048696,-65.52746815933413,369.36732502769627
3331.3501036704924,-0.005869262895585944,-5.030299913109339,-65.47967103972279,369.512793155799
3331.503223044328,-0.005866685700284238,-5.031198413580496,-65.43174320823435,369.6582182711165
3332.0294164975053,-0.00585779770864168,-5.034283089359181,-65.26604452065925,370.1576412126729
3332.555609950682,-0.005848851042325081,-5.037363072897732,-65.09880723691876,370.65655104742615
3332.708729324518,-0.00584623473057401,-5.038258445208796,-65.04985367465333,370.80163409154096
3332.8618486983537,-0.00584361201086857,-5.039153416165915,-65.00077025878119,370.94667325693183
3333.388042151531,-0.005834545749271117,-5.042225905323878,-64.83110697539477,371.444763310638
3333.9142356047078,-0.005825386472066509,-5.045293599402238,-64.65991531224815,371.94233013882945
3334.067354978544,-0.005822701741956293,-5.0461853736396165,-64.60981297653582,372.08702048721017
3334.2204743523794,-0.0058200076260526866,-5.0470767358100534,-64.55958166073896,372.2316661098208
3334.7466678055566,-0.0058106729870110365,-5.050136735458955,-64.38598031274265,372.72839732994277
3335.2728612587334,-0.005801209461419476,-5.053191789372271,-64.21086100985617,373.22459544120215
3335.425980632569,-0.005798429421149257,-5.0540798543856456,-64.15961772413249,373.3688856579042
3335.5791000064046,-0.005795636972604596,-5.054967492515323,-64.10824635193461,373.5131303228433
3336.105293459582,-0.005785941441088913,-5.058014575058439,-63.93073405438167,374.00847739214925
3336.6314869127586,-0.005776082310228238,-5.061056512833889,-63.7517144928863,374.5032817316062
3336.7846062865947,-0.005773180795453577,-5.06194072111845,-63.69933827806008,374.64716457664565
3336.9377256604303,-0.005770264091129456,-5.062824483733565,-63.64683489525991,374.79100106735245
3337.4639191136075,-0.005760120824434365,-5.065858098785579,-63.46543949469405,375.28493936850896
3337.9901125667843,-0.005749783155751859,-5.068886325370534,-63.282547841881474,375.77832560974554
3338.14323194062,-0.005746736850102789,-5.069766495674272,-63.22904695758345,375.92179406050536
3338.2963513144555,-0.005743672944678395,-5.070646197989358,-63.1754198530356,376.06521538020024
3338.8225447676327,-0.005733006000600736,-5.073665684320589,-62.99017006340526,376.5577210695656
3339.3487382208095,-0.00572211856078768,-5.076679499763969,-62.803435401266825,377.04966568812443
3339.5018575946456,-0.00571890765820635,-5.07755542148715,-62.748818381713534,377.1927129606145
3339.654976968481,-0.005715677193332413,-5.07843084991803,-62.69407612248236,377.33571235348666
3340.1811704216584,-0.005704423578984674,-5.081435451582236,-62.505001640356724,377.82676243324823
3340.707363874835,-0.0056929297405354275,-5.084434068466069,-62.31445407168286,378.317242777414
3340.8604832486712,-0.00568953912626048,-5.085305507043362,-62.25872975475279,378.4598623465553
3341.013602622507,-0.005686127681410274,-5.086176424788517,-62.20288121432246,378.6024333178742
3341.539796075684,-0.005674243722813165,-5.089165312267077,-62.01001280895161,379.09200570368176
3342.065989528861,-0.005662110062690493,-5.092147880788765,-61.81568353530357,379.58100005909006
3342.2191089026965,-0.005658532150156572,-5.093014585896002,-61.75886108268836,379.7231856768092
3342.372228276532,-0.005654933142654359,-5.093880741566655,-61.70191545985318,379.865322010641
3342.8984217297093,-0.005642404245318767,-5.096853044851838,-61.50528502761957,380.3533955891862
3343.424615182886,-0.005629629068107104,-5.099818690717834,-61.307206385856496,380.8408832303422
3343.577734556722,-0.005625865874020838,-5.1006804081090245,-61.24929529000164,380.98262893924755
3343.7308539305577,-0.005622082469480139,-5.1015415478680035,-61.19126211407793,381.12432471149185
3344.257047383735,-0.0056089284012842315,-5.1044964000888555,-60.990902682619605,381.61087938006307
3344.783240836912,-0.005595545722014491,-5.10744427057831,-60.789108126873195,382.0968406011055
3344.9363602107474,-0.0055916099100912315,-5.108300755849687,-60.73011820142404,382.2381407416635
3345.089479584583,-0.005587656067779799,-5.109156637351169,-60.67100732072505,382.37939032639497
3345.61567303776,-0.005573934997101147,-5.112093223932937,-60.466952994072564,382.86440700805684
3346.141866490937,-0.005560019874376651,-5.115022539522681,-60.26147701647191,383.3488231269887
3346.294985864773,-0.005555936664034651,-5.115873573696142,-60.201418368474094,383.4896723365664
3346.4481052386086,-0.005551839195690471,-5.116723981968532,-60.14123992030383,383.63047040403393
3346.974298691786,-0.005537655942389613,-5.11964159793718,-59.93352575844315,384.11393103242494
3347.5004921449627,-0.005523333615560208,-5.122551714181002,-59.724403740319275,384.5967843619269
3347.6536115187987,-0.005519143431530326,-5.123397122636836,-59.663286721306804,384.737177563468
3347.8067308926343,-0.005514944568362665,-5.12424188940055,-59.602051080426655,384.8775190674281
3348.3329243458115,-0.005500458250310222,-5.127140008553894,-59.390712901467055,385.35940653245945
3348.8591177989883,-0.005485909680757054,-5.130030488723348,-59.17798088231863,385.8406803079242
3349.012237172824,-0.0054816693165889024,-5.13087016283113,-59.11581601464585,385.9806126855062
3349.1653565466595,-0.0054774277214420875,-5.131709188300757,-59.05353371668699,386.12049283716044
3349.6915499998368,-0.005462854208007359,-5.134587539043964,-58.838607811117406,386.6007908827495
3350.2177434530136,-0.005448317648031563,-5.1374582310221415,-58.62230216777178,387.08046913971117
3350.3708628268496,-0.005444100688524032,-5.138292150648411,-58.55910004462882,387.21993609894685
3350.523982200685,-0.005439891893085036,-5.139125426116516,-58.495781683124015,387.35935032553914
3351.0501756538624,-0.005425505854785176,-5.141984069677445,-58.27730443720453,387.8380433933206
3351.576369107039,-0.00541127990103456,-5.1448351855169205,-58.05746147170277,388.3161107887918
3351.729488480875,-0.005407177828628389,-5.145663442504051,-57.9932326304764,388.45510790051014
3351.8826078547104,-0.005403095395331248,-5.146491073983544,-57.92888872716519,388.59405178701
3352.4088013078876,-0.005389234379758961,-5.14933048712235,-57.70689615366686,389.07112480033015
3352.9349947610644,-0.0053756811738765835,-5.152162687669224,-57.48355158705818,389.5475663718458
3353.0881141349005,-0.005371803947039376,-5.152985510754092,-57.41830635500666,389.6860892971423
3353.241233508736,-0.005367959851570207,-5.153807743960887,-57.35294720235099,389.82455850908485
3353.7674269619133,-0.005355023830137683,-5.156628904894806,-57.127474375153874,390.29999659066766
3354.29362041509,-0.005342566081549242,-5.1594433848109515,-56.900662745193586,390.77479744704095
3354.446739788926,-0.00533904083464279,-5.1602611640058935,-56.83441105736241,390.9128418421768
3354.5998591627617,-0.005335564023903937,-5.161078408540156,-56.76804653347342,391.05083202826404
3355.126052615939,-0.005324009585189231,-5.1638828781311545,-56.539126929223535,391.5246201479319
3355.652246069116,-0.005313124080367458,-5.16668144384646,-56.30888089886361,391.9977650898942
3355.8053654429514,-0.0053100932255572214,-5.167494752463589,-56.241632090901206,392.135326490844
3355.958484816787,-0.005307127728788081,-5.168307603547945,-56.17427144976226,392.2728331652269
3356.484678269964,-0.005297461972195731,-5.171097597904803,-55.941936207854326,392.7449557181648
3357.010871723141,-0.005288673770168067,-5.173882737085549,-55.70828579699159,393.2164287901706
3357.163991096977,-0.00528629330977538,-5.174692351385827,-55.6400483765494,393.3535024772651
3357.3171104708126,-0.005283996489892174,-5.175501609239842,-55.57170001722916,393.4905208819788
3357.84330392399,-0.005276770050922365,-5.178280064125427,-55.3359771305503,393.9609611991978
3358.3694973771667,-0.005270643319400205,-5.181055005835561,-55.09894888350671,394.4307451743109
3358.5226167510023,-0.005269079637815427,-5.181861921572605,-55.029730283943266,394.5673260176205
3358.675736124838,-0.005267618750834271,-5.182668607445399,-54.9604015026346,394.70385096589496
3359.201929578015,-0.005263412179969144,-5.185439228947319,-54.72131495370368,395.17259076024845
3359.728123031192,-0.005260534327592511,-5.188207986560669,-54.480931060171436,395.6406665632687
3359.881242405028,-0.005259959252937013,-5.189013429841079,-54.41073738246184,395.77674885065403
3360.0343617788635,-0.00525950640991772,-5.189818796121069,-54.3404341135718,395.9127745532182
3360.5605552320408,-0.005258912434684107,-5.192586089379494,-54.09800298002918,396.3797933097802
3361.0867486852176,-0.00525987625487577,-5.195353479942913,-53.854280376693545,396.84613938949445
3361.239868059053,-0.0052604619421399886,-5.196158911092895,-53.78311612794143,396.98171664082633
3361.3929874328887,-0.005261189027411,-5.196964444392923,-53.71184268277845,397.1172365188241
3361.919180886066,-0.005264795445369635,-5.199733718394656,-53.46608024222736,397.5825108427319
3362.445374339243,-0.005270181980776913,-5.202505358412979,-53.21902972534186,398.0471025070673
3362.598493713079,-0.005272095811013682,-5.203312469057394,-53.14689756262256,398.1821672786831
3362.7516130869144,-0.00527416927544822,-5.204119886496149,-53.07465637438029,398.31717376730313
3363.2778065400917,-0.005282539868158194,-5.206897234992788,-52.82556923817678,398.7806767033373
3363.8039999932685,-0.005292897317826355,-5.209679510776067,-52.5751946169075,399.243485432328
3363.9571193671045,-0.005296295353566347,-5.210490213072579,-52.50209510528801,399.37802911625215
3364.11023874094,-0.005299869530484407,-5.211301450501857,-52.42888648930586,399.5125134637084
3364.6364321941173,-0.005313520164024494,-5.214093703505004,-52.1764737976358,399.9742138046818
3365.162625647294,-0.005329339205130249,-5.21689370988308,-51.92277112301318,400.43520656021985
3365.3157450211297,-0.0053343589870920825,-5.217710116228972,-51.848702518395925,400.5692191840521
3365.4688643949653,-0.005339568914713816,-5.218527306852576,-51.774524458522144,400.7031712519746
3365.9950578481426,-0.005358943445131046,-5.221341948858769,-51.51877717514852,401.16303285781873
3366.5212513013194,-0.005380634425159474,-5.224167395066331,-51.26173408388433,401.62217141325885
3366.6743706751554,-0.005387388652522001,-5.224991788490845,-51.186692152083424,401.75564144757817
3366.827490048991,-0.00539434388810025,-5.2258172322993275,-51.111540124486,401.8890495196866
3367.353683502168,-0.005419793880313336,-5.228662290267057,-50.85244046916606,402.347030670809
3367.879876955345,-0.005447667620331739,-5.231521377534183,-50.59203567827245,402.804270983625
3368.0329963291806,-0.0054562386877801934,-5.232356174208925,-50.516013560292535,402.9371851635286
3368.186115703016,-0.005465017876522507,-5.233192299652226,-50.43988040448279,403.07003576915844
3368.7123091561934,-0.005496784040537746,-5.2360762049614875,-50.17740145505516,403.5260885762428
3369.2385026093702,-0.005531033533799052,-5.238977478774077,-49.91360443730373,403.98138022551143
3369.3916219832063,-0.005541468275372071,-5.239825183219594,-49.8365925692781,404.113723392597
3369.544741357042,-0.005552113958224775,-5.240674501620067,-49.759468414699356,404.2460011513866
3370.070934810219,-0.005590308907835023,-5.243605927436065,-49.493573906943695,404.700071043428
3370.597128263396,-0.005630993428418913,-5.246558106182463,-49.22634477422172,405.1533567540656
3370.750247637232,-0.005643298825254039,-5.2474212598698635,-49.1483308696654,405.28511172525236
3370.9033670110675,-0.005655813320330293,-5.2482863133900635,-49.07020312536299,405.4167992193699
3371.429560464245,-0.005700408958147228,-5.2512739913217255,-48.80084747522634,405.86882453165714
3371.9557539174216,-0.005747444220853929,-5.254285777043364,-48.53013709183096,406.3200398064228
3372.108873291257,-0.005761585132523354,-5.255166902423545,-48.451106192022685,406.4511872755257
3372.2619926650927,-0.005775928544528685,-5.256050207773648,-48.3719596049007,406.5822649552361
3372.78818611827,-0.005826751500326327,-5.2591027325626385,-48.09908816933337,407.0321766361485
3373.314379571447,-0.005879908589314658,-5.262182614161039,-47.824838506755,407.4812495122634
3373.467498945283,-0.005895808090113775,-5.2630841573840765,-47.74477310162562,407.61176798877494
3373.6206183191184,-0.005911898914363414,-5.263988148608026,-47.66458988521447,407.7422141155896
3374.1468117722957,-0.005968634563102649,-5.26711378264398,-47.38813946456102,408.1899355650153
3374.6730052254725,-0.006027546569480431,-5.270269843199429,-47.11028419510057,408.6367865054284
3374.826124599308,-0.006045088298822428,-5.271194118769704,-47.02916441281805,408.7666522929009
3374.9792439731436,-0.006062805940616897,-5.272121092265107,-46.947924444308896,408.896442922478
3375.505437426321,-0.006125008103675374,-5.275327579821067,-46.667824015384326,409.3418899676582
3376.0316308794977,-0.00618918117761051,-5.278567316288195,-46.38628932942456,409.7864318904997
3376.1847502533337,-0.006208212759989414,-5.279516455724375,-46.30409318955857,409.9156191051839
3376.3378696271693,-0.006227401058596716,-5.28046851943995,-46.221774269702905,410.0447281104872
3376.8640630803466,-0.006294504949475956,-5.2837629163064035,-45.937945929169125,410.4878091200635
3377.3902565335234,-0.006363333261370767,-5.287093076490443,-45.65265155317578,410.9299475656866
3377.5433759073594,-0.006383671173988444,-5.288068982417735,-45.56935527634702,411.05842819502055
3377.696495281195,-0.00640414355140888,-5.289048010719993,-45.485933444911275,411.1868273292035
3378.2226887343722,-0.006475486035001321,-5.292436535634385,-45.19829353608797,411.6274434626099
3378.748882187549,-0.006548275958880068,-5.295862981313375,-44.90915392096272,412.06707689318563
3378.9020015613846,-0.006569713296491369,-5.296867290125359,-44.82473228532565,412.1948208921476
3379.05512093522,-0.006591260779859056,-5.297874887655326,-44.74018218204096,412.3224798889063
3379.5813143883975,-0.0066661096239595385,-5.301362807895452,-44.44864256700271,412.7605254709523
3380.1075078415743,-0.00674211050732358,-5.304890416205076,-44.15556820325385,413.1975456886792
3380.2606272154103,-0.006764426016866966,-5.305924472448037,-44.06999493416206,413.324521109225
3380.413746589246,-0.006786826255775053,-5.306961949867367,-43.98429019116246,413.4514078155662
3380.939940042423,-0.006864410344264129,-5.31055350832359,-43.68875961769573,413.8867708168988
3381.4661334956,-0.006942842952675968,-5.314186114262056,-43.39165842500309,414.32106347941476
3381.6192528694355,-0.0069658088715325575,-5.315250956669543,-43.3049066025195,414.4472366265445
3381.772372243271,-0.006988833807489261,-5.316319317888116,-43.21802025297317,414.5733171614553
3382.2985656964483,-0.007068368410786304,-5.320017697810469,-42.91840576498233,415.00587976264603
3382.824759149625,-0.007148449572108482,-5.323758072118001,-42.617184507190096,415.4373249739831
3382.977878523461,-0.0071718388800819394,-5.324854429593355,-42.52922697777613,415.5626605823245
3383.1309978972968,-0.007195262087186378,-5.325954368878271,-42.441131867264446,415.68789951529436
3383.657191350474,-0.007275975121892724,-5.329761692741074,-42.137340213911806,416.11753873407
3384.183384803651,-0.007356945322719458,-5.333611554933886,-41.83190589595052,416.5460116903999
3384.336504177487,-0.00738053997390415,-5.334739853105471,-41.74271567569972,416.67047311507224
3384.4896235513224,-0.007404144905001416,-5.335871762882741,-41.653384863671235,416.7948336581021
3385.0158170044997,-0.007485305067611869,-5.339789128867234,-41.34532386297056,417.22142201654594
3385.5420104576765,-0.007566455287282363,-5.343749198181992,-41.03558506459788,417.6467936816204
3385.695129831512,-0.007590053589752986,-5.344909576846101,-40.94513572078804,417.77034309573696
3385.8482492053477,-0.0076136407282794616,-5.346073566243822,-40.85454285890706,417.89378730109723
3386.374442658525,-0.007694579797051989,-5.350101119855815,-40.542122671297186,418.3171935057783
3386.9006361117017,-0.007775270245191278,-5.354171197664621,-40.22799077577508,418.73933128923693
3387.0537554855377,-0.007798691636628921,-5.3553635365268795,-40.136256775285936,418.86192988044854
3387.2068748593733,-0.007822083026939075,-5.356559457839423,-40.044376451598595,418.9844188367218
3387.7330683125506,-0.007902210013500556,-5.360696487773182,-39.72751072888207,419.4045084475377
3388.2592617657274,-0.007981883017265202,-5.3648755605613,-39.40890101729958,419.823276864165
3388.412381139563,-0.008004971752377457,-5.366099510443412,-39.315858034368226,419.94488502431204
3388.5655005133985,-0.008028014672786292,-5.367326990909195,-39.22266607613597,420.06637904494113
3389.091693966576,-0.008106828485984967,-5.371572042577014,-38.90127296364285,420.48301511370505
3389.6178874197526,-0.00818502088379792,-5.375858402065002,-38.57810555547397,420.8982764053335
3389.7710067935886,-0.00820764952728293,-5.377113421077557,-38.48373073345783,421.0188539078719
3389.924126167424,-0.008230219888404338,-5.378371899569151,-38.38920446345123,421.13931270685845
3390.4503196206015,-0.00830732003437329,-5.382722905002664,-38.06320743821504,421.55235636689275
3390.9765130737783,-0.008383671847180429,-5.387114283144216,-37.73540806228119,421.96397106794154
3391.129632447614,-0.008405743319527289,-5.3883996767744975,-37.63968022514279,422.08347722760396
3391.2827518214494,-0.008427747493168089,-5.389688444184171,-37.543798667306724,422.2028600768608
3391.8089452746267,-0.008502838561745026,-5.394142862540752,-37.213127200050835,422.61217106528346
3392.3351387278035,-0.0085770952686232,-5.398636573808174,-36.88062778710427,423.01999849501397
3392.4882581016395,-0.008598543201131487,-5.399951536491735,-36.7835275988077,423.1383923051426
3392.641377475475,-0.008619918301759687,-5.401269777363674,-36.68627163181692,423.25665816909685
3393.1675709286524,-0.008692810845539259,-5.405824738266493,-36.35086167025039,423.66209526802174
3393.693764381829,-0.008764824567687261,-5.410417823533537,-36.0136007679904,424.0659939373943
3393.846883755665,-0.008785613787227744,-5.411761480648286,-35.91511084053729,424.1832341816465
3394.000003129501,-0.008806328191991241,-5.413108315249019,-35.8164633001238,424.3003418258488
3394.526196582678,-0.008876940752082216,-5.417760764062845,-35.47625757723413,424.7017632113942
3395.052390035855,-0.00894667213241591,-5.422450136907988,-35.134180591923574,425.10159113306213
3395.2055094096904,-0.008966799084007882,-5.423821587529595,-35.03428554322946,425.2176364680126
3395.358628783526,-0.008986852768704057,-5.4251961146517775,-34.93423127450065,425.33354453822847
3395.8848222367033,-0.009055212013643083,-5.429942959791627,-34.58917944618356,425.7308080248664
3396.41101568988,-0.009122728495252985,-5.434725553390349,-34.24223871603443,426.12642291382184
3396.564135063716,-0.009142220337729736,-5.436123912818441,-34.14092517941755,426.2412319189158
3396.7172544375517,-0.009161643815106552,-5.437525252163913,-34.03945104109584,426.35589898723526
3397.243447890729,-0.009227879870936482,-5.44236350922013,-33.689509661349575,426.74886215652964
3397.7696413439057,-0.009293350332431076,-5.447236417829921,-33.337664372568426,427.1401215121822
3397.9227607177413,-0.009312263413584328,-5.448660858211103,-33.234920961556746,427.2536527047401
3398.075880091577,-0.009331116272642595,-5.450088190794904,-33.13201578605065,427.3670372805469
3398.602073544754,-0.009395458537158561,-5.45501511985083,-32.777148134504785,427.7555574878322
3399.128266997931,-0.009459150320413307,-5.459975734245611,-32.420364095897106,428.14231855184676
3399.281386371767,-0.009477569525297415,-5.461425523721978,-32.31618132901646,428.25453036547276
3399.4345057456026,-0.009495939819995317,-5.462878130914268,-32.21183584295785,428.36659086959133
3399.96069919878,-0.00955871496595016,-5.467891370087585,-31.85201162004676,428.7505251221931
3400.4868926519566,-0.009620991294805172,-5.472937509894576,-31.490260910575053,429.1326447047399
3400.6400120257927,-0.009639029044769843,-5.474412050842642,-31.38463110014268,429.2434954288213
3400.7931313996282,-0.009657032154590534,-5.475889352435817,-31.278837809397032,429.35419012849866
3401.3193248528055,-0.009718658708504985,-5.480987047057441,-30.91403271309174,429.7333948274625
3401.8455183059823,-0.0097799710019355,-5.486117086487369,-30.54729321737291,430.1107289946864
3401.998637679818,-0.00979776460476689,-5.487615951286073,-30.440210327018224,430.22017667320347
3402.1517570536535,-0.009815540458969287,-5.489117540859178,-30.33296337107783,430.32946357632073
3402.6779505068307,-0.00987651881247055,-5.4942984615880714,-29.96315857387509,430.7037941178451
3403.2041439600075,-0.009937396941515613,-5.499511442358632,-29.5914134269304,431.07619773936375
3403.3572633338435,-0.009955105979413872,-5.501034405292844,-29.48287290449535,431.18420002914365
3403.510382707679,-0.009972816551789259,-5.502560081728173,-29.374167887044955,431.2920367379465
3404.0365761608564,-0.010033721292476339,-5.507823730172286,-28.999349437098864,431.6613469763472
3404.562769614033,-0.010094766812205544,-5.513119463330718,-28.622586402167467,432.0286731350242
3404.7158889878688,-0.010112571237275674,-5.514666529575586,-28.512584994726836,432.13518712401066
3404.8690083617043,-0.010130398608701756,-5.516216325732198,-28.402418797029927,432.2415306488869
3405.3952018148816,-0.010191871210701387,-5.521563030664961,-28.022576965382534,432.6056722223522
3405.9213952680584,-0.010253748232163459,-5.526942188479879,-27.640787765939407,432.9677714872752
3406.0745146418944,-0.01027184521656449,-5.528513619891255,-27.52932332304532,433.0727534731226
3406.22763401573,-0.010289988195607709,-5.530087827895835,-27.417693906301437,433.17756000682317
3406.7538274689073,-0.010352723393940125,-5.535518827748093,-27.03282250218555,433.5363815284663
3407.280020922084,-0.010416142634230055,-5.540983018420191,-26.646002132200262,433.89310109631987
3407.43314029592,-0.010434741641244943,-5.542579353637994,-26.53307340487675,433.99650632749376
3407.5862596697557,-0.010453410800311128,-5.544178544247024,-26.419979609307404,434.0997309822841
3408.112453122933,-0.010518139987803732,-5.549696047888226,-26.030075292083062,434.45307710761705
3408.6386465761097,-0.010583843477925223,-5.5552478679399435,-25.638221335147684,434.80425982680134
3408.7917659499453,-0.010603162172077319,-5.556869936155978,-25.52382777977095,434.9060422108254
3408.944885323781,-0.010622575867231544,-5.558494971901201,-25.409269129585265,435.00763872333306
3409.471078776958,-0.010690054139567159,-5.564102199403587,-25.01433074819489,435.3553491108095
3409.997272230135,-0.010758802379738414,-5.569745267655484,-24.617442734928705,435.7008324047118
3410.150391603971,-0.010779062720116387,-5.571394197233708,-24.501584330159123,435.8009441881696
3410.3035109778066,-0.0107994430494586,-5.573046240414365,-24.38556085243248,435.90086459650064
3410.829704430984,-0.010870433607381057,-5.578747445511065,-23.98558883907235,436.24277277665715
3411.3558978841606,-0.01094298672279139,-5.584486416478339,-23.58366766913203,436.58238748247527
3411.509017257996,-0.010964408757125507,-5.586163636906038,-23.466344753685238,436.68077890791375
3411.662136631832,-0.010985975071301899,-5.587844150581477,-23.348856819055715,436.7789732064357
3412.188330085009,-0.01106122504689511,-5.593644615975987,-22.943852665774493,437.11490538084774
3412.714523538186,-0.011138317395047595,-5.599485162137191,-22.536900125903,437.44847452991615
3412.867642912022,-0.011161111957596824,-5.601192396323753,-22.418113266879942,437.5450934782085
3413.0207622858575,-0.011184073693305053,-5.602903135522902,-22.299161461978645,437.6415092589525
3413.5469557390347,-0.011264291249476501,-5.608809134673116,-21.889127315413212,437.9712830625201
3414.0731491922115,-0.011346611078087522,-5.61475789687721,-21.477145728928363,438.2986206382411
3414.2262685660476,-0.011370974328755456,-5.616497144778939,-21.356895630747438,438.3934122670869
3414.379387939883,-0.011395525645835439,-5.618240139277661,-21.23648067221317,438.4879943584331
3414.9055813930604,-0.011481361891133276,-5.624258871149862,-20.821419078158033,438.81141762072053
3415.431774846237,-0.011569532334500929,-5.630323383612251,-20.404411114283004,439.13232732836207
3415.584894220073,-0.011595639783627449,-5.632096898504426,-20.282698575868785,439.22523371661055
3415.7380135939084,-0.011621953344825213,-5.633874428150956,-20.160821273418534,439.31792382892445
3416.2642070470856,-0.011713978176532873,-5.64001392457781,-19.7407350959813,439.6347933681536
3416.7904005002624,-0.01180852911295128,-5.646202508478512,-19.318703763689697,439.9490674524777
3416.9435198740985,-0.0118365267439562,-5.648012763107603,-19.195529691336517,440.0400272615212
3417.096639247934,-0.011864744669564985,-5.649827322633442,-19.072190967447057,440.13076365139455
3417.6228327011113,-0.011963415645680403,-5.656096316615368,-18.647083510411207,440.4408641451762
3418.149026154288,-0.012064754788258903,-5.662417932604804,-18.22003236629349,440.7482823057178
3418.3021455281237,-0.012094751491509733,-5.664267573468976,-18.09539785101609,440.8372304734306
3418.4552649019593,-0.012124978194206246,-5.666121825654123,-17.970598825995314,440.9259476422872
3418.9814583551365,-0.012230619297656396,-5.6725295828440245,-17.540474185244296,441.2290506301538
3419.5076518083133,-0.012339014923816916,-5.678993652396851,-17.10840778031773,441.5293790881307
3419.6607711821493,-0.012371077974986999,-5.680885446157276,-16.98231424584658,441.6162465703939
3419.813890555985,-0.012403375719193107,-5.6827821675171375,-16.85605639394598,441.70287501215614
3420.340084009162,-0.0125161617665169,-5.689338294490143,-16.42092005613664,441.9987380772205
3420.866277462339,-0.012631724760337961,-5.695954499348387,-15.983844631350067,442.2917288377601
3421.0193968361746,-0.012665873802208901,-5.697891272631736,-15.856294054797962,442.37644240983894
3421.17251621001,-0.012700256326597489,-5.69983329227819,-15.728579433156014,442.46090841990974
3421.6987096631874,-0.012820187709064717,-5.706547518102564,-15.288439125961217,442.74927459291547
3422.224903116364,-0.012942843469749455,-5.713325567810208,-14.84636356177809,443.03466494984383
3422.3780224902002,-0.012979042246283035,-5.715310136712171,-14.717358768810577,443.1171470825294
3422.531141864036,-0.013015466720665501,-5.717300264656536,-14.58819032114301,443.1993726434988
3423.057335317213,-0.013142345567156133,-5.724182185723466,-14.143057122421036,443.4799700864946
3423.58352877039,-0.013271817848788683,-5.731131551933056,-13.695994148857507,443.75748243071246
3423.736648144226,-0.013309971279932421,-5.733166643305858,-13.565539184628891,443.83765125916267
3423.8897675180615,-0.013348336033495068,-5.73520759133578,-13.434921120472149,443.9175540209666
3424.4159609712387,-0.013481763053409722,-5.742266397998153,-12.984810824065649,444.190096047606
3424.9421544244155,-0.013617575084529774,-5.749396040573517,-12.532778479788211,444.45943802759433
3425.095273798251,-0.013657529845562675,-5.751484212545429,-12.400879050384162,444.5372074249639
3425.2483931720867,-0.013697674889905097,-5.753578514771896,-12.268817293871457,444.6147007907953
3425.774586625264,-0.013837048777280593,-5.760822718592245,-11.813752005885563,444.8788862562368
3426.3007800784408,-0.013978517194937028,-5.768140811103731,-11.356775314337293,445.1397513182057
3426.453899452277,-0.014020058592800066,-5.770284372457616,-11.223439288782998,445.2150310817217
3426.6070188261124,-0.014061762008984985,-5.7724343042198125,-11.089941986875553,445.2900244074409
3427.1332122792896,-0.014206264116860847,-5.779871454024871,-10.629951918317262,445.5455384976206
3427.6594057324664,-0.014352484279708644,-5.7873850919077,-10.168064748309497,445.7976068417122
3427.812525106302,-0.01439533306587484,-5.789586015721738,-10.033302712102389,445.87030300337227
3427.9656444801376,-0.014438308610096763,-5.79179350685664,-9.898380793287588,445.94270192309403
3428.491837933315,-0.014586902991077975,-5.799429889587069,-9.433506217709356,446.1892173897004
3429.0180313864917,-0.014736761478633181,-5.807144794290244,-8.966753292838261,446.43215738675525
3429.1711507603277,-0.01478057976057109,-5.809404633406973,-8.830579141161538,446.5021726601089
3429.3242701341633,-0.014824483449487813,-5.811671184613762,-8.694246911954673,446.57187954841595
3429.8504635873405,-0.01497594332497049,-5.819511546795749,-8.224540236817873,446.80905841476175
3430.3766570405173,-0.015128145588685712,-5.827431801492541,-7.752979231028653,447.0425284918976
3430.5297764143534,-0.015172544203090785,-5.829751614375863,-7.615410781386831,447.10976285406423
3430.682895788189,-0.015216981223519796,-5.8320782241157385,-7.477686539724878,447.1766774229245
3431.209089241366,-0.015369906187807527,-5.840125527365946,-7.003214416041935,447.404173147682
3431.735282694543,-0.015522984044477774,-5.8482533389566695,-6.526918058103573,447.6278241261369
3431.8884020683786,-0.01556752299316178,-5.85063362092355,-6.387977660271335,447.69217553079505
3432.041521442214,-0.0156120477615859,-5.85302071677845,-6.248884303951885,447.7561955573931
3432.5677148953914,-0.0157648647106171,-5.861275901496031,-5.769729702780079,447.97365565014564
3433.093908348568,-0.0159171855146823,-5.8696113669576055,-5.288787822848515,448.1871335388533
3433.2470277224043,-0.015961379519795742,-5.872051983308496,-5.148502947355888,448.24849876275425
3433.40014709624,-0.016005502626682384,-5.874499356107316,-5.0080685587719405,448.3095209509341
3433.926340549417,-0.016156501354101082,-5.88296112591778,-4.524332748142055,448.51659004584883
3434.452534002594,-0.016306317795664143,-5.891502039214506,-4.0388541932546,448.7195392836052
3434.6056533764295,-0.01634965271198035,-5.894002174337495,-3.8972579751656,448.7778149003456
3434.758772750265,-0.016392857716291512,-5.896508929677925,-3.7555163582311515,448.83573586736543
3435.2849662034423,-0.016540248599903003,-5.905173604993809,-3.267320690598689,449.0320592086366
3435.811159656619,-0.016685750116827044,-5.913915339341512,-2.7774350116135116,449.22412628534386
3435.964279030455,-0.01672769554334656,-5.916473467369815,-2.6345667204439147,449.27920974265385
3436.1173984042907,-0.016769450470945732,-5.919037998125849,-2.491557860536806,449.33392710658586
3436.643591857468,-0.016911393115322602,-5.92789943235135,-1.9990452728741221,449.5191543583854
3437.169785310645,-0.017050723886598985,-5.936834868691781,-1.504904092306678,449.69999173265734
3437.322904684481,-0.01709073756546448,-5.939448734191095,-1.360809503796394,449.75178251157075
3437.4760240583164,-0.017130499713257943,-5.942068702043223,-1.2165799273245173,449.803196058822
3438.0022175114937,-0.017265128897880434,-5.951118225091703,-0.7199160808556666,449.9769853798763
3438.5284109646705,-0.01739643416584941,-5.960237714624141,-0.22169407631485905,450.1462556412024
3438.681530338506,-0.01743398036920718,-5.962904326798904,-0.07642572779500964,450.19465648196774
3438.8346497123416,-0.017471216474811393,-5.965576659352762,0.06897125686559896,450.24266939879675
3439.360843165519,-0.017596724075543843,-5.974803094649795,0.5695972628746114,450.40469171104525
3439.8870366186957,-0.017718242344323523,-5.984094521644473,1.0717018311277,450.56207188458774
3440.0401559925317,-0.01775281889529254,-5.9868101819967565,1.218084523951026,450.6069900422789
3440.1932753663673,-0.017787031675873262,-5.989531104353644,1.3645887266501078,450.6515101704012
3440.7194688195445,-0.017901748002813286,-5.998920906885656,1.8689641455557287,450.80145346337935
3441.2456622727213,-0.01801187082658924,-6.008369863862226,2.3747294372291075,450.9466392794707
3441.398781646557,-0.01804302127172724,-6.011130222515481,2.52216022177336,450.9879877563348
3441.5519010203925,-0.018073759565904686,-6.0138953154228325,2.6697046304546506,451.02892882005426
3442.0780944735698,-0.018176174736634694,-6.023432779291484,3.177593414998929,451.16650232248185
3442.6042879267466,-0.01827346294274825,-6.033022784464867,3.6867745741295797,451.29921230880814
3442.7574073005826,-0.018300783260514715,-6.0358229049086995,3.835180565868448,451.33691102845967
3442.910526674418,-0.018327650599686524,-6.038627170839549,3.9836915697278945,451.37419380072504
3443.4367201275954,-0.01841646542410889,-6.048294670787704,4.494835277416613,451.49913192178116
3443.9629135807722,-0.01849973169826745,-6.058007444709597,5.007165551950949,451.6191112234106
3444.116032954608,-0.018522900003930042,-6.0608418932896,5.156467600374135,451.6530881160576
3444.2691523284434,-0.018545585669022906,-6.0636798503632825,5.305865373886364,451.6866414900761
3444.7953457816207,-0.018619824053101284,-6.073458203433475,5.819984624919865,451.79870738618047
3445.3215392347975,-0.018688237279695753,-6.083274087675474,6.335177036445995,451.905731124612
3445.4746586086335,-0.018707039506465996,-6.086137065530355,6.485290250286639,451.93592306018166
3445.627777982469,-0.018725341519967815,-6.089002882990158,6.635489295715333,451.9656849613411
3446.1539714356463,-0.01878439813116868,-6.098871834545054,7.152285767316672,452.06467349582107
3446.680164888823,-0.018837483459611337,-6.108770290277179,7.670035296350564,452.15854944788936
3446.833284262659,-0.018851804617941,-6.111655777188464,7.820869713400951,452.18490296077397
3446.9864036364947,-0.01886561848102227,-6.114543418037144,7.971779545022678,452.2108210469301
3447.512597089672,-0.01890921374124224,-6.124482115194303,8.490938426533441,452.29656101090023
3448.038790542849,-0.018946823703565763,-6.134442177179691,9.010924614362999,452.3771315446161
3448.1919099166844,-0.01895664736804939,-6.137344061247185,9.162385983530578,452.3996033439355
3448.34502929052,-0.018965969407633367,-6.1402474122515995,9.313911920194567,452.4216354913941
3448.871222743697,-0.018994194505068236,-6.1502348627736785,9.83510471133107,452.49399108707496
3449.397416196874,-0.019016589293262092,-6.16023563122196,10.356994562703942,452.56113433859537
3449.55053557071,-0.019022024460018706,-6.163147860843839,10.508985206192168,452.5796915899467
3449.7036549445456,-0.019026978259147186,-6.166060888070972,10.661029240683428,452.59780614649776
3450.229848397723,-0.01904037074489726,-6.1760765249969065,11.183916789155733,452.65667762575583
3450.7560418508997,-0.01904824404994603,-6.1860977568827815,11.707367872903019,452.71030776648627
3450.9091612247353,-0.01904951839527362,-6.189014514083204,11.859787597577585,452.72492809735184
3451.062280598571,-0.019050341323111154,-6.191931434656114,12.012249311004924,452.7391038558137
3451.588474051748,-0.019049776211685892,-6.201955676210993,12.536484970096259,452.78442718481404
3452.114667504925,-0.019044071952333305,-6.2119782683149385,13.061148581262696,452.8244937367507
3452.267786878761,-0.019041468781552606,-6.214894089253889,13.213895596073419,452.83516497716965
3452.4209062525965,-0.019038447807630515,-6.217809482734414,13.366673073062168,452.84539089191867
3452.947099705774,-0.01902493419092623,-6.22782404095024,13.891905820874506,452.87713661405195
3453.4732931589506,-0.019006699669116184,-6.237830246334742,14.417430046636978,452.9036230977542
3453.6264125327866,-0.019000531425123573,-6.2407400712610475,14.57040184225914,452.91034285354897
3453.779531906622,-0.018993982897293076,-6.243648926062599,14.723392544552707,452.9166175995128
3454.3057253597995,-0.01896864177193883,-6.253636954710452,15.249269935633372,452.9347892214875
3454.8319188129763,-0.018939050544336217,-6.2636105308360515,15.775302522499857,452.94771139140045
3454.985038186812,-0.01892966861500679,-6.266509750622763,15.928396688650622,452.95048650265596
3455.1381575606474,-0.018919947338790793,-6.269407511313598,16.081498264473787,452.95281792079817
3455.6643510138247,-0.018884020629502892,-6.2793537770092955,16.607669147872205,452.957449903841
3456.1905444670015,-0.018844320300204664,-6.289280145478695,17.133860115774414,452.95685358649666
3456.3436638408375,-0.0188320832773151,-6.29216464135199,17.286975081266757,452.9556994710472
3456.496783214673,-0.018819543291650268,-6.295047242930768,17.440086095826544,452.95410390162107
3457.0229766678503,-0.018774195628651447,-6.304938182198663,17.966203049479816,452.9452593010202
3457.549170121027,-0.01872543588816208,-6.314804362116748,18.49220700605228,452.9312179799308
3457.7022894948627,-0.018710621184170197,-6.317670457462312,18.645242689224848,452.9261579301787
3457.8554088686983,-0.01869552615930881,-6.320534264170029,18.798263265056452,452.92065951365646
3458.3816023218756,-0.018641544816542763,-6.330357667656952,19.323984719223077,452.8984276380053
3458.9077957750524,-0.01858431753214026,-6.340151812518093,19.849462871694502,452.87104027020393
3459.0609151488884,-0.018567058546187877,-6.342996113475285,20.00232124639596,452.86210485891445
3459.214034522724,-0.0185495251172598,-6.345837750714371,20.15515362144279,452.85273496248715
3459.7402279759012,-0.018487180361787866,-6.355582129695911,20.680145721221763,452.8172295866545
3460.266421429078,-0.01842157430290536,-6.3652928452370245,21.204767668066513,452.7766191215452
3460.419540802914,-0.01840186667170355,-6.368112040182487,21.35735327449051,452.7638458322665
3460.5726601767497,-0.01838187918944319,-6.370928195504132,21.509902309021943,452.7506427066573
3461.098853629927,-0.01831104824555298,-6.380582131356255,22.033840633726935,452.70200109739187
3461.6250470831037,-0.018236870509250564,-6.3901979158992885,22.557286060166895,452.6483137838497
3461.7781664569393,-0.01821465183204872,-6.3929886370148665,22.709506495854953,452.63174685538877
3461.931285830775,-0.018192146296338696,-6.395775933449596,22.861680162597246,452.61475549624765
3462.457479283952,-0.01811260959038905,-6.405327746119411,23.384251407131053,452.553138038274
3462.983672737129,-0.018029646697720524,-6.414836805676754,23.906211762815516,452.48654315075146
3463.136792110965,-0.018004857037531234,-6.417595600036495,24.057978170324905,452.46623350524385
3463.2899114848005,-0.017979773721727512,-6.420350575460275,24.209688041666134,452.4455055826378
3463.816104937978,-0.01789132566035746,-6.429788298434823,24.73059168666287,452.37109552531285
3464.3422983911546,-0.017799362207775594,-6.439178555730606,25.250771847547277,452.2917850802006
3464.49541776499,-0.017771935297830648,-6.4419018873685365,25.401999396146934,452.2677902324025
3464.6485371388258,-0.017744206159311552,-6.444620995522174,25.553161124985518,452.2433839974475
3465.174730592003,-0.01764659533391954,-6.453932358457135,26.072111082609297,452.1563871155918
3465.70092404518,-0.017545360501209067,-6.463191405750347,26.590230987482887,452.06457551606434
3465.854043419016,-0.01751521535781098,-6.46587563680948,26.740839347821332,452.0369594693277
3466.0071627928514,-0.01748475974347808,-6.468555227776148,26.891373141552716,452.00893965002854
3466.5333562460287,-0.017377720311358907,-6.477727594264512,27.40809937994726,451.90958388943795
3467.0595496992055,-0.017266984021968686,-6.486842664673412,27.923895645638353,451.80550756354984
3467.2126690730415,-0.017234063836121742,-6.489484058253764,28.07380945756742,451.77434070071837
3467.365788446877,-0.017200830035648314,-6.492120387097051,28.223640544459915,451.7427783892556
3467.8919819000544,-0.01708422854960656,-6.50114083592642,28.737890677026122,451.63131343954905
3468.418175353231,-0.01696392930514523,-6.5100989569490615,29.251118158343914,451.5152303240809
3468.5712947270667,-0.01692823033239206,-6.512693733921193,29.400267477737437,451.48058923544323
3468.7244141009023,-0.016892220868171843,-6.515283021479268,29.54932654998943,451.4455617053467
3469.2506075540796,-0.016766113618532152,-6.52413857800683,30.060867325444267,451.32225828044386
3469.7768010072564,-0.016636382568144165,-6.532926824315114,30.57130054725109,451.19444695376114
3469.9299203810924,-0.016597957236758394,-6.535471238393664,30.719621250404384,451.156414155811
3470.083039754928,-0.01655923131957204,-6.538009747073477,30.867844862612127,451.1180045679006
3470.6092332081053,-0.016423875781954894,-6.546687646116241,31.376463486263813,450.9831532978132
3471.135426661282,-0.01628506451991683,-6.555293412771471,31.88389788318508,450.8439117190649
3471.2885460351176,-0.016244034786449854,-6.557783833192922,32.03133201090586,450.80257525871355
3471.441665408953,-0.016202723876002783,-6.560267951799647,32.17866291611148,450.7608722518389
3471.9678588621305,-0.01605864974323326,-6.568755952311652,32.68416813962269,450.61478217036665
3472.4940523153073,-0.015911412115442773,-6.577167309653032,33.188421034261935,450.4644259909515
3472.6471716891433,-0.015867992208315043,-6.579600332812668,33.33491705355287,450.41987891878125
3472.800291062979,-0.015824320898598126,-6.582026691282562,33.48130445390159,450.3749760664933
3473.326484516156,-0.015672378209047703,-6.5903134906602965,33.98352734721511,450.21797261117626
3473.852677969333,-0.015517677351426472,-6.598519613124535,34.48443857444392,450.05683296742075
3474.0057973431685,-0.01547216726299567,-6.600892186985425,34.62995153073615,450.00917265617346
3474.158916717004,-0.015426443863221872,-6.6032577796711,34.77535121620733,449.9611677683864
3474.6851101701814,-0.015267750964121495,-6.611333421323125,35.27414553824019,449.79359025539526
3475.211303623358,-0.015106789674731958,-6.6193249630045115,35.771577649224874,449.62201106602845
3475.364422997194,-0.015059554014765376,-6.621634489043089,35.91606919399724,449.5713383939907
3475.51754237103,-0.015012149587866548,-6.623936773642972,36.060443555767215,449.52033268792644
3476.043735824207,-0.014848030032283962,-6.631792963907916,36.55568569129717,449.3425313767985
3476.569929277384,-0.014682205745481059,-6.639562347027963,37.049523721479034,449.1608662888603
3476.72304865122,-0.014633664831102008,-6.641806760197911,37.1929620130169,449.1072847315888
3476.8761680250554,-0.014585005616461111,-6.644043736347963,37.336279929914994,449.0533819151897
3477.4023614782327,-0.014416968003988482,-6.6516741081272635,37.82786838972869,448.865714799589
3477.9285549314095,-0.01424784816255378,-6.659215774884089,38.31801918892635,448.67432389500823
3478.081674305245,-0.014198467461938155,-6.661393614352487,38.46037866541373,448.61793855262204
3478.2347936790807,-0.014149022298088886,-6.663563892472995,38.60261526276528,448.5612438460532
3478.760987132258,-0.013978698129042445,-6.670964223001897,39.09046974651209,448.3640732512419
3479.2871805854347,-0.01380793249217597,-6.678274813919386,39.57686087935814,448.1633195999703
3479.4402999592708,-0.013758193016446664,-6.68038526563228,39.71812190944248,448.1042361890939
3479.5934193331063,-0.013708442692767489,-6.682488105041918,39.85925819697434,448.0448553158426
3480.1196127862836,-0.013537476597061797,-6.689656409341397,40.34331825584526,447.838544435061
3480.6458062394604,-0.013366690174617502,-6.696734799672041,40.825896531378106,447.6287906595732
3480.798925613296,-0.013317059633112575,-6.698777696435784,40.9660449633512,447.5671145231841
3480.9520449871316,-0.013267469359806558,-6.700813001214325,41.10606737472899,447.50515272529736
3481.478238440309,-0.0130974391416459,-6.707749488811288,41.586290760704486,447.2900622864554
3482.0044318934856,-0.012928173507211132,-6.714596708780083,42.06502048599663,447.07166732085153
3482.1575512673217,-0.012879092956389027,-6.716572501806507,42.204047123585454,447.0075025051231
3482.3106706411572,-0.01283010005373945,-6.71854079027317,42.342946985488794,446.9430636293956
3482.8368640943345,-0.01266247754761051,-6.72524774724743,42.819307779556475,446.7195488300705
3483.3630575475113,-0.012496149127444608,-6.7318668428261335,43.29416882371693,446.4928649787679
3483.5161769213473,-0.012448018948770375,-6.733776557029089,43.432068852348735,446.4263134017217
3483.669296295183,-0.012400018028985412,-6.735678914791797,43.56984180666076,446.3594990798798
3484.19548974836,-0.01223611160803834,-6.742160523411251,44.042328406494775,446.1279068617733
3484.721683201537,-0.012073948512347851,-6.748556344208231,44.51331415843263,445.893277226092
3484.8748025753725,-0.012027109809400595,-6.750401510089284,44.65008654748049,445.8244379591998
3485.027921949208,-0.011980434474474142,-6.752239519216058,44.78673195268085,445.7553469038035
3485.5541154023854,-0.011821331207434683,-6.75850159377622,45.25534501456166,445.5160136471783
3486.080308855562,-0.011664327801853027,-6.764680501705557,45.72246033467977,445.2737700039262
3486.233428229398,-0.0116190523745651,-6.766463066411774,45.85810724537163,445.2027386907782
3486.386547603234,-0.01157396663196732,-6.768238715063973,45.99362758674614,445.13146613021155
3486.912741056411,-0.011420514672483844,-6.774288384111263,46.45837802091749,444.8847158389158
3487.438934509588,-0.011269427930917808,-6.780257930023183,46.92163727819165,444.6351770208006
3487.5920538834234,-0.011225919000264976,-6.781980163251793,47.05616350163467,444.56204544235396
3487.745173257259,-0.011182618335787316,-6.783695751647164,47.190563833741926,444.4886827022585
3488.2713667104363,-0.011035430229590101,-6.789541136205644,47.65147092510473,444.23482568740747
3488.797560163613,-0.010890780131249793,-6.79530973908781,48.11089617998617,443.97829645255086
3488.950679537449,-0.010849171472010062,-6.796974139698966,48.24430862110581,443.90315223245136
3489.1037989112847,-0.010807781760455756,-6.79863218658212,48.377596057749514,443.82778645636165
3489.629992364462,-0.010667229390197423,-6.804282076923257,48.834685761777244,443.56711849212
3490.1561858176387,-0.010529294978531495,-6.809858698303666,49.29030514273368,443.3038888571569
3490.309305191475,-0.01048965057270545,-6.811467899212994,49.42261236399648,443.2268153005857
3490.4624245653104,-0.010450228244425642,-6.813071046785108,49.554795629458255,443.149529303417
3490.9886180184876,-0.010316449222417208,-6.818534576987528,50.00809908963456,442.88233123424317
3491.5148114716644,-0.010185285084272671,-6.823928401511773,50.45994540588329,442.61267624815986
3491.6679308455,-0.01014760601190212,-6.825485078631764,50.59115724205997,442.53375230638443
3491.8210502193356,-0.010110145731126436,-6.827036002570155,50.72224629419576,442.4546245522
3492.347243672513,-0.009983074629526757,-6.83232235161111,51.171798611057554,442.1811623141164
3492.8734371256896,-0.009858545465105227,-6.837542505445659,51.619908220850554,441.9053422222946
3493.0265564995257,-0.00982277980911497,-6.839049299246441,51.75003546827378,441.8246425656177
3493.1796758733612,-0.009787224122712037,-6.840550631716983,51.88004119606228,441.7437472514365
3493.7058693265385,-0.009666622382180842,-6.8456687694779355,52.32588045073712,441.464272238993
3494.2320627797153,-0.009548428289471394,-6.850724080836834,52.77029238158397,441.18253296537205
3494.385182153551,-0.009514477701616288,-6.852183529039333,52.899346560153774,441.10012814373897
3494.5383015273865,-0.009480723448633387,-6.853637792415037,53.02828055378179,441.0175353689704
3495.0644949805637,-0.009366200954958893,-6.858596259092568,53.470447079322724,440.7322850820809
3495.5906884337405,-0.00925390059422822,-6.863495049419585,53.91120239353447,440.44485897024595
3495.7438078075766,-0.009221627763207856,-6.864909528561605,54.03919557960965,440.3608156455134
3495.896927181412,-0.009189533924666805,-6.86631907817795,54.16706997113484,440.27659165133883
3496.4231206345894,-0.00908058006508483,-6.871125797620856,54.60560586364469,439.9857905694538
3496.949314087766,-0.008973627192782725,-6.87587571270935,55.04274725744018,439.692897329215
3497.1024334616022,-0.008942867345761581,-6.87724739275608,55.169691983155765,439.607278562804
3497.255552835438,-0.008912266727357211,-6.878614373256032,55.29651935277066,439.5214860248403
3497.781746288615,-0.0088082902283058,-6.883276516753534,55.73146820051922,439.22534664708036
3498.307939741792,-0.008706070441267132,-6.8878844106831245,56.16503980835768,438.92719444013215
3498.4610591156274,-0.008676640964204582,-6.889215224804463,56.29094901803246,438.8400600160425
3498.614178489463,-0.008647349345839923,-6.89054154133851,56.41674235626729,438.75275837019973
3499.1403719426403,-0.008547705905992404,-6.895065438427336,56.84814915226265,438.4514823537386
3499.666565395817,-0.008449559895092338,-6.899537297759113,57.2781965219806,438.14826895573526
3499.819684769653,-0.008421266562692636,-6.900828922455118,57.40308357603043,438.05967572219737
3499.9728041434887,-0.00839308882673393,-6.902116221791082,57.527856292527716,437.9709215076858
3500.498997596666,-0.008297102381151637,-6.906507302389426,57.95576750047617,437.6647008548948
3501.0251910498428,-0.00820234912285268,-6.910848199996044,58.38233771154388,437.3566148513895
3501.1783104236783,-0.008174993511749523,-6.912102044004183,58.506216430120595,437.2666170697345
3501.331429797514,-0.008147731348789001,-6.913351704587256,58.62998240120276,437.17646427804436
3501.857623250691,-0.00805472307009509,-6.917614474510298,59.05444614730998,436.86548253448206
3502.383816703868,-0.007962690796001221,-6.921828560869611,59.477588042093174,436.5527045116675
3502.536936077704,-0.007936079302774056,-6.923045765743525,59.60047277895928,436.4613542004755
3502.6900554515396,-0.007909540044507005,-6.924258899608902,59.72324642419075,436.3698546181677
3503.216248904717,-0.007818855952686114,-6.928396956978683,60.144312778599826,436.05428803771844
3503.7424423578937,-0.007728904631007041,-6.932487489762462,60.56407726806453,435.7369917235442
3503.8955617317292,-0.007702853886167864,-6.933668940570496,60.68598300333301,435.6443389854195
3504.048681105565,-0.007676855523335683,-6.934846404849732,60.807779379784144,435.5515425183866
3504.574874558742,-0.007587880982053259,-6.9388624847887534,61.22550069054282,435.2315611570041
3505.101068011919,-0.007499414264345549,-6.942831880513366,61.641941100946816,434.9099144811572
3505.254187385755,-0.00747375445056317,-6.943978221982991,61.76288354382812,434.81600780448116
3505.4073067595905,-0.007448128964913605,-6.9451206355869335,61.88371844951411,434.7219627766079
3505.9335002127677,-0.007360301271834085,-6.949016671603173,62.29814970217987,434.39773149440566
3506.4596936659445,-0.0072727815635532855,-6.952866574292094,62.71132213814279,434.07189755098375
3506.6128130397806,-0.007247361401102858,-6.953978232344485,62.831317832693486,433.97678408229706
3506.765932413616,-0.0072219599497463345,-6.955085998259351,62.951207912162346,433.88153750420753
3507.2921258667934,-0.007134787140596596,-6.958863205307669,63.36240708987163,433.55321686018453
3507.81831931997,-0.007047753799878384,-6.962594579288197,63.77237078650515,433.2233547552906
3507.971438693806,-0.007022445327476204,-6.963671789824532,63.89143721192345,433.12708053661987
3508.1245580676414,-0.006997142692105122,-6.964745124583673,64.01040005538324,433.03067833869966
3508.6507515208186,-0.006910215607162522,-6.968404104858567,64.41842846901068,432.6984253576793
3509.1769449739954,-0.006823292379508209,-6.972017345685295,64.82524610329048,432.3646909230421
3509.3300643478315,-0.006797992315662645,-6.9730601874789855,64.94340176051847,432.2673010893769
3509.483183721667,-0.0067726880287361495,-6.974099154268222,65.0614559885469,432.1697883146854
3510.0093771748443,-0.00668568289277425,-6.977640011888694,65.46637855249972,431.8337571153797
3510.535570628021,-0.006598580017737377,-6.9811350622613935,65.8701164938435,431.49630348275707
3510.6886900018567,-0.00657321057142756,-6.982143490885442,65.98738097346586,431.3978424191872
3510.8418093756923,-0.006547829858278227,-6.9831480336187415,66.10454630255862,431.29926337609834
3511.3680028288695,-0.006460513332365401,-6.986570493221876,66.50643174145779,430.95960566153633
3511.8941962820463,-0.006373035086468474,-6.9899469648927175,66.90716022768538,430.6185837000091
3512.0473156558824,-0.0063475465599964,-6.990920849004481,67.02355425499705,430.5190951589432
3512.200435029718,-0.006322043003203647,-6.991890828989232,67.1398515397357,430.41949353379783
3512.726628482895,-0.006234280814072263,-6.9951943648805335,67.53877251013012,430.0763589432647
3513.252821936072,-0.0061463316901658105,-6.998451671700545,67.93656573120144,429.7319175562287
3513.405941309908,-0.006120703510189672,-6.999390832304429,68.05211118305796,429.6314447334145
3513.5590606837436,-0.006095059737467062,-7.000326067627554,68.16756242950197,429.5308636618823
3514.085254136921,-0.006006816280827203,-7.0035100392894005,68.56359553878802,429.1843999806465
3514.6114475900977,-0.005918397318035404,-7.006647531646975,68.95853161307609,428.83668626160494
3514.7645669639332,-0.005892636541211494,-7.007551780767247,69.07325150285472,428.73527183153516
3514.917686337769,-0.005866862635167824,-7.008452084757974,69.18787984984189,428.6337539296457
3515.443879790946,-0.005778195432273875,-7.0115158670530215,69.58110556399616,428.2841071629472
3515.970073244123,-0.005689399685795128,-7.014532959426991,69.97326640254468,427.9332664203766
3516.123192617959,-0.005663540084028255,-7.015402136803661,70.08718483246128,427.8309525345721
3516.2763119917945,-0.005637672849067522,-7.016267354601138,70.20101450021824,427.72853989302246
3516.8025054449718,-0.005548731676245647,-7.019210463025125,70.59151693879613,427.3758542166898
3517.3286988981486,-0.005459744640138295,-7.022106759119771,70.98098799569962,427.0220298790742
3517.481818271984,-0.0054338468296539055,-7.02294076869768,71.09413007567358,426.9188581300022
3517.6349376458197,-0.00540794979248368,-7.023770813727275,71.20718628081796,426.815592274296
3518.161131098997,-0.00531897474681574,-7.0265930294331325,71.59505289502981,426.4600098691051
3518.687324552174,-0.0052300687281455795,-7.029368445213235,71.98192279930004,426.1033432759826
3518.84044392601,-0.005204217708973867,-7.03016729029232,72.09431453114996,425.99935462832184
3518.9935632998454,-0.005178378363011747,-7.030962179022568,72.20662336703903,425.89527644658267
3519.5197567530226,-0.005089688326228639,-7.033663664519601,72.59194449948345,425.53693722460696
3520.0459502061994,-0.005001208948913114,-7.0363185373237265,72.97630457112666,425.17756731562156
3520.1990695800355,-0.004975510042596045,-7.037082350925363,73.08797269981487,425.0728020092088
3520.352188953871,-0.0049498357889369415,-7.037842232634414,73.19956098432117,424.9679516523137
3520.8783824070483,-0.004861815275436736,-7.04042362945246,73.58242932017345,424.60699289343484
3521.404575860225,-0.004774170124061959,-7.042958809209095,73.96437298312108,424.2450558155208
3521.5576952340607,-0.004748746111819804,-7.0436878795438655,74.07534481902422,424.1395532459355
3521.7108146078963,-0.004723361543855307,-7.044413061346121,74.18623991377244,424.03397000588996
3522.2370080610735,-0.0046364520909713235,-7.046875573169398,74.56674983696448,423.67052592369186
3522.7632015142503,-0.0045501014940294605,-7.04929250084071,74.94637194140442,423.3061545734441
3522.9163208880864,-0.0045250894966930395,-7.049987293208316,75.05667515698453,423.1999531546983
3523.069440261922,-0.00450013299829005,-7.050678261438282,75.1669047613616,423.0936753255664
3523.595633715099,-0.004414818724519292,-7.0530237230396144,75.54515162700388,422.7278765767152
3524.121827168276,-0.004330257359463122,-7.0553244909164405,75.92254769371752,422.36120009257155
3524.2749465421116,-0.0043058028002031885,-7.055985663330061,76.03221009880872,422.25433710657774
3524.428065915947,-0.004281420312116392,-7.056643098247958,76.14180202328211,422.1474018329028
3524.9542593691244,-0.004198205445508591,-7.058874018411186,76.51788136500933,421.779374989615
3525.4804528223012,-0.004115939651217659,-7.061061401154211,76.89314677502564,421.4105182173395
3525.6335721961373,-0.004092189878008771,-7.0616898111253,77.00219607835835,421.30302965767237
3525.786691569973,-0.00406852866565266,-7.062314592751481,77.11117800499721,421.19547277809943
3526.31288502315,-0.003987918018107379,-7.064434167439491,77.48518470592161,420.8253397911393
3526.839078476327,-0.003908449059238001,-7.0665116257070535,77.85841386500549,420.4544227498805
3526.992197850163,-0.003885548972665821,-7.067108329719598,77.96687743041724,420.3463431674414
3527.1453172239985,-0.003862753374908075,-7.06770153662958,78.07527666894822,420.23819906095395
3527.671510677176,-0.003785237792812304,-7.069713640027508,78.44730412324958,419.8660767364326
3528.1977041303526,-0.003709045905216794,-7.0716853034933,78.81858962593525,419.49321410552756
3528.350823504188,-0.003687132770459219,-7.07225155044852,78.92649423005568,419.38457646145054
3528.5039428780237,-0.0036653387641224803,-7.0728144523977905,79.03433747615999,419.27587790142996
3529.030136331201,-0.0035913744170692256,-7.074723604727289,79.40447676444715,418.9018774090787
3529.556329784378,-0.003518895932698615,-7.0765942284272,79.77390858227577,418.5271780543562
3529.709449158214,-0.0034980925014836363,-7.077131444623406,79.88128018140762,418.41801358608797
3529.8625685320494,-0.003477420824887872,-7.07766548650185,79.98859328523385,418.3087916083446
3530.3887619852267,-0.0034074062135046163,-7.079476790869006,80.35693239327357,417.9330180443158
3530.9149554384035,-0.003339012825820195,-7.0812516805446695,80.72459711925777,417.5565846089596
3531.068074812239,-0.0033194219650236508,-7.081761445962111,80.83146063504692,417.4469227169976
3531.2211941860746,-0.003299973064334122,-7.082268223286322,80.93826838954038,417.3372065092358
3531.747387639252,-0.00323423451142674,-7.083987276205971,81.3048915026379,416.9597585381309
3532.2735810924287,-0.003170222419813311,-7.085672192155769,81.67087168170923,416.58168712000963
3532.4267004662647,-0.003151924493319748,-7.0861562115000725,81.77725081351845,416.47155528090315
3532.5798198401003,-0.0031337760371568414,-7.086637441048177,81.88357677012881,416.3613720988623
3533.1060132932776,-0.0030725593787850006,-7.088270228745751,82.24856366605073,415.98234168992894
3533.6322067464544,-0.003013140564313873,-7.089871277645305,82.61293723028732,415.60272161636914
3533.78532612029,-0.0029961906707514385,-7.090331347994723,82.71885429910733,415.49214532457705
3533.9384454941255,-0.0029793947325436757,-7.090788835026976,82.82472061552252,415.38152043728144
3534.464638947303,-0.002922855276421933,-7.0923416173537905,83.1881461712145,415.00099270257743
3534.9908324004796,-0.0028681477713603564,-7.0938651309692675,83.55098599482062,414.6199064103486
3535.1439517743156,-0.0028525731338593678,-7.094303105527291,83.65646182317853,414.50890915136955
3535.297071148151,-0.0028371537363343015,-7.094738707168973,83.7618891475585,414.39786581793294
3535.8232646013284,-0.002785349521950412,-7.096217889188059,84.12382297513798,414.0159189611423
3536.3494580545052,-0.002735373914227995,-7.097670293269112,84.48519656388194,413.63344198985874
3536.5025774283413,-0.0027211735878105744,-7.098088042952099,84.5902503957048,413.5220452467597
3536.655696802177,-0.002707126721449798,-7.09850362975667,84.69525779115864,413.4106047266922
3537.181890255354,-0.002660020919780601,-7.099915630225882,85.05576401382348,413.02731010734294
3537.708083708531,-0.002614705478246974,-7.101303314968535,85.41573333548004,412.64351120745977
3537.8612030823665,-0.0026018521853099085,-7.101702691288728,85.5203827969283,412.5317345003694
3538.014322456202,-0.0025891477321909177,-7.102100110395327,85.62498770686872,412.4199160966239
3538.5405159093793,-0.00254661551383263,-7.103451237475761,85.9841248740222,412.0353384046355
3539.066709362556,-0.0025058032286386506,-7.104780436890125,86.34274632551954,411.6502797520166
3539.219828736392,-0.0024942453976291956,-7.105163237552671,86.44700742502248,411.53814070785046
3539.3729481102278,-0.0024828292009671116,-7.105544278599407,86.5512256774637,411.425961839761
3539.899141563405,-0.0024446651423302357,-7.10684061515575,86.90904681159013,411.04015937008216
3540.425335016582,-0.002408121985594563,-7.108117296488271,87.26637131448997,410.6538968765198
3540.5784543904174,-0.002397786390199946,-7.108485234052451,87.37025847944673,410.541411325841
3540.731573764253,-0.0023875830143128746,-7.108851598255618,87.47410432763556,410.4288876288216
3541.2577672174302,-0.0023535117418081487,-7.1100988990521685,87.83065709335254,410.04191264510405
3541.783960670607,-0.002320939102191574,-7.111328666053586,88.18673030672551,409.65449635286706
3541.937080044443,-0.0023117348148966018,-7.111683341059992,88.29025645335162,409.5416784501677
3542.0901994182786,-0.002302651618269843,-7.1120366149489165,88.39374264904178,409.42882389833545
3542.616392871456,-0.0022723424768788733,-7.113240221329722,88.7490696301328,409.04072307128587
3543.1425863246327,-0.002243392298626913,-7.114428236777505,89.10393226433787,408.6521976155761
3543.2957056984687,-0.002235215077426159,-7.114771116711075,89.20710889543733,408.53905997797
3543.4488250723043,-0.0022271465740339074,-7.115112751754339,89.310246789433,408.4258870245664
3543.9750185254816,-0.0022002282861027897,-7.11627752664956,89.66438585444155,408.03670192671956
3544.5012119786584,-0.0021745172621114826,-7.117428454945085,90.01807406552182,407.6471070473212
3544.654331352494,-0.0021672536013457692,-7.11776085892188,90.12091139023188,407.5336609062161
3544.8074507263295,-0.0021600854928974476,-7.118092156835485,90.22371105424672,407.42018063642337
3545.333644179507,-0.002136159942321537,-7.119222438949469,90.57669579036552,407.02994827513476
3545.8598376326836,-0.0021132833591112846,-7.12034040757525,90.92924163512608,406.63931935963194
3546.0129570065196,-0.0021068145622400664,-7.1206634964967135,91.03174870490201,406.5255747203625
3546.166076380355,-0.0021004278305895205,-7.120985600022541,91.13421906901537,406.41179701152765
3546.6922698335325,-0.0020790843334340526,-7.122085176983599,91.48607926464874,406.02055038321765
3547.2184632867093,-0.002058630426291554,-7.123173757184402,91.83751119667396,405.62891902491094
3547.371582660545,-0.002052836754649652,-7.1234885295367185,91.93969605171515,405.51488482941124
3547.5247020343804,-0.0020471117704075788,-7.1238024188686495,92.04184505160471,405.40081851375345
3548.0508954875577,-0.0020279406810549713,-7.124874519659976,92.39260720741025,405.0085871624202
3548.5770889407345,-0.0020095032230214786,-7.1259367257655875,92.74295059380201,404.615981716107
3548.7302083145705,-0.0020042673263254806,-7.12624401864037,92.84482041408232,404.5016660037954
3548.883327688406,-0.0019990871832894198,-7.126550512962331,92.94665514224549,404.38731902882654
3549.4095211415834,-0.001981690621150047,-7.127597816935627,93.2963429913466,403.99412959305926
3549.93571459476,-0.001964878703282689,-7.128636120769806,93.64562063204109,403.6005757140903
3550.088833968596,-0.0019600883230946357,-7.1289366149990165,93.74718188793307,403.48598577698675
3550.2419533424318,-0.001955341489719433,-7.129236378033659,93.84870874400175,403.3713653597779
3550.768146795609,-0.0019393421779015621,-7.130261037005977,94.19734376545425,402.977242095848
3551.294340248786,-0.001923788749266671,-7.1312773945555605,94.54557640040741,402.58276325120426
3551.4474596226214,-0.0019193391713467867,-7.131571623308375,94.64683499880978,402.46790578018573
3551.600578996457,-0.0019149219218677137,-7.131865172285752,94.74805983493867,402.35301855245353
3552.1267724496342,-0.0018999713400723688,-7.132868844183439,95.09566174703731,401.95798382348727
3552.652965902811,-0.0018853407581025173,-7.1338647333737635,95.44286853837426,401.5626017653839
3552.806085276647,-0.0018811368418404381,-7.13415309387956,95.54382996066192,401.44748298489316
3552.9592046504827,-0.0018769551924122324,-7.134440811560482,95.64475821835295,401.3323351262642
3553.48539810366,-0.001862739394395138,-7.1354247038280585,95.99134543965607,400.93640984877436
3554.0115915568367,-0.0018487319605714613,-7.136401170655717,96.33754441754073,400.54014504289165
3554.1647109306723,-0.0018446892206055324,-7.1366839380433555,96.43821384628602,400.4247708320002
3554.317830304508,-0.0018406599226019167,-7.136966086720654,96.53885068171316,400.30936818945816
3554.844023757685,-0.0018269023441781077,-7.137931005451485,96.88444075072178,399.912572231306
3555.370217210862,-0.0018132564232949757,-7.138888714411345,97.22964921548355,399.51544423513906
3555.523336584698,-0.0018093015636518098,-7.139166056574657,97.33003164807937,399.39982023392
3555.6764559585336,-0.0018053526099209673,-7.139442793021585,97.43038204416298,399.2841684264969
3556.202649411711,-0.0017918157417632539,-7.140389194903384,97.77499199245277,398.8865209537588
3556.7288428648876,-0.0017783093533461968,-7.141328481792895,98.11922686873696,398.4885487433931
3556.881962238723,-0.001774380719442457,-7.141600474911625,98.21932721681675,398.3726804442178
3557.0350816125588,-0.0017704517760675522,-7.141871865967639,98.31939608098666,398.25678495257677
3557.561275065736,-0.0017569383634459675,-7.142799912313487,98.66304275634906,397.8583047242715
3558.087468518913,-0.0017433896769535804,-7.14372083870964,99.00632089614999,397.4595069687763
3558.240587892749,-0.0017394372176648056,-7.143987483132516,99.10614406994553,397.34339979234176
3558.3937072665844,-0.0017354795010111343,-7.144253521572774,99.20593631677683,397.2272660330963
3558.9199007197617,-0.001721831436859894,-7.145163132560944,99.54863665399878,396.82797164358993
3559.4460941729385,-0.0017080967669598406,-7.146065539241414,99.89097508714227,396.4283669276253
3559.5992135467745,-0.0017040813131402922,-7.146326774809867,99.99052606458785,396.31202628407414
3559.75233292061,-0.0017000568250667536,-7.1465873945600675,100.09004668322174,396.19565966928985
3560.2785263737874,-0.001686152301481697,-7.147478300561387,100.43181792306368,395.79556974062655
3560.804719826964,-0.0016721231565703552,-7.148361857305958,100.77323405686313,395.3951767384574
3560.9578392007998,-0.001668015587612625,-7.148617577551653,100.8725179381353,395.2786080746689
3561.1109585746353,-0.0016638962976557505,-7.148872667760289,100.97177204523724,395.1620140576749
3561.6371520278126,-0.0016496472076932393,-7.149744456797639,101.31263190452704,394.7611473859475
3562.1633454809894,-0.001635247883693415,-7.150608708531046,101.65314367576998,394.3599849911125
3562.3164648548254,-0.0016310284377116639,-7.1508587738703815,101.75216572417393,394.2431938253798
3562.469584228661,-0.0016267955767082338,-7.151108191992999,101.85115860333325,394.12637793409334
3562.9957776818383,-0.0016121447980097716,-7.151960353836607,102.19112539914627,393.7247535938203
3563.521971135015,-0.0015973290594275941,-7.15280476313597,102.5307513813139,393.32284100829213
3563.6750905088506,-0.0015929862251683527,-7.153049012895752,102.62951705137621,393.20583295350195
3563.828209882686,-0.001588629123736708,-7.1532925965476855,102.72825417983367,393.08880081239874
3564.3544033358635,-0.001573546145175261,-7.154124561993948,103.06734691116839,392.68643822306717
3564.8805967890403,-0.0015582924892331943,-7.1549485459709725,103.40610638102635,392.2837950106083
3565.0337161628763,-0.0015538216028811351,-7.155186808643409,103.50462133516582,392.16657578741973
3565.186835536712,-0.0015493362913476419,-7.155424385644958,103.60310839930821,392.049333129698
3565.713028989889,-0.0015338125650233843,-7.1562355594205425,103.9413467916938,391.6462520901527
3566.239222443066,-0.0015181199908599326,-7.157038520289647,104.27925976118652,391.2428981998815
3566.392341816902,-0.0015135221141003082,-7.157270622020205,104.37752987673359,391.12547364167557
3566.5454611907376,-0.0015089102453424614,-7.157502018714797,104.47577277812543,391.00802631337547
3567.071654643915,-0.0014929558108288429,-7.1582918068943835,104.81317729708113,390.60424700991524
3567.5978480970916,-0.0014768406776604506,-7.159073157675684,105.15026451602336,390.20020277550026
3567.750967470927,-0.001472121676466087,-7.15929892943808,105.2482958840728,390.0825788265632
3567.904086844763,-0.001467389582779867,-7.159523977721312,105.34630073746685,389.96493278406547
3568.43028029794,-0.0014510295297949006,-7.160291810722908,105.6828925754552,389.5604757768262
3568.956473751117,-0.0014345215556700486,-7.161050996254156,106.01917550944819,389.15576189563444
3569.109593124953,-0.0014296908478905702,-7.161270279557151,106.11697442684522,389.0379446038347
3569.2627124987885,-0.0014248482671734188,-7.161488822392978,106.2147475514944,388.92010590600734
3569.7889059519657,-0.0014081182577736925,-7.162234172405644,106.55054859322617,388.5149920982127
3570.3150994051425,-0.0013912561278089112,-7.162970684436399,106.88604938217001,388.10962959535743
3570.468218778978,-0.0013863254667150556,-7.1631833352842795,106.98362233829386,387.99162510082266
3570.6213381528137,-0.001381384362808115,-7.163395230485237,107.08117024425603,387.87359989734233
3571.147531605991,-0.0013643270024375517,-7.16411762316608,107.41620301629142,387.4678504927347
3571.6737250591677,-0.0013471554220203228,-7.164831010324641,107.75094441934594,387.06186067518775
3571.8268444330038,-0.0013421381714156042,-7.165036901844071,107.84829807932073,386.9436751964142
3571.9799638068394,-0.0013371120533889982,-7.165242024587273,107.94562745034133,386.82546971365036
3572.5061572600166,-0.00131977475843675,-7.165941046981345,108.27991505994514,386.419106166421
3573.0323507131934,-0.001302342343444513,-7.166630921578542,108.61392039112954,386.0125105708169
3573.1854700870294,-0.0012972528120579136,-7.166829945790487,108.71106157653712,385.8941503891363
3573.338589460865,-0.0012921560388835678,-7.167028190283232,108.80817925053722,385.7757709144809
3573.8647829140423,-0.0012745883633447927,-7.167703495667614,109.14174531707755,385.3688148745135
3574.390976367219,-0.0012569446512161698,-7.168369537051156,109.4750383747348,384.96163521137
3574.5440957410547,-0.0012517971869819243,-7.168561605543335,109.5719740428128,384.84310665459685
3574.6972151148902,-0.0012466440635001447,-7.168752885561172,109.66888699099285,384.72455952008164
3575.2234085680675,-0.0012288946997998618,-7.169404194240887,110.0017555736508,384.3170327766177
3575.7496020212443,-0.0012110875350655346,-7.170046148114354,110.33436056787697,383.90929087431715
3575.9027213950803,-0.0012058958775610575,-7.170231191594689,110.43109779043574,383.7906003005773
3576.055840768916,-0.001200700061301955,-7.170415439940618,110.52781309622637,383.67189186677393
3576.582034222093,-0.001182815308735878,-7.1710425368128385,110.86000862210132,383.26381629377966
3577.10822767527,-0.001164889949350931,-7.171660212161821,111.19195010374052,382.85553404516264
3577.2613470491056,-0.0011596670618792472,-7.171838179492251,111.28849604670721,382.73668782761047
3577.414466422941,-0.0011544414137674363,-7.172015347002158,111.38502088540957,382.61782446846684
3577.9406598761184,-0.0011364646288751833,-7.1726180779751445,111.71656808033413,382.20922197345595
3578.466853329295,-0.001118462935063411,-7.173211343128151,112.04787087312407,381.8004212861692
3578.619972703131,-0.0011132206810052531,-7.173382200091398,112.14423277706996,381.6814257988413
3578.773092076967,-0.0011079769099524492,-7.173552254348662,112.24057439651844,381.5624138876798
3579.299285530144,-0.0010899470496591212,-7.174130521444385,112.57149821972308,381.15330636476085
3579.825478983321,-0.0010719058629648107,-7.174699298365716,112.90218735695365,380.7440091163023
3579.978598357157,-0.0010666545409780178,-7.174863025840045,112.99837251908605,380.6248707214474
3580.1317177309925,-0.0010614027560660036,-7.17502594928479,113.0945382218464,380.5057166184904
3580.6579111841697,-0.001043353095570971,-7.175579703656333,113.42486380649352,380.0961259071006
3581.1841046373465,-0.0010253035101871692,-7.176123960434446,113.75496447436606,379.68635390615117
3581.337224011182,-0.0010200517753493079,-7.176280552150232,113.85098023260993,379.56707894348745
3581.4903433850177,-0.0010148004624307141,-7.176436339826385,113.94697736031515,379.44778898534526
3582.016536838195,-0.0009967589258459881,-7.176965574096702,114.27672996163787,379.03773683588236
3582.5427302913718,-0.0009787269692906732,-7.177485317549052,114.60626745038157,378.62751179058426
3582.695849665208,-0.0009734820430583526,-7.17763477801322,114.70212116970065,378.5081065685516
3582.8489690390434,-0.0009682382588463059,-7.177783435520029,114.79795708961016,378.38868705968315
3583.3751624922206,-0.00095022781681029,-7.178288176918623,115.12716204049205,377.97819510571304
3583.9013559453974,-0.0009322343871834744,-7.178783445816433,115.45616170266433,377.5675385982468
3584.054475319233,-0.0009270019445775605,-7.178925788322713,115.55186076343401,377.44800938704725
3584.2075946930686,-0.0009217711783783422,-7.1790673298079675,115.64754285704207,377.328466593003
3584.733788146246,-0.0009038092303754429,-7.1795476330638985,115.97622553069257,376.91755632959547
3585.2599815994226,-0.0008858694887818266,-7.180018490702814,116.30471274678882,376.506489796997
3585.4131009732587,-0.000880653526855463,-7.180153735110052,116.4002645353606,376.38684282349175
3585.5662203470943,-0.000875439598628168,-7.180288181033661,116.49580018922138,376.2671829660284
3586.0924138002715,-0.0008575379908408768,-7.180744120642199,116.82398596968835,375.855875734662
3586.6186072534483,-0.0008396619821261425,-7.181190647276944,117.15198612177193,375.44442045629955
3586.771726627284,-0.0008344651199472178,-7.181318817884687,117.24739802337697,375.32466190083835
3586.9248460011195,-0.0008292705189395571,-7.181446192939803,117.3427946222564,375.20489115495093
3587.4510394542967,-0.0008114368771637735,-7.181877856475946,117.6705088827084,374.7932081347941
3587.9772329074735,-0.0007936308084621446,-7.18230014332092,117.99804733529702,374.3813852257614
3588.1303522813096,-0.0007884545895039196,-7.182421267248584,118.09332672893407,374.261521220623
3588.283471655145,-0.0007832807364063316,-7.182541598781399,118.18859165089133,374.14164571314166
3588.8096651083224,-0.0007655189880928133,-7.182949081689954,118.51585973811399,373.7296079173516
3589.335858561499,-0.0007477852698849234,-7.183347225857453,118.84296182480003,373.3174383264619
3589.4889779353352,-0.0007426301035244202,-7.183461331562892,118.93811607973275,373.19747495558056
3589.642097309171,-0.0007374772785746462,-7.183574648085242,119.03325669279825,373.0775007650393
3590.168290762348,-0.0007197873933802036,-7.183958048462921,119.360103917171,372.66512904140916
3590.694484215525,-0.0007021245846258667,-7.184332147662542,119.68679493278638,372.2526335535591
3590.8476035893605,-0.0006969898106361625,-7.184439263399513,119.78183140668017,372.13257685353767
3591.000722963196,-0.0006918572585167288,-7.184545593060343,119.87685506717563,372.0125100113312
3591.5269164163733,-0.0006742360199264346,-7.18490500661957,120.20330669829504,371.5998250473491
3592.05310986955,-0.0006566401077455089,-7.185255154661704,120.52961189652942,371.18702429011915
3592.206229243386,-0.000651524439898987,-7.185355307311132,120.62453793510137,371.0668802524138
3592.3593486172217,-0.000646410822669033,-7.18545467679226,120.71945198742893,370.94672674508723
3592.885542070399,-0.0006288532746951271,-7.185790193593381,121.04553325432217,370.53374907651676
3593.4117355235758,-0.0006113187243472943,-7.1861164777783,121.37147784918466,370.1206635296857
3593.5648548974114,-0.0006062204388680553,-7.186209692181953,121.46630078682495,370.00043810351855
3593.717974271247,-0.0006011239778865328,-7.186302126056615,121.56111256417267,369.88020387574284
3594.244167724424,-0.0005836235579777882,-7.186613828379984,121.88684865831104,369.4669538972752
3594.770361177601,-0.000566143096217433,-7.186916327347887,122.21245782806365,369.05360390414216
3594.923480551437,-0.0005610599406681695,-7.187002625652233,122.3071849891541,368.93330299992266
3595.0765999252726,-0.0005559783278028963,-7.1870881457197235,122.40190181489707,368.81299395797555
3595.60279337845,-0.0005385267067311297,-7.187376105689163,122.72731789566993,368.39949193567503
3596.1289868316267,-0.0005210915598659941,-7.1876548870641495,123.05261678931576,367.9858977162458
3596.2821062054627,-0.0005160209298051409,-7.187734288068666,123.14725549030729,367.8655272095459
3596.4352255792983,-0.0005109515492744997,-7.187812912731847,123.24188468016229,367.7451492253435
3596.9614190324755,-0.0004935397424784602,-7.188077190529152,123.5670058828272,367.3314153108923
3597.4876124856523,-0.00047614101326695017,-7.188332309788376,123.89201962869925,366.917596976568
3597.640731859488,-0.0004710803511259949,-7.188404828759497,123.98657718069221,366.79716271244985
3597.7938512333235,-0.0004660206553769046,-7.1884765728941336,124.08112604532093,366.67672162788676
3598.3200446865008,-0.00044863998311311243,-7.188717216687581,124.40597749001596,366.2627758735184
3598.8462381396776,-0.0004312690369103536,-7.18894871744396,124.73073120477794,365.84875344196814
3598.9993575135136,-0.00042621582520195177,-7.189014366220545,124.82521491611787,365.72826123928337
3599.152476887349,-0.0004211632913952646,-7.189079241278993,124.91969076371564,365.6077628705231
3599.6786703405264,-0.0004038049986182275,-7.189296287461219,125.24429756429389,365.1936252436856
3600.204863793703,-0.0003864529640284373,-7.189504201469932,125.56881636175281,364.77941865344536
3600.357983167539,-0.00038140460234658093,-7.189562988412697,125.66323354060425,364.65887430908305
3600.5111025413744,-0.00037635662966612474,-7.189621002359602,125.7576436794811,364.5383244508079
3601.0372959945516,-0.0003590118353983837,-7.189814475262386,126.08203095248136,364.12401484882173
3601.5634894477284,-0.00034167007913766086,-7.189998822247262,126.40633995267676,363.7096439740088
3601.7166088215645,-0.0003366241317952164,-7.190050752248891,126.50069790968355,363.58905326718224
3601.8697281954,-0.00033157832469551783,-7.190101909608816,126.59504965092138,363.46845769687457
3602.3959216485773,-0.00031423915492844357,-7.190271822058026,126.91924252460554,363.05399596155104
3602.922115101754,-0.00029690034221094844,-7.190432610843552,127.24336686251738,362.6394806261931
3603.07523447559,-0.0002918547731443023,-7.1904776857610155,127.33767291324025,362.51884932252904
3603.2283538494257,-0.00028680913233914817,-7.1905219880806515,127.4319735730803,362.3982138045191
3603.754547302603,-0.000269468959496784,-7.190668343115319,127.75599719518655,361.9836197357013
3604.28074075578,-0.0002521267426248266,-7.190805573326778,128.0799620277949,361.568979726713
3604.4338601296154,-0.00024707973913327676,-7.190843792430935,128.17422349463624,361.44831358192243
3604.586979503451,-0.00024203246584590657,-7.190881238704207,128.26848039635368,361.3276438710187
3605.113172956628,-0.00022468517566904666,-7.191004030775785,128.5923599402015,360.91293723878346
3605.639366409805,-0.00020733360149193734,-7.191117693689729,128.91619045217698,360.4981923178308
3605.792485783641,-0.00020228347220440068,-7.191149053857906,129.01041466597945,360.377497081115
3605.9456051574766,-0.00019723290299694532,-7.191179640707211,129.1046351414578,360.25679892599
3606.471798610654,-0.00017987306697272458,-7.191278856315377,129.42839581120825,359.8419994821604
3606.9979920638307,-0.00016250725851097719,-7.191368935720146,129.75211721986875,359.4271693969289
3607.1511114376663,-0.0001574527076785039,-7.19139343176718,129.84631152128705,359.30645081420226
3607.304230811502,-0.00015239760072814946,-7.1914171538132825,129.94050291234763,359.1857299605818
3607.830424264679,-0.00013502137160424906,-7.191492773115428,130.26416994717033,358.77085744937176
3608.356617717856,-0.00011763804177229618,-7.191559247291388,130.58780750590714,358.35596194363137
3608.509737091692,-0.00011257820101657328,-7.191576872586696,130.68197924624369,358.2352257603237
3608.6628564655275,-0.00010751771941162238,-7.191593723066266,130.77614890540949,358.1144879537345
3609.1890499187048,-9.012239771481066e-05,-7.1916457218869,131.0997475815477,357.6995621207538
3609.7152433718816,-7.271903092892406e-05,-7.1916885652865,131.42332658112517,357.2846209427709
3609.8683627457176,-6.765318593125647e-05,-7.191699312152041,131.51748312258374,357.1638729061799
3610.021482119553,-6.258662444760132e-05,-7.191709283278495,131.61163841328772,357.04312389426576
3610.5476755727304,-4.51698464522426e-05,-7.191737634039007,131.93519404450018,356.62816449427265
3611.0738690259072,-2.7744271382979044e-05,-7.191756817890475,132.25873981317758,356.2131974043206
3611.226988399743,-2.2671845183387273e-05,-7.191760677744227,132.3528885288581,356.09244326576686
3611.3801077735784,-1.7598660046045787e-05,-7.191763760851195,132.44703682541748,355.9716888004291
3611.9063012267557,-1.5887420086269144e-07,-7.191768433196387,132.77057476274396,355.5567156045773
3612.4324946799325,1.728994380695428e-05,-7.191763926464104,133.09411266570797,355.14174238193397
3612.5856140537685,2.2369150386051707e-05,-7.1917608901860826,133.1882609393589,355.02098789873486
3612.738733427604,2.7449119787259363e-05,-7.19175707612478,133.2824096266818,354.9002337380718
3613.2649268807813,4.491219816969879e-05,-7.191738038492812,133.6059552570183,354.4852665402569
3613.791120333958,6.238425987060728e-05,-7.191709809539837,133.92951069428207,354.07030698903617
3613.9442397077937,6.74702181507943e-05,-7.191699867931193,134.02366591955635,353.9495579261022
3614.0973590816293,7.255693684640609e-05,-7.191689147505525,134.11782239234626,353.8288098359654
3614.6235525348065,9.004321164359217e-05,-7.191646368334094,134.44140113534812,353.4138684578999
3615.1497459879834,0.00010753850311596434,-7.19159438562708,134.76499953825177,352.99894241182506
3615.3028653618194,0.0001126312329283668,-7.191577529511018,134.85916911764284,352.87820454301504
3615.455984735655,0.00011772472652100715,-7.191559893541564,134.9533407793222,352.75746829835697
3615.982178188832,0.00013523429737015216,-7.191493341242867,135.27697808369655,352.34257259420224
3616.508371642009,0.0001527528181134729,-7.1914175731679295,135.6006449112364,351.92769992127944
3616.6614910158446,0.00015785227830223032,-7.191393793347642,135.69483625502602,351.8069790307757
3616.81461038968,0.0001629524828659292,-7.191369232646513,135.78903051668573,351.68626041702703
3617.3408038428574,0.00018048491844391761,-7.191278875767515,136.11275185656098,351.2714302781182
3617.8669972960342,0.00019802595325696306,-7.191179291173261,136.43651259160544,350.85663088525496
3618.0201166698703,0.0002031318906440331,-7.191148578661954,136.53073311671116,350.7359327688697
3618.173236043706,0.00020823854200640384,-7.191117084279884,136.62495739593055,350.6152375832247
3618.699429496883,0.0002257929015165155,-7.191002892392903,136.9487882665466,350.200492942299
3619.22562295006,0.00024335558595976536,-7.190879461326604,137.27266841118143,349.7857867792757
3619.378742323896,0.0002484677872775614,-7.190841807491651,137.36692553974657,349.66511724556545
3619.5318616977315,0.0002535806926872592,-7.1908033708259405,137.46118725916884,349.54445129808687
3620.058055150909,0.00027115652491822265,-7.190665314547703,137.78515317193728,349.12981213305153
3620.5842486040856,0.0002887407045621878,-7.1905180077854265,138.10917824261156,348.7152191963677
3620.737367977921,0.00029385917491388654,-7.190473404130351,138.20347940063758,348.5945840677897
3620.8904873517567,0.00029897835327393445,-7.19042801668427,138.29778598662668,348.4739531825849
3621.416680804934,0.0003165757615714222,-7.190266066776626,138.62191246475882,348.0594395207585
3621.942874258111,0.00033418149396748943,-7.190094855037895,138.94610798825354,347.6449798581512
3622.095993631947,0.0003393062217265901,-7.19004329303775,139.04046060448422,347.5243849724256
3622.2491130057824,0.00034443164958255725,-7.189990946289296,139.1348194860254,347.40379498902246
3622.7753064589597,0.00036205045246183627,-7.189805073521712,139.4591320608094,346.98942691191274
3623.3014999121365,0.0003796774847488893,-7.189609927690266,139.78352357048837,346.5751206271271
3623.454619285972,0.0003848083988767055,-7.189551398899229,139.87793507529273,346.4545718386062
3623.6077386598076,0.00038994001435452405,-7.189492084410698,139.97235368286363,346.33402861331456
3624.133932112985,0.0004075801300607632,-7.189282259840664,140.2968778896836,345.91982626122643
3624.6601255661617,0.0004252286688139411,-7.1890631509411485,140.62149092144952,345.50569351858485
3624.8132449399977,0.00043036589965638524,-7.188997646899624,140.71596874565094,345.38519669959055
3624.9663643138333,0.0004355038631926263,-7.188931356189508,140.8104545100638,345.26470610685016
3625.4925577670106,0.00045316608281683544,-7.188697550424896,141.13521588458926,344.85068968365664
3626.0187512201874,0.00047083717822626604,-7.188454448580753,141.46007597343134,344.4367507131234
3626.1718705940234,0.0004759810589526544,-7.1883819604842785,141.55462754738846,344.3163117554894
3626.324989967859,0.0004811257059366207,-7.188308684698992,141.64918789890643,344.1958796894418
3626.8511834210362,0.0004988111236239187,-7.188050866929239,141.97421197433616,343.7820694682148
3627.377376874213,0.0005165057173532647,-7.187783740794289,142.29934465188,343.3683445712805
3627.5304962480486,0.0005216564816985958,-7.1877042594321985,142.3939774048073,343.2479693880945
3627.683615621884,0.0005268080326736909,-7.187623989325945,142.48861977246966,343.1276017643296
3628.2098090750615,0.0005445173161973023,-7.187342127547105,142.8139320771607,342.7140180933102
3628.7360025282383,0.0005622360310310487,-7.187050944777863,143.13936286914014,342.30052764885454
3628.8891219020743,0.0005673938695462334,-7.186964460678002,143.23408422832796,342.18022217613185
3629.04224127591,0.0005725525241555308,-7.186877186747447,143.32881603915445,342.0599249333507
3629.568434729087,0.0005902864858331043,-7.186571248044375,143.6544420937807,341.6465882415906
3630.094628182264,0.0006080303450510311,-7.1862559752427515,143.98019651713548,341.2333527114915
3630.2477475560995,0.0006131955980205635,-7.186162478579823,144.07501390711423,341.1131229098171
3630.400866929935,0.0006183617088971761,-7.186068190948368,144.16984258527907,340.9929020114833
3630.9270603831123,0.0006361216112169011,-7.1857381409442125,144.4958079001286,340.57983281463646
3631.453253836289,0.00065389179698303,-7.18539874309018,144.82191146051792,340.1668727497481
3631.606373210125,0.0006590647634905781,-7.185298223558802,144.9168323023759,340.04672460605303
3631.7594925839608,0.0006642386018869019,-7.1851969118794345,145.01176526853567,339.9265860421777
3632.285686037138,0.0006820251039165966,-7.184842714754213,145.3380953412255,339.5138049486648
3632.811879490315,0.00069982184316455,-7.184479155794684,145.66457353060102,339.1011409948895
3632.964998864151,0.0007050025063730457,-7.184371602892439,145.75960524121777,338.9810805241721
3633.1181182379864,0.0007101840246385811,-7.184263256666814,145.85464991170875,338.8610303130093
3633.6443116911637,0.0007279967555315315,-7.183884876447791,146.18137022407777,338.44855802958153
3634.1705051443405,0.0007458194404535499,-7.18349712066751,146.50824851701037,338.0362109330023
3634.323624518176,0.0007510075947384633,-7.1833825240677065,146.603398507877,337.91624417973816
3634.4767438920117,0.0007561965754781934,-7.183267133001316,146.69856229349202,337.79628836916095
3635.002937345189,0.0007740347364602609,-7.182864534570027,147.02569830709928,337.38414570540056
3635.5291307983657,0.0007918824255837161,-7.182452547308386,147.353002155907,336.9721363165023
3635.6822501722017,0.000797077758417704,-7.182330897021753,147.44827783165556,336.8522693558329
3635.8353695460373,0.0008022738610700356,-7.182208451177842,147.54356813615118,336.73241402450554
3636.3615629992146,0.0008201359859537011,-7.1817816008304804,147.87114528700548,336.3206218967511
3636.8877564523914,0.0008380066074532737,-7.181345349314508,148.19890011618116,335.9089711741165
3637.040875826227,0.0008432083745162096,-7.181216636024851,148.2943088728909,335.78921011286866
3637.1939952000625,0.0008484107892486561,-7.181087126207477,148.38973309124785,335.66946137123085
3637.72018865324,0.0008662935644779125,-7.1806359933982815,148.71777678339652,335.2580408056193
3638.2463821064166,0.0008841830293048492,-7.180175449029819,149.04600798235404,334.84676981830603
3638.3995014802526,0.0008893899037690816,-7.180039664839596,149.14155720525014,334.7271207955333
3638.552620854088,0.000894597248598663,-7.179903083357272,149.23712272128395,334.6074847862706
3639.0788143072655,0.0009124955495139353,-7.179427643348923,149.56565831788126,334.1964569197804
3639.6050077604423,0.0009303982170314337,-7.178942784222964,149.89439123095283,333.78558684750476
3639.758127134278,0.000935608472929165,-7.178799923328894,149.9900882913027,333.6660560343847
3639.9112465081134,0.0009408189818347468,-7.178656264646349,150.08580247448035,333.546538932262
3640.4374399612907,0.0009587264403256846,-7.178156500527944,150.41485528629522,333.1359250116889
3640.9636334144675,0.0009766353621987816,-7.177647313237101,150.74411520045066,332.72547714315425
3641.1167527883035,0.0009818468466924685,-7.17749737243959,150.83996745185522,332.60607074239016
3641.269872162139,0.0009870582973984703,-7.1773466336944125,150.9358376535224,332.4866787535997
3641.7960656153164,0.0010049666665858563,-7.176822538339427,151.265432925486,332.0765001329087
3642.322259068493,0.0010228725800879403,-7.176289020363896,151.59524505599168,331.66649586241334
3642.475378442329,0.0010280823936704062,-7.176131999871681,151.69125983002013,331.5472201070863
3642.628497816165,0.00103329179964474,-7.175974181722867,151.78729337893878,331.42795946801846
3643.154691269342,0.0010511901603789933,-7.175425761023049,152.11745627397673,331.01823760342427
3643.680884722519,0.0010690812346844255,-7.1748679242400195,152.44784574685605,330.60869842479093
3643.8340040963544,0.0010742857830395441,-7.17470382870239,152.5440303476688,330.48955957636343
3643.98712347019,0.0010794894883093954,-7.174538936352406,152.64023454452177,330.3704365515101
3644.5133169233673,0.0010973648703614944,-7.173966212539762,152.97099012377666,329.9611929935098
3645.039510376544,0.0011152275584940348,-7.173384086157831,153.30198195477374,329.5521404910311
3645.19262975038,0.0011204228011508458,-7.173212925428317,153.39834365278807,329.4331448365252
3645.3457491242157,0.0011256167173256542,-7.17304096935367,153.49472576375723,329.31416571558003
3645.871942577393,0.0011434546835088284,-7.172443983270963,153.82609896392648,328.9054220984522
3646.3981360305697,0.0011612738409222968,-7.171837615915753,154.15771803498686,328.49687793560037
3646.5512554044053,0.0011664552179173006,-7.171659405659431,154.25426405988324,328.3780317841721
3646.704374778241,0.001171634711639771,-7.1714804022296805,154.35083130958444,328.25920287853796
3647.230568231418,0.0011894187391846005,-7.170859215663974,154.6828469180759,327.8509809078097
3647.756761684595,0.00120717696259633,-7.170228678048379,155.01511795152427,327.44296681379046
3647.909881058431,0.001212339253563399,-7.1700434405853635,155.11185548452994,327.3242764926288
3648.0630004322666,0.0012174990452254219,-7.169857412921815,155.2086150482016,327.20560413122854
3648.589193885444,0.0012352105950725139,-7.169212111586518,155.5412976755249,326.7979255685671
3649.1153873386206,0.0012528889024058041,-7.168557499295635,155.87424520533796,326.3904633221554
3649.2685067124567,0.0012580265323919578,-7.168365264328355,155.97118137066929,326.271935171588
3649.4216260862922,0.0012631610315450798,-7.16817224298551,156.06814036553942,326.1534256958944
3649.9478195394695,0.0012807808545572358,-7.167502938418629,156.4015144151356,325.74631234151104
3650.4740129926463,0.0012983599924720733,-7.166824373120343,156.73516275621014,325.3394237528191
3650.627132366482,0.001303467368226982,-7.166625177956554,156.8323046120657,325.22106412091955
3650.7802517403175,0.0013085709828813922,-7.166425201098004,156.92947008832593,325.1027238795324
3651.3064451934947,0.0013260798432493126,-7.165732030977277,157.26355972550078,324.6961975533788
3651.8326386466715,0.001343540523508947,-7.165029660484876,157.59793294259333,324.28990444486004
3651.9857580205075,0.001348612018091165,-7.164823550045204,157.69528747213178,324.17171968189575
3652.138877394343,0.001353679120709975,-7.164616663451188,157.79266640392103,324.0535550249757
3652.6650708475204,0.0013710576982833512,-7.1638997916813185,158.12749552489439,323.64763754750993
3653.191264300697,0.0013883808138223303,-7.163173790009579,158.46261740173316,323.2419617345602
3653.3443836745328,0.0013934109417515414,-7.1629608168143095,158.5601915040992,323.1239581873173
3653.4975030483683,0.0013984360962464393,-7.162747073836165,158.65779078054433,323.0059754609045
3654.0236965015456,0.0014156661947124039,-7.162006690026791,158.99338298180706,322.60068863353916
3654.5498899547224,0.0014328345286732744,-7.16125725610244,159.32927699091607,322.19565190510014
3654.7030093285584,0.001437818506831442,-7.161037479714304,159.4270774725919,322.0778359113045
3654.856128702394,0.0014427970409449937,-7.160816940635013,159.5249038892395,321.9600414517859
3655.3823221555713,0.0014598635331633486,-7.16005325722082,159.86128243886304,321.5554070383474
3655.908515608748,0.0014768634623924064,-7.159280611042652,160.19797171433498,321.1510311393414
3656.061634982584,0.001481797621179759,-7.15905409678737,160.2960052815481,321.0334090227776
3656.2147543564197,0.0014867259982945622,-7.158826827482145,160.39406553293273,320.91580915212006
3656.740947809597,0.001503617741985436,-7.15804007477669,160.7312533463593,320.5118488634207
3657.2671412627737,0.0015204397923292918,-7.157244452082379,161.06876066182178,320.1081554809092
3657.4202606366093,0.0015253217072127483,-7.157011269451243,161.16703391456358,319.99073354770997
3657.573380010445,0.0015301976676112903,-7.1567773397652505,161.26533458842388,319.873334569896
3658.099573463622,0.0015469082381692734,-7.1559677601841924,161.60335421011897,319.47007005262907
3658.625766916799,0.0015635483429881202,-7.155149406149606,161.94170196290972,319.06708080661804
3658.778886290635,0.0015683773262272368,-7.154909626827922,162.0402213908337,318.94986534297425
3658.9320056644706,0.0015732004228358343,-7.154669108526963,162.13876896425617,318.83267354190207
3659.458199117648,0.0015897302615864085,-7.153836948838327,162.4776425564378,318.4301263729738
3659.9843925708246,0.0016061921601148103,-7.152996109131602,162.81685275976417,318.0278628134642
3660.13751194466,0.0016109699632419583,-7.15274980415191,162.9156247406164,317.91086008533756
3660.290631318496,0.0016157422533349928,-7.152502767973239,163.0144255788085,317.7938817248119
3660.816824771673,0.0016321008222265948,-7.151648268388197,163.35417492002685,317.3920734135854
3661.34301822485,0.0016483977394666995,-7.150785177251643,163.69426920617101,316.9905570266232
3661.496137598686,0.0016531289284587344,-7.150532413371955,163.7933000076469,316.8737732822734
3661.6492569725215,0.0016578553049196758,-7.150278925346395,163.89236036621992,316.757014608888
3662.1754504256987,0.0016740619374173368,-7.1494023065779055,164.23300686253265,316.35596660988574
3662.7016438788755,0.0016902172860426743,-7.14851717347811,164.5740064992939,315.9552188347225
3662.8547632527116,0.0016949094732553983,-7.1482580092316725,164.67330228483243,315.8386603105628
3663.007882626547,0.0016995979260026263,-7.147998126692439,164.77262831605697,315.722127559952
3663.5340760797244,0.001715683068580352,-7.147099575863099,165.11419302608783,315.3218612974139
3664.060269532901,0.0017317321950058014,-7.146192570612766,165.45611894757798,314.92190355605976
3664.213388906737,0.0017363966369848436,-7.145927051792865,165.55568578644187,314.805576486238
3664.3665082805724,0.0017410588720153837,-7.145660818770466,165.65528354985182,314.68927589312005
3664.8927017337496,0.0017570663024406516,-7.144740472824354,165.99778722536496,314.2898127991795
3665.4188951869264,0.0017730586011222137,-7.143811707854258,166.34066007930664,313.89066654058036
3665.5720145607625,0.001777710748323615,-7.143539862149196,166.44050396166884,313.774577171023
3665.725133934598,0.0017823626996150603,-7.143267303927958,166.54037943975865,313.65851498379607
3666.2513273877753,0.0017983508566076039,-7.142325230413543,166.88384258439325,313.25987655298803
3666.777520840952,0.001814350440784301,-7.1413747410291295,167.22768279840585,312.8615633144468
3666.9306402147877,0.0018190100101985133,-7.1410965722278865,167.32780965608086,312.74571792206405
3667.0837595886233,0.001823671874416703,-7.140817689540074,167.42796877568395,312.6299004226128
3667.6099530418005,0.0018397138334539306,-7.139853866671578,167.77241172336014,312.23210828456314
3668.1361464949773,0.0018557995666288263,-7.138881591112421,168.11723959097992,311.83464977163305
3668.2892658688133,0.0018604906136054599,-7.138597073297496,168.2176553238786,311.719054688928
3668.442385242649,0.0018651869526053137,-7.138311836501326,168.31810398326414,311.60348821785163
3668.968578695826,0.0018813710483038945,-7.137326132963347,168.66354699619706,311.2065642287199
3669.494772149003,0.001897637426248127,-7.136331891811972,169.00938278255654,310.80998241415256
3669.6478915228386,0.0019023886200784143,-7.1360409632735315,169.11009329089302,310.6946440594521
3669.801010896674,0.0019071486270868683,-7.135749306230475,169.21083739263463,310.57933504695325
3670.3272043498514,0.0019235791884543295,-7.134741459842992,169.5573007793953,310.1833014006917
3670.853397803028,0.0019401365754289843,-7.133724934434277,169.90416484723005,309.7876186437252
3671.0065171768642,0.001944981132842232,-7.13342749137706,170.00517606968754,309.6725435574227
3671.1596365507,0.0019498385024123,-7.133129305174305,170.10622155949557,309.557498560237
3671.685830003877,0.0019666348439830914,-7.13209890160001,170.45372581352058,309.16237792076225
3672.212023457054,0.0019836077649443527,-7.131059613443278,170.80163876925772,308.7676171073099
3672.36514283089,0.0019885828541080655,-7.130755504185558,170.90295672687367,308.65281199413863
3672.5182622047255,0.001993575164125399,-7.130450631424098,171.00430963807432,308.5380377384589
3673.0444556579027,0.002010869465399987,-7.129397085274259,171.35287559488697,308.1438533920201
3673.5706491110795,0.0020283946473260255,-7.128334378232362,171.70185845226302,307.7500380943302
3673.723768484915,0.0020335408777776578,-7.128023398209523,171.8034892971724,307.63550987114934
3673.8768878587507,0.002038709095281458,-7.127711628085278,171.90515579994212,307.5210133009972
3674.403081311928,0.002056644800010953,-7.1266341665536315,172.2548048099517,307.12778932679015
3674.9292747651048,0.0020748695031536286,-7.125547191337035,172.60487916809132,306.73494398067464
3675.082394138941,0.002080230386266214,-7.125229078756152,172.7068292362809,306.62069982925
3675.2355135127764,0.002085618290500512,-7.124910142804379,172.80881569079892,306.5064881597866
3675.7617069659536,0.0021043477025552222,-7.123807791788554,173.15956980486934,306.1142496171211
3676.2879004191304,0.0021234265251681623,-7.122695493549944,173.51075803787344,305.7223997149186
3676.441019792966,0.0021290473697746126,-7.122369926116311,173.61303390501382,305.60844713909694
3676.5941391668016,0.0021347003756929032,-7.122043495110758,173.7153469175508,305.4945279142252
3677.120332619979,0.0021543801015793873,-7.120915070059651,174.0672290814293,305.10330104353466
3677.6465260731557,0.002174469924566219,-7.119776181770409,174.4195545346082,304.71247333922105
3677.7996454469917,0.0021803963285514064,-7.119442775272762,174.5221630733453,304.59882022526693
3677.9527648208273,0.0021863599807716585,-7.119108458038034,174.624809553587,304.48520137821765
3678.4789582740045,0.0022071459039456395,-7.1179525615992025,174.9778438047723,304.0950138108654
3679.0051517271813,0.0022284011073392574,-7.116785604277583,175.33133099051398,303.7052365316771
3679.1582711010174,0.002234677613039266,-7.11644391312099,175.43427942712643,303.59189121007006
3679.311390474853,0.0022409962452114985,-7.116101257273466,175.5372666446347,303.4785811252602
3679.83758392803,0.002263038891646631,-7.114916283390026,175.89147830457424,303.08946209630284
3680.363777381207,0.0022856064592069957,-7.113719572705307,176.2461530909356,302.70076515513466
3680.5168967550426,0.0022922750387960474,-7.11336909232359,176.34944905939156,302.58773646218384
3680.670016128878,0.002298990211578018,-7.11301758692162,176.45278469723806,302.474744036698
3681.1962095820554,0.0023224288876965414,-7.111801731864683,176.80820055206553,302.0867245948541
3681.722403035232,0.0023464418075118277,-7.110573392448178,177.16409033698292,301.6991397973106
3681.8755224090683,0.002353539809424972,-7.110213564139823,177.26774192822253,301.5864371346913
3682.028641782904,0.002360688216182752,-7.109852644832873,177.3714341315675,301.4737718374347
3682.554835236081,0.0023856436617088125,-7.108603927401266,177.72808259317983,301.086885044986
3683.081028689258,0.0024112136819383887,-7.107341916885002,178.0852164553273,300.700446282995
3683.2341480630935,0.0024187718051651773,-7.106972135521607,178.18923225902893,300.5880796727101
3683.387267436929,0.0024263832899928807,-7.106601192562757,178.29328967586486,300.47575159868785
3683.9134608901063,0.002452951263667349,-7.105317483841568,178.6512009136549,300.09003271236054
3684.439654343283,0.0024801629809361276,-7.1040196258597295,179.0096097304106,299.7047761353801
3684.592773717119,0.0024882036281600357,-7.10363925006044,179.11399886655676,299.5927562675889
3684.7458930909547,0.002496299556111242,-7.103257638735196,179.21843067798247,299.48077618479067
3685.272086544132,0.0025245452723022606,-7.101936699812985,179.5776367126472,299.09626280927927
3685.798279997309,0.002553450446004262,-7.100600724678716,179.93735323722458,298.71222696518953
3685.951399371145,0.0025619860122961216,-7.100209089212093,180.04212537525854,298.6005652366721
3686.1045187449804,0.002570577534217559,-7.0998161425025925,180.14694131310384,298.4889446233369
3686.6307121981577,0.0026005294600630275,-7.098455670091317,180.5074760651383,298.1056768298261
3687.1569056513345,0.0026311407272018974,-7.097079263702208,180.86853495547902,297.72290276768456
3687.31002502517,0.0026401718099856005,-7.0966756943408145,180.9737003188617,297.61161130859534
3687.4631443990056,0.0026492581214803993,-7.0962707380445265,181.07891066846156,297.500362378493
3687.989337852183,0.002680902620865071,-7.094868418362534,181.44080995367514,297.1183827798304
3688.5155313053597,0.0027131893518641402,-7.093449278583094,181.80324774561188,296.73691410611184
3688.6686506791957,0.002722703817768535,-7.093033108888502,181.90881709969366,296.62600579263847
3688.8217700530313,0.0027322713347464854,-7.092615478538291,182.01443268579942,296.5151415060296
3689.3479635062085,0.002765550639056079,-7.0911690462304104,182.37773415174365,296.1344952811526
3689.8741569593853,0.0027994378594748425,-7.08970494262973,182.74158917182777,295.75437816330214
3690.027276333221,0.0028094106538589037,-7.089275531417647,182.8475737940266,295.64386661471065
3690.1803957070565,0.002819432860889229,-7.088844589778495,182.95360594898284,295.5334006735836
3690.7065891602338,0.002854244643904355,-7.087351888187379,183.31834895033222,295.1541355372498
3691.2327826134106,0.0028896126050956296,-7.0858407225352815,183.68366116764878,294.7754186516583
3691.3859019872466,0.0029000055975767183,-7.085397471522136,183.79007279991632,294.66531821102603
3691.539021361082,0.0029104428959640834,-7.084952626255518,183.89653331414652,294.55526503795994
3692.0652148142594,0.002946639884362259,-7.083411668330335,184.26275872742494,294.17743115369166
3692.5914082674362,0.0029833244883202955,-7.081851535496769,184.62956954506149,293.8001655761354
3692.7445276412723,0.002994086863747565,-7.0813939069578895,184.73642032886374,293.69049127421016
3692.897647015108,0.0030048871169013895,-7.080934628202065,184.84332138392756,293.58086597432214
3693.423840468285,0.0030422804017669314,-7.079343655980684,185.2110713629018,293.2045158090289
3693.950033921462,0.0030800786610970525,-7.07773290111015,185.57942335163364,292.8287548471084
3694.1031532952975,0.003091148897227261,-7.077260433921551,185.68672574653567,292.71952234946855
3694.256272669133,0.0031022495388094177,-7.076786270028787,185.79407983202972,292.6103406557944
3694.7824661223103,0.0031406166408337838,-7.07514380603882,186.16339750980896,292.2355287788262
3695.308659575487,0.0031792954097941443,-7.073481071532395,186.5333340925418,291.86132775155716
3695.461778949323,0.0031906038293336284,-7.072993393961986,186.6411007813381,291.7525532910156
3695.6148983231587,0.0032019343985561152,-7.072503983907923,186.7489205987439,291.64383149542374
3696.141091776336,0.0032410274868134668,-7.070808870948009,187.11984974824756,291.2706143302951
3696.667285229513,0.0032803308777697012,-7.069093132131031,187.49141484772773,290.8980303039957
3696.8204046033484,0.0032918016487914407,-7.068589971505588,187.59965863178445,290.7897306009565
3696.973523977184,0.003303285760586892,-7.068085054243828,187.7079569889145,290.6814854732985
3697.499717430361,0.0033428385498046297,-7.066336485272979,188.08054165380437,290.30992101100156
3698.025910883538,0.0033824957807111313,-7.064567076405115,188.45377931500406,289.93901249984424
3698.179030257374,0.003394049520299089,-7.064048265878673,188.5625130030071,289.8312046729458
3698.3321496312096,0.003405607624086535,-7.063527686694903,188.6713027022304,289.7234533707769
3698.858343084387,0.0034453461587492977,-7.061725223146197,189.04558680945235,289.3536008530013
3699.3845365375637,0.0034850839080948627,-7.05990184964732,189.4205408087915,288.98442749371577
3699.5376559113993,0.003496641488337507,-7.059367330496763,189.52977710275937,288.87712896387325
3699.690775285235,0.0035081947127995478,-7.058831042732917,189.6390708270164,288.7698889360254
3700.216968738412,0.003547850566803748,-7.056974615888952,190.0150977960459,288.40180852103464
3700.743162191589,0.003587405433347573,-7.055097348963692,190.39181125411858,288.0344307363733
3700.896281565425,0.0035988913328360277,-7.054547167812308,190.50156263773766,287.92765912874466
3701.0494009392605,0.0036103646976884366,-7.053995229592622,190.61137283943577,287.8209480173365
3701.575594392438,0.0036496846283378126,-7.052085125889648,190.98918520557723,287.45470044435683
3702.1017878456146,0.0036888109322372156,-7.050154383239145,191.36770021970656,287.089179110526
3702.2549072194506,0.003700155212589639,-7.0495886857211,191.47797885339648,286.9829521585502
3702.408026593286,0.0037114795324204096,-7.049021253309728,191.58831765042396,286.87678770344667
3702.9342200464635,0.003750231919142891,-7.047058089359818,191.96795671517032,286.5124339680034
3703.4604134996403,0.003788708538272617,-7.045074606711264,192.34831402269091,286.1488300966989
3703.613532873476,0.0037998490130415484,-7.044493628500788,192.45913164823435,286.04316555102093
3703.7666522473114,0.0038109631298074527,-7.043910946993111,192.57001072983073,285.9375654994814
3704.2928457004887,0.003848946124367629,-7.041895634847646,192.95151624734578,285.57516654895124
3704.8190391536655,0.003886584879049032,-7.039860426867488,193.3337549286897,285.21354099359513
3704.9721585275015,0.0038974695025624164,-7.03926448147001,193.44512278617182,285.10845653883814
3705.125277901337,0.003908322614031806,-7.038666872234159,193.5565533314346,285.003438563381
3705.6514713545143,0.0039453713675351824,-7.036600573625314,193.93996324101215,284.64305502369973
3706.177664807691,0.00398202260938444,-7.034514884788939,194.3241204723955,284.2834682211317
3706.3307841815267,0.003992610713084413,-7.033904348734726,194.43604923219522,284.17898140374973
3706.4839035553623,0.00400316343929397,-7.033292194426851,194.5480418438742,284.07456303140185
3707.0100970085396,0.004039152445851093,-7.031176268346793,194.93339205643514,283.71625497496336
3707.5362904617164,0.0040747059512812695,-7.029041519666014,195.31950291816952,283.3587667308265
3707.6894098355524,0.004084968343406192,-7.028416816957651,195.43200262929724,283.2548949000128
3707.842529209388,0.004095192804460758,-7.0277905459466625,195.5445672839753,283.1510934547375
3708.3687226625652,0.004130036337721869,-7.0256264950147855,195.93189152489785,282.7949202142467
3708.894916115742,0.004164422188406841,-7.023444230058602,196.31998886590222,282.43958953523475
3709.048035489578,0.0041743415277439785,-7.022805816364735,196.43306892063467,282.33634979761183
3709.2011548634136,0.004184221739721767,-7.022165886869681,196.54621493519443,282.23318235660275
3709.727348316591,0.0042178753121643086,-7.019955302301914,196.93554464306422,281.87920238727816
3710.2535417697677,0.004251065094549925,-7.01772713146629,197.3256590012945,281.52608736294314
3710.4066611436033,0.004260636113156427,-7.017075477792659,197.4393281160944,281.4234965519268
3710.559780517439,0.0042701681367773225,-7.016422361530893,197.55306413046438,281.32097991667854
3711.085973970616,0.004302628183769218,-7.014166866934404,197.94442841170797,280.9692507100319
3711.612167423793,0.004334633336942312,-7.011894411754766,198.33658799001915,280.6184084470524
3711.765286797629,0.004343862098017337,-7.01122998843756,198.45085420243407,280.51648310758185
3711.9184061714645,0.0043530532078772475,-7.0105641547317425,198.56518817821723,280.41463379034235
3712.444599624642,0.004384353796970876,-7.008265352601838,198.95861381531853,280.06521184066503
3712.9707930778186,0.004415222269850182,-7.005950193995227,199.35284450903129,279.7166984492228
3713.123912451654,0.004424125302233874,-7.005273455971599,199.46771518922185,279.615454837473
3713.2770318254898,0.004432993188695497,-7.004595357142037,199.58265442276743,279.51428906259827
3713.803225278667,0.004463203943155444,-7.002254779445593,199.97816593067478,279.1672298840114
3714.329418731844,0.004493018980684494,-6.9998984091597585,200.37449140132594,278.821100513984
3714.48253810568,0.0045016230558588485,-6.999209781937264,200.48997327670062,278.72055461148176
3714.6356574795154,0.0045101956270160535,-6.998519839310624,200.60552442515382,278.620088331175
3715.1618509326927,0.004539421076682762,-6.9961388995931175,201.00314415143822,278.27544652413275
3715.6880443858695,0.00456830020767287,-6.993742672750636,201.4015859430822,277.9317554508951
3715.8411637597055,0.004576641899712337,-6.993042538707339,201.51768513510828,277.83192299312446
3715.994283133541,0.0045849567682523015,-6.992341128991347,201.63385425452992,277.7321719176757
3716.5204765867184,0.004613333835846378,-6.9899210763264445,202.03360252018174,277.390001285335
3717.046670039895,0.0046414254550366674,-6.9874861669348896,202.43418021472328,277.0488020451441
3717.1997894137307,0.00464955002464077,-6.986774852734456,202.55090228673782,276.9496985644617
3717.3529087875663,0.004657653381369205,-6.986062295596583,202.667694881046,276.85067820672253
3717.8791022407436,0.00468534778863869,-6.983604173198724,203.06959015692675,276.51103191946345
3718.4052956939204,0.004712828429973428,-6.981131534426183,203.47232156271468,276.17237749174967
3718.5584150677564,0.004720789276078692,-6.98040929970518,203.58967157696085,276.07401837370713
3718.711534441592,0.004728735438493949,-6.9796858465361,203.70709265591626,275.9757441068879
3719.2377278947693,0.004755940888992811,-6.977190453487852,204.11115176902746,275.63867491210334
3719.763921347946,0.004783015123761092,-6.9746807796320835,204.51605313768667,275.3026179466614
3719.9170407217816,0.004790873809022625,-6.9739478059246505,204.63403572034062,275.2050184994037
3720.070160095617,0.004798725240009206,-6.973213628769298,204.75208986543137,275.1075056279649
3720.5963535487945,0.004825663161212902,-6.970681481992098,205.15832823179085,274.77306610516484
3721.1225470019713,0.0048525624633422365,-6.968135170817665,205.56541450078157,274.43965919510833
3721.2756663758073,0.004860388148279239,-6.967391550730818,205.68403391429294,274.34283473216493
3721.428785749643,0.004868214789680675,-6.96664673155558,205.80272535183414,274.2460985761113
3721.95497920282,0.004895131260107621,-6.964078029912427,206.21115723324905,273.9143414379916
3722.481172655997,0.0049221102876418656,-6.961495148540179,206.6204422905728,273.5836374380776
3722.634292029833,0.0049299786337814976,-6.960740876212203,206.73970251205301,273.48760337416076
3722.7874114036686,0.004937856848733724,-6.9599853975205175,206.85903519214426,273.3916593662379
3723.313604856846,0.004965019588402202,-6.957379990684434,207.26967397155062,273.06263780314544
3723.8397983100226,0.004992354242037485,-6.954760245762558,207.68117093673538,272.7346901901621
3723.992917683858,0.0050003470663009105,-6.953995208347007,207.8010757406787,272.63946214897845
3724.146037057694,0.005008359353590053,-6.953228944717099,207.9210534203374,272.54432594381154
3724.672230510871,0.005036057077769645,-6.950586304306607,208.33391189046006,272.2180940088852
3725.198423964048,0.005064043815532186,-6.94792901349645,208.74763340751034,271.89295728244343
3725.351543337884,0.00507224877854329,-6.947152982933429,208.8681864517872,271.79855121626593
3725.5046627117194,0.005080483385753348,-6.946375692851625,208.98881278125342,271.70423881125106
3726.0308561648967,0.005109023554878439,-6.943694884988959,209.40390344343407,271.38085184594877
3726.5570496180735,0.005137975564066612,-6.940998951122369,209.81986198250348,271.05858196925186
3726.710168991909,0.0051464847313187215,-6.940211577037944,209.941066896562,270.9650142899738
3726.8632883657447,0.005155034100095816,-6.939422896020422,210.06234550763025,270.87154215754055
3727.389481818922,0.005184736945134123,-6.93670255970129,210.47968087598866,270.55105725507025
3727.9156752720987,0.005214977916357908,-6.933966452360315,210.89788903747774,270.2317121312372
3728.0687946459348,0.005223886035925316,-6.933167257328225,211.01974951063286,270.13899985122845
3728.2219140197703,0.005232845144002239,-6.932366693435732,211.14168410479374,270.0463850806563
3728.7481074729476,0.005264038644336115,-6.929605026893131,211.56127700756815,269.7288615802505
3729.2743009261244,0.005295898549484403,-6.926826771205942,211.98174782026518,269.412501556612
3729.42742029996,0.005305301927437595,-6.926015147883717,212.10426768770768,269.3206624372179
3729.5805396737956,0.005314767164278338,-6.92520207903994,212.2268621217806,269.22892288388994
3730.106733126973,0.0053477829637416895,-6.922396831833129,212.64872599245308,268.91442288923866
3730.6329265801496,0.005381593047970506,-6.91957400295506,213.0714731990241,268.60111128361524
3730.7860459539856,0.00539158780798822,-6.918749212997104,213.19465652369587,268.510163989639
3730.9391653278212,0.005401655094325464,-6.917922886182335,213.31791489110293,268.4193184300605
3731.4653587809985,0.00543682067994607,-6.9150713589189445,213.74206404273065,268.10790734574533
3731.9915522341753,0.00547290381463779,-6.91220108635046,214.16710236510866,267.79771098717237
3732.1446716080113,0.00548358280035577,-6.911362262665621,214.2909535130157,267.7076752447552
3732.297790981847,0.005494344417432279,-6.9105217966434695,214.41488021814098,267.6177435345582
3732.823984435024,0.005531972135042941,-6.907620854126312,214.84133009096652,267.3094906091855
3733.350177888201,0.005570632342697495,-6.904699840505733,215.26867546425342,267.0024803794223
3733.5032972620365,0.005582082286469927,-6.90384599374796,215.39319916968617,266.9133771329647
3733.656416635872,0.0055936241313432195,-6.90299038598093,215.51779899174304,266.8243803634345
3734.1826100890494,0.005634002435661066,-6.900036483994597,215.9465663617879,266.5193592237725
3734.708803542226,0.00567551669030734,-6.8970610363440645,216.37623612491117,266.215610584067
3734.861922916062,0.005687815835399578,-6.8961910648008935,216.50143754235356,266.12746214784113
3735.015042289898,0.005700215006574511,-6.895319201717571,216.62671568562658,266.0394227966832
3735.541235743075,0.005743599546641036,-6.892308425212305,217.0578188242053,265.7377119586988
3736.067429196252,0.005788207439881951,-6.889274498185866,217.4898318579345,265.43730544807966
3736.2205485700874,0.005801422179839805,-6.888387201421756,217.61571659797423,265.35013564849834
3736.373667943923,0.005814743468824728,-6.887497872580612,217.74167872572986,265.2630777207395
3736.8998613971003,0.005861343894924476,-6.8844259887484025,218.17513750014848,264.96476106244444
3737.426054850277,0.005909233562877531,-6.881329244881748,218.60951430173725,264.66778275039957
3737.579174224113,0.00592341434643132,-6.880423342684301,218.73608844760614,264.5816170534742
3737.7322935979487,0.00593770621483404,-6.879515260328135,218.86274069621194,264.4955662068381
3738.258487051126,0.005987673432622579,-6.876377790303086,219.29857659912017,264.2007333820395
3738.7846805043027,0.0060389707358202835,-6.87321367791404,219.7353392808014,263.9072752534452
3738.937799878139,0.0060541493278291085,-6.87228783398187,219.8626093819224,263.822140870945
3739.0909192519744,0.0060694413007619215,-6.871359657140812,219.98995835164652,263.7371245192667
3739.6171127051516,0.0061228593773210195,-6.8681519616294135,220.42819444806815,263.44587129114683
3740.1433061583284,0.006177620380183102,-6.864915804556328,220.86736665044668,263.1560315443414
3740.296425532164,0.006193807637317901,-6.863968653340806,220.9953396908086,263.07195751353896
3740.4495449059996,0.006210108031450571,-6.863019015028728,221.12339241127125,262.98800490325635
3740.975738359177,0.006266985517570019,-6.859736390586584,221.56405319739022,262.7004333816902
3741.5019318123536,0.0063251863482844855,-6.856423489415973,222.00565991276181,262.4143166241463
3741.6550511861897,0.006342368972147162,-6.855453666618245,222.13434325272613,262.331333856545
3741.8081705600252,0.006359661573166913,-6.8544812048173664,222.26310712160924,262.2484761115791
3742.3343640132025,0.006419920000428419,-6.851118994347006,222.70621829012555,261.9646948769052
3742.8605574663793,0.006481446603574379,-6.847724742633791,223.15028558999063,261.68241219938596
3743.013676840215,0.00649958465518376,-6.846730920004336,223.27968687977275,261.60055349252303
3743.1667962140505,0.006517826503541597,-6.84573431281312,223.40916957304054,261.5188236215692
3743.6929896672277,0.00658129522579502,-6.84228802840302,223.85475767958835,261.23894771424784
3744.2191831204045,0.006645941569788061,-6.83880803733836,224.30131234263766,260.9606166244325
3744.3723024942406,0.006664968499305639,-6.837788959044096,224.43143940690632,260.8799166318158
3744.525421868076,0.006684090079479991,-6.836766961046358,224.56164876024735,260.7993494934185
3745.0516153212534,0.006750507722071834,-6.833232408471473,225.00974079224446,260.5235002566621
3745.57780877443,0.006817977367109701,-6.829662630589476,225.45880983751104,260.2492444635689
3745.7309281482662,0.006837800282248065,-6.828617149053655,225.58967053303144,260.169739620947
3745.884047522102,0.006857705684533363,-6.827568627130874,225.7206143966316,260.09037184478416
3746.410240975279,0.00692671929599907,-6.823942029070295,226.17123725277634,259.8186766158448
3746.936434428456,0.006996622991567095,-6.820278882320965,226.62284738674688,259.54862566099763
3747.0895538022914,0.0070171217832539325,-6.819205994605675,226.7544494355639,259.4703540675627
3747.242673176127,0.007037687873227577,-6.818129964426032,226.8861355046647,259.3922239304142
3747.7688666293043,0.007108851451778548,-6.814408086677508,227.33931539287525,259.12481557378334
3748.295060082481,0.007180709233669724,-6.8106485804772126,227.79349237795907,258.8591043009457
3748.448179456317,0.007201738125870164,-6.80954746466305,227.92584317830858,258.7821055529926
3748.6012988301527,0.007222816490956616,-6.808443126790855,228.05827880184432,258.7052528070173
3749.12749228333,0.007295600735640208,-6.8046233993604215,228.5140405650167,258.4422690832932
3749.6536857365068,0.007368855160112224,-6.800765249634172,228.97080852200324,258.1810369452291
3749.8068051103423,0.007390246978390952,-6.799635296898094,229.1039149414149,258.10535192302694
3749.959924484178,0.007411668280537805,-6.798502068242612,229.23710691352292,258.02981757763376
3750.486117937355,0.007485475368509207,-6.794582688259856,229.6954733021649,257.77140035669726
3751.012311390532,0.0075595047357656,-6.790624412989653,230.1548539686711,257.51479057263833
3751.165430764368,0.00758107422410244,-6.789465254142534,230.28872212602164,257.4404611851635
3751.3185501382036,0.007602651288999723,-6.788302793997515,230.42267646725742,257.36628724727734
3751.844743591381,0.007676823573758493,-6.784282812143741,230.88366738230008,257.1125815823088
3752.3709370445576,0.007750949486352441,-6.780223813519679,231.34567934935677,256.8607401611861
3752.5240564183932,0.007772495636473171,-6.779035342194462,231.48031439193502,256.78780905253024
3752.677175792229,0.007794026007571162,-6.777843575023912,231.6150361261055,256.7150382288512
3753.203369245406,0.00786785774492293,-6.773722970317843,232.07866785106702,256.46619130181165
3753.729562698583,0.007941362030544389,-6.769563601986418,232.5433257964927,256.2192659413925
3753.882682072419,0.007962674100488837,-6.768345992398956,232.6787316776391,256.14777616212683
3754.0358014462545,0.00798394642595586,-6.767125124663706,232.8142246099734,256.0764515269953
3754.5619948994317,0.008056708166186685,-6.762904854164515,233.28050905410836,255.83261148199753
3755.0881883526085,0.00812885909691373,-6.758646457615948,233.74782299769748,255.59075036755493
3755.2413077264446,0.008149724216044887,-6.7574001725144415,233.88400226300098,255.52074501945978
3755.39442710028,0.008170525747433557,-6.756150699498333,234.0202687678696,255.4509096572981
3755.9206205534574,0.00824148804945272,-6.75183271335438,234.48921274992404,255.21222435657376
3756.446814006634,0.008311560094794881,-6.747477621535295,234.95918736065627,254.97557489713594
3756.59993338047,0.008331768121732214,-6.7462034114024245,235.09614095130985,254.90709676249844
3756.7530527543054,0.008351889264987903,-6.744926115669786,235.2331817779329,254.83879339594733
3757.2792462074826,0.008420336746508472,-6.740513347074962,235.70478637742505,254.6054091343829
3757.8054396606594,0.008487624952496725,-6.736064866865067,236.1774203560409,254.37411666831505
3757.9585590344955,0.008506973245397526,-6.734763763389044,236.31514743541283,254.30720783209483
3758.111678408331,0.008526212715782798,-6.7334597074714795,236.4529615373622,254.24047844385998
3758.6378718615083,0.008591465593508776,-6.728956040682508,236.92722153190076,254.01253864837688
3759.164065314685,0.008655312319110655,-6.724418408210492,237.402507086772,253.78674514587365
3759.3171846885207,0.008673614354746517,-6.723091708504225,237.54100489560957,253.72144661962514
3759.4703040623563,0.0086917879826524,-6.72176221782437,237.67958928966354,253.656332077449
3759.9964975155335,0.008753232935932843,-6.717172418858617,238.1564926990853,253.4339760288716
3760.5226909687103,0.008813057189272697,-6.712550714361561,238.63441513818432,253.21381883653427
3760.6758103425464,0.00883015035055151,-6.711199953327499,238.77367888535633,253.15017019851794
3760.828929716382,0.00884709845974084,-6.709846587425537,238.91302854661225,253.08670989805094
3761.355123169559,0.00890420950545905,-6.7051761975148505,239.3925563069113,252.87007152757585
3761.881316622736,0.0089595213867289,-6.700476229500075,239.87309376597406,252.65568220574002
3762.034435996572,0.008975270052952651,-6.699103144862049,240.013116559739,252.59372127103234
3762.1875553704076,0.008990860252326292,-6.697727661939378,240.15322435754393,252.53195280988587
3762.713748823585,0.009043207758441937,-6.692982872788558,240.63535013635183,252.32115961023433
3763.2399422767617,0.009093619319925791,-6.688211048063418,241.11847344951875,252.11266289529797
3763.3930616505972,0.009107918889544897,-6.686817541424529,241.2592462702295,252.05242542396147
3763.546181024433,0.009122050473281086,-6.685421858746238,241.40010294555267,251.99238431466372
3764.07237447761,0.009169319379794347,-6.680609370524389,241.884793100064,251.7875563916977
3764.598567930787,0.009214565714115656,-6.675772541845511,242.37046581346902,251.58506931140892
3764.751687304623,0.009227348916390536,-6.674360632195863,242.51197752805433,251.5265887638957
3764.9048066784585,0.009239959068627825,-6.6729467786923955,242.65357171272316,251.46830819539127
3765.4310001316358,0.009281968120733192,-6.668073630118065,243.14078539232247,251.2695574974703
3765.9571935848126,0.009321921030913657,-6.663178917619747,243.628963922933,251.07318868038462
3766.110312958648,0.00933316042186767,-6.66175068816695,243.77120134160913,251.0164960324369
3766.2634323324837,0.009344226033599943,-6.660320750933201,243.91351961965069,250.96000669223838
3766.789625785661,0.009380928222850993,-6.655394134672627,244.40320901158472,250.76743645576286
3767.315819238838,0.009415590002700161,-6.650448742785382,244.89384294465074,250.5772856651617
3767.468938612674,0.009425295341497835,-6.649006288467181,245.0367909167801,250.52240928887915
3767.6220579865094,0.009434830279487815,-6.647562360640692,245.1798179242943,250.46773925158323
3768.1482514396866,0.009466304524846382,-6.6425894472991125,245.67192862627465,250.28144367437596
3768.6744448928634,0.00949580278773492,-6.637600492290196,246.16496113085225,250.09760156883019
3768.8275642666995,0.009504020404078205,-6.63614587001881,246.3086026734311,250.04456717930833
3768.980683640535,0.009512075130725866,-6.634690001111668,246.452321230363,249.991741860625
3769.5068770937123,0.009538526596775801,-6.629677768449615,246.94679272746,249.81180600059346
3770.033070546889,0.009563114687150714,-6.624652107447335,247.4421610684692,249.63435412133603
3770.1861899207247,0.009569927163348353,-6.623187286313369,247.58647752134237,249.5831847898352
3770.3393092945603,0.009576588089217974,-6.621721432534219,247.73086878935447,249.53222696735858
3770.8655027477375,0.009598341886089651,-6.616676496214612,248.22763501586834,249.3587268723947
3771.3916962009143,0.009618385044975567,-6.611620563252757,248.7252711430313,249.18773786266618
3771.5448155747504,0.00962390554552134,-6.61014737837877,248.8702423448092,249.13845409701295
3771.697934948586,0.00962928872253422,-6.6086733573738,249.01528600502542,249.08938399785416
3772.224128401763,0.009646764126552174,-6.603601823941923,249.5142759676598,248.92238706080198
3772.75032185494,0.009662710988453274,-6.598521497221282,250.01410715395954,248.75792509937065
3772.9034412287756,0.009667075137388242,-6.597041614023798,250.15971162995248,248.71054498395884
3773.056560602611,0.009671318407529125,-6.5955610703220575,250.30538607164837,248.66338043067725
3773.5827540557884,0.009685005314962603,-6.590468426906193,250.8065245020014,248.50294593377723
3774.1089475089652,0.009697369385144435,-6.585368929563386,251.3084739994659,248.34506734206832
3774.2620668828013,0.00970073076378421,-6.583883816577012,251.45468915256922,248.2996067255807
3774.415186256637,0.009703989443045884,-6.582398195125491,251.60097166395357,248.2543633287384
3774.941379709814,0.009714434165208749,-6.577289223160269,252.1041796722282,248.1005431409817
3775.467573162991,0.009723777884341167,-6.572175044920914,252.6081673604212,247.94929713280044
3775.620692536827,0.009726302561582537,-6.5706859526199635,252.75496965841754,247.9057698556749
3775.7738119106625,0.009728743517700804,-6.5691964785004355,252.90183661316243,247.862461245244
3776.30000536384,0.009736523392977887,-6.564075192010638,253.40703232224757,247.71530064624977
3776.8261988170166,0.00974342564207629,-6.558950042701973,253.9129753288788,247.57073019020095
3776.979318190852,0.00974528151407543,-6.5574579933698605,254.06034048198757,247.52914834173353
3777.1324375646877,0.009747072216742876,-6.555965663270865,254.20776751523744,247.48778642649944
3777.658631017865,0.009752757930591096,-6.550835292689266,254.7148666523968,247.34732501205153
3778.184824471042,0.00975777999177015,-6.545702104927101,255.22267992210033,247.20946775144944
3778.337943844878,0.00975912825932481,-6.544207896707724,255.37058304371277,247.16984193877903
3778.4910632187134,0.009760428892777537,-6.542713484213068,255.51854521058135,247.1304371755749
3779.0172566718907,0.009764562648574587,-6.537576502502958,256.02746163416276,246.99670978186356
3779.5434501250675,0.009768232341271737,-6.5324374677310875,256.53705842643774,246.86559895326593
3779.696569498903,0.009769223599324523,-6.530941686528585,256.685474172435,246.8279385668041
3779.8496888727386,0.00977018323949336,-6.529445754670726,256.8339460847976,246.79050022494073
3780.375882325916,0.009773264751801942,-6.5243039248484065,257.34459223483077,246.6635378283569
3780.9020757790927,0.00977605824322837,-6.51916054933183,257.8558845440299,246.5392031438301
3781.0551951529287,0.009776825869475762,-6.517663587011127,258.00478722916955,246.5035166100045
3781.2083145267643,0.00977757527710665,-6.516166507520591,258.1537431693877,246.46805302188133
3781.7345079799416,0.00978003168236582,-6.511020958593301,258.66603043779213,246.34788358178028
3782.2607014331184,0.009782338568067366,-6.505874156459746,259.1789293305931,246.230352035903
3782.413820806954,0.009782988295993162,-6.504376241498361,259.32829302040886,246.19664704392875
3782.5669401807895,0.00978362973853289,-6.502878226967916,259.4777070303614,246.16316582771054
3783.0931336339668,0.009785785338767203,-6.497729575593729,259.9915460445998,246.04981501665986
3783.6193270871436,0.009787887891576494,-6.492579803913408,260.5059619092668,245.93911155676213
3783.7724464609796,0.0097884939691662,-6.491081042512203,260.6557604861714,245.90739524131226
3783.925565834815,0.009789098155386172,-6.4895821880549,260.80560643053826,245.87590347790044
3784.4517592879924,0.00979116928304504,-6.484430683848225,261.32090724996283,245.76939524473863
3784.9779527411692,0.009793241826934826,-6.479278089455124,261.83674996152104,245.6655432629269
3785.1310721150053,0.009793846957308738,-6.477778508206865,261.98695716731015,245.6358223337483
3785.284191488841,0.009794452824630496,-6.47627883421558,262.13720877367655,245.60632669025728
3785.810384942018,0.00979654342456315,-6.471124507505549,262.65388100982807,245.50668363754292
3786.336578395195,0.009798640267161547,-6.46596907909309,263.17106002466585,245.40970527332212
3786.4896977690305,0.009799250296260461,-6.464468670633512,263.3216494834897,245.38198608882658
3786.642817142866,0.009799859063397243,-6.462968169239953,263.4722803633274,245.35449288537552
3787.1690105960433,0.00980193670940487,-6.457810998948234,263.9902332372897,245.26173644498144
3787.69520404922,0.009803969003846747,-6.45265274734463,264.50865762877373,245.17165267194096
3787.848323423056,0.009804547536606355,-6.451151525076475,264.65960285362564,245.1459412467255
3788.0014427968918,0.009805118262234678,-6.449650215563484,264.81058650713726,245.12045645577186
3788.527636250069,0.009807008523484814,-6.4444903227967725,265.32972885424186,245.03460682193153
3789.053829703246,0.009808752649480992,-6.439329473834669,265.84930730130594,244.9514372804913
3789.2069490770814,0.009809225951606668,-6.437827526858078,266.00058168812353,244.92773921780415
3789.360068450917,0.009809681120404706,-6.436325509864574,266.1518914973664,244.90426838838223
3789.886261904094,0.009811090283312106,-6.431163336464378,266.67213173742607,244.82534419587108
3790.412455357271,0.009812210486200793,-6.426000497596315,267.1927724882653,244.7491067806987
3790.565574731107,0.009812473014986348,-6.424498036957561,267.3443493046943,244.7274271361691
3790.7186941049426,0.009812703435773187,-6.4229955399759495,267.49595852218863,244.70597525050502
3791.24488755812,0.009813227171732998,-6.417832000921451,268.0172046204022,244.63399302958572
3791.7710810112967,0.00981327301321234,-6.412668312012986,268.5388154554833,244.56470326400517
3791.9242003851327,0.009813184837678861,-6.411165715128726,268.690667830889,244.54504634856664
3792.0773197589683,0.009813046762338488,-6.409663137237499,268.8425495700705,244.52561761810253
3792.6035132121456,0.009812162626349272,-6.404499777958434,269.3647090082432,244.46059103957376
3793.1297066653224,0.0098105731158079,-6.399337069487668,269.8871972196567,244.39826123657457
3793.282826039158,0.009809964790766082,-6.397834925468635,270.0392981409984,244.38063035646326
3793.4359454129935,0.009809286439182488,-6.39633288175723,270.1914253730878,244.3632279550211
3793.962138866171,0.009806389646355955,-6.391172019975867,270.71440514754784,244.3051668623026
3794.4883323193476,0.009802543846518597,-6.386012932148557,271.2376775531747,244.24980508685493
3794.6414516931836,0.009801232823594443,-6.384512071073181,271.3899998727084,244.23420223025985
3794.794571067019,0.00979983097204622,-6.383011419550253,271.54234543618213,244.21882797631946
3795.3207645201965,0.00979428869104179,-6.377856218278246,272.06605210514437,244.16773726586746
3795.8469579733733,0.009787548487093182,-6.372704248487819,272.5900151209802,244.11934618280364
3796.000077347209,0.009785348020248833,-6.371205751285938,272.74253158236934,244.10577168045515
3796.1531967210444,0.00978303532895584,-6.369707601483146,272.8950682113972,244.09242569617712
3796.6793901742217,0.009774197794419065,-6.364562093746319,273.41940801103163,244.04830413688532
3797.2055836273985,0.0097639070846541,-6.359421618587948,273.94396779605034,244.0068798180209
3797.3587030012345,0.009760625609875642,-6.357926823837454,274.09665108200085,243.9953319940276
3797.51182237507,0.009757210848701195,-6.356432543462816,274.2493514565521,243.98401235518946
3798.0380158282474,0.009744426959654382,-6.351301652389839,274.7742304920821,243.94685137769633
3798.564209281424,0.00972995542164742,-6.346177932130496,275.2992931691888,243.91238208581024
3798.71732865526,0.009725415561166198,-6.344688432298274,275.4521159714577,243.90285690404326
3798.8704480290958,0.009720724650563605,-6.343199640519721,275.60495278992784,243.89355928753216
3799.396641482273,0.009703427314806267,-6.338089127789854,276.13027730567364,243.86334178741538
3799.92283493545,0.009684261517441018,-6.3329882083909474,276.6557492638454,243.8358068210455
3800.0759543092854,0.009678324965766476,-6.331505812166361,276.8086843772659,243.8282975603655
3800.229073683121,0.00967222433501765,-6.330024338531233,276.9616304531951,243.8210149255042
3800.7552671362982,0.009649989933733715,-6.324940639355693,277.4873071854979,243.79771422440086
3801.281460589475,0.009625752064126612,-6.319869166882495,278.0130954628053,243.77708297475652
3801.434579963311,0.009618315787828999,-6.318395844382256,278.1661159020707,243.77157997420102
3801.5876993371467,0.009610704930209834,-6.316923674712558,278.31914428315326,243.76630231635298
3802.113892790324,0.009583202898714647,-6.31187372757194,278.8450808851371,243.74988137870335
3802.6400862435007,0.009553584070338251,-6.30683880874257,279.3710936151351,243.73611263267722
3802.7932056173363,0.009544562014798273,-6.30537665794703,279.524172748227,243.73260310257797
3802.946324991172,0.00953535712573165,-6.303915903139705,279.67725685120007,243.72931726977885
3803.472518444349,0.009502318336081571,-6.298907056913083,280.2033623663285,243.71972810826463
3803.998711897526,0.009467087255351444,-6.2939161722658765,280.7295092655006,243.712769506741
3804.151831271362,0.009456420838898114,-6.2924673918448235,280.8826209578359,243.71123738060209
3804.3049506451976,0.009445567739212892,-6.291020259048039,281.035734713596,243.7099269304607
3804.831144098375,0.009406844248459913,-6.286060154500282,281.5619200812107,243.70711015529088
3805.3573375515516,0.00936591627178794,-6.281121005992867,282.0881129635014,243.70689781971984
3805.5104569253876,0.00935359351482338,-6.279687843889637,282.24123172904535,243.70732366264414
3805.663576299223,0.0093410856466509,-6.2782565825147865,282.3943497342435,243.7079687792393
3806.1897697524005,0.009296696035765268,-6.273352948404421,282.92052831332654,243.71185338444116
3806.7159632055773,0.00925014542073848,-6.268473240369802,283.44668161555865,243.7183118205557
3806.869082579413,0.009236196883138554,-6.267057929712111,283.5997827695225,243.7206728244258
3807.0222019532484,0.009222068125522353,-6.265644768169962,283.7528804390079,243.72325032346293
3807.5483954064257,0.009172149504337175,-6.260805217858771,284.27896852876347,243.73375378044767
3808.0745888596025,0.009120135882838757,-6.255992485586959,284.80499982364915,243.74679607634295
3808.2277082334385,0.00910461045834705,-6.254597202737722,284.9580596298879,243.75106613465357
3808.380827607274,0.00908891053089829,-6.253204309979518,285.1111133431694,243.75554954485975
3808.9070210604514,0.009033635775019207,-6.24843623846241,285.6370306782441,243.77257812427686
3809.433214513628,0.008976333477974887,-6.243697785599409,286.1628611560261,243.7921063211076
3809.5863338874638,0.008959281856415958,-6.242324638610604,286.31585696444535,243.7982561429227
3809.7394532612993,0.008942061883728342,-6.240954114763314,286.4688442018473,243.804615822273
3810.2656467144766,0.00888161103874605,-6.236264679635875,286.9945144104409,243.82806500338722
3810.7918401676534,0.008819218875323194,-6.231607564101825,287.5200693214561,243.85397051795286
3810.9449595414894,0.008800704690341861,-6.230258586650122,287.67297969380536,243.86196775293723
3811.098078915325,0.008782031830639025,-6.228912455130548,287.82587916085276,243.87017101541235
3811.6242723685023,0.00871667034666936,-6.224308525245256,288.35123018125466,243.89992593735914
3812.150465821679,0.008649515843911219,-6.219739459882289,288.87643923388725,243.93209005659534
3812.3035851955146,0.008629647638349393,-6.218416571377592,289.02924405575493,243.94189945059645
3812.45670456935,0.008609636101512974,-6.2170967345389485,289.1820357932828,243.9519107283719
3812.9828980225275,0.008539800361883718,-6.212584704437982,289.70700023677966,243.98784680939184
3813.5090914757043,0.008468379548682813,-6.2081098384736695,290.2317979336201,244.02614141828965
3813.6622108495403,0.008447311296131953,-6.206814777726123,290.3844785067101,244.03772504798349
3813.815330223376,0.008426118618263269,-6.205522950756272,290.53714398052324,244.04950613596404
3814.341523676553,0.00835237174340112,-6.20110852551265,291.06165941838657,244.09148999055094
3814.86771712973,0.008277271319789115,-6.196733261506012,291.5859853093091,244.13577859495047
3815.020836503566,0.008255176276087186,-6.195467542027478,291.7385244184947,244.14909618280583
3815.1739558774016,0.008232976610624845,-6.194205211960962,291.89104658347435,244.162606560089
3815.700149330579,0.008155921089046954,-6.189893297717441,292.41505574460916,244.21049714444987
3816.2263427837556,0.00807775024353307,-6.1856222230229765,292.93885458981646,244.26063606280582
3816.379462157591,0.00805480702878006,-6.184387119322493,293.0912365441775,244.2756453294188
3816.532581531427,0.008031779841607488,-6.183155533265595,293.24359988247284,244.29084251367405
3817.058774984604,0.007952039927946693,-6.178950204610912,293.76705076317523,244.3444923540655
3817.584968437781,0.007871433528336037,-6.174787062546365,294.29027260986356,244.40033196019579
3817.738087811617,0.00784782868386355,-6.173583600882887,294.44248325881586,244.4169889882767
3817.8912071854525,0.007824160965830862,-6.1723837565846456,294.59467379318653,244.433828900982
3818.4174006386297,0.007742380952821843,-6.168288223125603,295.11751968169307,244.49308535902557
3818.9435940918065,0.007659979815885992,-6.164235885189672,295.6401198560502,244.55447136062477
3819.096713465642,0.007635898015235409,-6.163064837906835,295.7921465809876,244.57273096903367
3819.2498328394777,0.007611773303313819,-6.161897479635711,295.944151863811,244.59116830986991
3819.776026292655,0.007528572128011934,-6.157914086893875,296.46635128283805,244.65587486878587
3820.3022197458317,0.00744497369720987,-6.153974578582396,296.9882903038391,244.72264958289767
3820.4553391196678,0.007420584148288154,-6.152836476598171,297.1401219879781,244.74246569386423
3820.6084584935033,0.007396169613153613,-6.151702109540855,297.2919310689367,244.7624543056051
3821.1346519466806,0.007312106302444737,-6.1478324017138934,297.81344764912814,244.8324518014381
3821.6608453998574,0.007227847326614947,-6.144006978929528,298.3346910797959,244.90445534492338
3821.8139647736934,0.007203302348066455,-6.142902135233937,298.48631806107176,244.92578132176553
3821.967084147529,0.007178748614298049,-6.141801049187475,298.637921438403,244.9472745241154
3822.4932776007063,0.007094328206305835,-6.138045848732957,299.15872373887305,245.02240226282134
3823.019471053883,0.007009892640257738,-6.134335073732469,299.6792419894387,245.09947362415252
3823.1725904277187,0.006985328801118734,-6.1332636046553555,299.83065600016675,245.12226257491895
3823.3257098015542,0.006960770307157508,-6.1321958952554985,299.9820455590089,245.14521346449035
3823.8519032547315,0.006876437267301264,-6.1285553771723436,300.5021068459349,245.225310225242
3824.3780967079083,0.006792239572539443,-6.124959198973792,301.0218749392152,245.30728822267963
3824.5312160817443,0.006767771308641162,-6.123921049496998,301.17306903562667,245.3314932700413
3824.68433545558,0.006743319640247041,-6.122886644448914,301.3242379766883,245.3558549859057
3825.210528908757,0.006659434591679265,-6.1193604346910915,301.84353597242904,245.44075989847917
3825.736722361934,0.006575800580768566,-6.115878298649452,302.362533286028,245.52748399861252
3825.8898417357696,0.006551516270812491,-6.1148732760788205,302.5135017723282,245.55305850618333
3826.042961109605,0.006527257081243532,-6.113871969334902,302.66444453562815,245.57878445074343
3826.5691545627824,0.006444094711606204,-6.110459263970193,303.182961155097,245.66833771147262
3827.095348015959,0.00636127057689463,-6.107090229111433,303.70117115659883,245.7596486793218
3827.248467389795,0.00633723687727617,-6.106118036038141,303.85190950792054,245.78654642862836
3827.401586763631,0.006313234587068145,-6.105149520137,304.0026216957774,245.81359043933247
3827.927780216808,0.006230999568468301,-6.10184919068664,304.52034278243394,245.9076338626205
3828.453973669985,0.006149163494822799,-6.098592027803573,305.03775276702635,246.00337425640092
3828.607093043821,0.006125427167917663,-6.097652289613955,305.1882575535068,246.03154958076644
3828.7602124176565,0.006101726181666623,-6.096716182972711,305.33873585485696,246.059866059501
3829.2864058708337,0.006020552577096055,-6.0935268699951655,305.8556509228198,246.15824348894822
3829.8125993240105,0.005939809597670263,-6.090380156740847,306.37225175986447,246.2582580188289
3829.965718697846,0.005916395694849068,-6.089472449915081,306.5225205739355,246.2876658978522
3830.1188380716817,0.005893018657316083,-6.088568325336161,306.67276269215637,246.31720990087499
3830.645031524859,0.0058129662574706,-6.085488538176007,307.1888646828011,246.41976748301784
3831.1712249780358,0.005733350634273892,-6.082450759150051,307.70465058051354,246.52390323020023
3831.324344351872,0.00571026478117342,-6.0815746399939234,307.85468197011255,246.55449934324926
3831.4774637257074,0.005687215540871422,-6.080702053008342,308.00468655701326,246.58522663021256
3832.0036571788846,0.0056082853007989875,-6.077730262372765,308.5199716183436,246.69181294962277
3832.5298506320614,0.005529780631397556,-6.074799892346517,309.03493991277855,246.7999194536136
3832.682970005897,0.005507015104876222,-6.073954919100482,309.1847333217488,246.83166019696375
3832.8360893797326,0.005484284610661857,-6.073113429210892,309.3344999187594,246.86352724460775
3833.36228283291,0.0054064356408266,-6.070248133869634,309.8489672092173,246.97399334675302
3833.8884762860866,0.005328985925633066,-6.067423697104045,310.3631181771126,247.08592259378895
3834.0415956599227,0.005306521601179844,-6.066609446264898,310.5126738924145,247.11876507135995
3834.1947150337583,0.005284089466956237,-6.0657986329793205,310.6622028785615,247.15172906164304
3834.7209084869355,0.005207241984884023,-6.0630384137522135,311.1758543941164,247.2659283929728
3835.2471019401123,0.005130753353890566,-6.060318536754516,311.6891910893016,247.38153472709016
3835.4002213139484,0.005108560453719459,-6.059534618288541,311.83851019520193,247.4154367192315
3835.553340687784,0.005086395925475925,-6.0587540961647965,311.9878027421116,247.44945550575696
3836.079534140961,0.005010437773604433,-6.056097665902794,312.5006431679644,247.5672437804842
3836.605727594138,0.004934790529385317,-6.0534811225242295,313.0131712826989,247.6863837446854
3836.7588469679736,0.004912833272910029,-6.052727191656107,313.1622556221961,247.72130365752653
3836.911966341809,0.004890900254718716,-6.0519766213797554,313.3113136562781,247.75633571311988
3837.4381597949864,0.004815705916177313,-6.049422856539855,313.82335024245134,247.87757072112436
3837.964353248163,0.004740773153169397,-6.046908589648939,314.335077990805,248.00010285072798
3838.1174726219992,0.004719014518667071,-6.046184351338573,314.48393013300716,248.03599965405385
3838.270591995835,0.00469727593796707,-6.045463443528922,314.63275630337995,248.0720040079289
3838.796785449012,0.004622717759292792,-6.043011392989639,315.14399875831185,248.1965453950301
3839.322978902189,0.00454837153971227,-6.040598518710108,315.6549367752028,248.32232999389353
3839.4760982760245,0.004526774265074769,-6.039903728406952,315.80355998688134,248.35916315560982
3839.62921764986,0.004505192880194909,-6.039212244199379,315.9521576373358,248.39609932765904
3840.1554111030373,0.004431143120098916,-6.036861130641625,316.4626180345553,248.52380836883285
3840.681604556214,0.004357257366971488,-6.034548938433142,316.97277928687384,248.6527072815935
3840.83472393005,0.004335785320070665,-6.033883401791744,317.12117750739395,248.69043670136705
3840.9878433038857,0.00431432537145904,-6.033221152309468,317.2695506516569,248.7282646358363
3841.514036757063,0.004240664934208573,-6.030970367780724,317.77924334718074,248.8590040079087
3842.0402302102398,0.004167128025778903,-6.028758310391787,318.2886430542266,248.99088039583623
3842.1933495840753,0.004145750429714471,-6.028121879002711,318.43682087283725,249.02946634087536
3842.346468957911,0.004124381938077098,-6.027488720467046,318.584974172002,249.06814634278174
3842.872662411088,0.004051014305797045,-6.025337804562141,319.0939157274228,249.2017799122098
3843.398855864265,0.003977739842758186,-6.023225469712489,319.6025712841334,249.3364980532298
3843.551975238101,0.003956433463948273,-6.022618031880321,319.7505339174909,249.37590110286396
3843.7050946119366,0.003935134030052171,-6.022013856089759,319.89847265744817,249.4153937838869
3844.231288065114,0.0038619884338719633,-6.019962461863856,320.4066817613605,249.55178643157723
3844.7574815182907,0.0037889151570081785,-6.017949537344811,320.91461265783033,249.6892115620478
3844.9106008921267,0.003767663935989688,-6.017371008025482,321.0623659261589,249.72939256492396
3845.0637202659623,0.003746418327416115,-6.016795732319879,321.2100959935614,249.76965880202943
3845.5899137191395,0.0036734488819509755,-6.014843592286708,321.7175933774023,249.90867629187514
3846.1161071723163,0.003600541953401779,-6.012929831850021,322.2248211120677,250.04867449174856
3846.269226546152,0.0035793380227721644,-6.012380142542069,322.37237141335294,250.089594535539
3846.4223459199875,0.0035581394669785497,-6.011833699523296,322.519899269537,250.13059544214906
3846.9485393731647,0.003485331811837731,-6.0099805882212864,323.02670761571204,250.27210433340437
3847.4747328263416,0.003412591096310305,-6.008165770219156,323.533255599353,250.41454245782742
3847.6278522001776,0.003391437166925616,-6.007644856066965,323.68060988051417,250.4561628532157
3847.780971574013,0.003370289576253678,-6.007127180375483,323.8279425322299,250.49785976504234
3848.3071650271904,0.0032976662560014122,-6.00537286673977,324.3340863698317,250.64172737853525
3848.833358480367,0.0032251276982072858,-6.003656744718992,324.83997981515455,250.78647304778383
3848.986477854203,0.0032040366158407716,-6.003164530104126,324.98714553868393,250.82875533011398
3849.1395972280384,0.0031829538679923382,-6.002675544088319,325.13429050418256,250.87110980882233
3849.6657906812156,0.003110570033131969,-6.001019743540727,325.63979608815686,251.01720425482245
3850.1919841343924,0.0030382999852550043,-5.999402000956165,326.1450618824177,251.16412590479018
3850.3451035082285,0.0030172930953955047,-5.998938386915707,326.29204698810696,251.20703185281005
3850.498222882064,0.0029962974704756578,-5.998477988272425,326.4390122583334,251.2500057065194
3851.0244163352413,0.0029242369456861463,-5.996920321821105,326.9439074321437,251.3981959680015
3851.550609788418,0.002852330886313996,-5.995400532506811,327.44857399369033,251.54716295276563
3851.703729162254,0.0028314382383390533,-5.994965385288207,327.59538685574057,251.59065462199618
3851.8568485360897,0.002810560807429425,-5.994533435588936,327.742180850918,251.63420994025392
3852.383041989267,0.002738938232895755,-5.993073389619764,328.2464948932582,251.78436600543557
3852.909235442444,0.002667522332337167,-5.991650976605158,328.7505920117091,251.9352487492907
3853.0623548162794,0.0026467826840775913,-5.99124411554226,328.89724139095995,251.97928851999717
3853.215474190115,0.002626063044569204,-5.990840428145444,329.0438729122494,252.02338772342108
3853.741667643292,0.0025550204274079748,-5.989477313743904,329.54763636651796,252.17538076915736
3854.267861096469,0.002484244634890611,-5.988151511301713,330.0511950256752,252.3280509687901
3854.420980470305,0.0024637028784781313,-5.987772698544459,330.1976900168902,252.37260160814466
3854.5740998441406,0.0024431864314720868,-5.987397028709631,330.3441681931799,252.4172075119599
3855.100293297318,0.00237288312146216,-5.986129951114354,330.84741268104915,252.57091013181122
3855.6264867504947,0.002302911380501382,-5.984899779425805,331.35046486754646,252.72524099744035
3855.7796061243303,0.0022826159795281014,-5.984548713528788,331.49681484292125,252.770265731774
3855.932725498166,0.0022623515259044746,-5.984200752376036,331.6431490740019,252.81534161890926
3856.458918951343,0.002192957795998627,-5.983028592615034,332.1459070978742,252.97062807992862
3856.98511240452,0.0021239640146634813,-5.9818928421552355,332.64848560049984,253.12649459973775
3857.138231778356,0.0021039661934203206,-5.9815691538699465,332.7947001507492,253.17195719273263
3857.2913511521915,0.002084005174474276,-5.981248524312296,332.9409000481817,253.21746689254815
3857.8175446053688,0.0020156991105491837,-5.980169926099212,333.4432047863914,253.37421340974603
3858.3437380585456,0.0019478620213234084,-5.979127146704065,333.9453429891692,253.5314926296231
3858.4968574323816,0.0019282136521769065,-5.978830396358365,334.09143186298024,253.5773574645578
3858.649976806217,0.0019086077795551588,-5.97853665082836,334.2375071894364,253.62326543537085
3859.1761702593944,0.001841565128648846,-5.977550016006796,334.73939228715744,253.78135045687117
3859.7023637125712,0.0017750560014266155,-5.976598518220882,335.24112396008377,253.9399217657654
3859.855483086407,0.0017558058112609207,-5.976328197381305,335.38709700334334,253.98615392817422
3860.0086024602424,0.0017366032561019955,-5.976060820051699,335.53305761194565,254.03242533958968
3860.5347959134197,0.0016709848109745181,-5.975164320665018,336.03455697402904,254.19172982586934
3861.0609893665965,0.0016059565516288218,-5.974302193998617,336.53591606880286,254.3514752270084
3861.2141087404325,0.001587147453657749,-5.97405773181586,336.6817831658653,254.39804058166322
3861.367228114268,0.0015683904021237297,-5.973816145338771,336.82763894181494,254.44464139059053
3861.8934215674453,0.0015043354570080925,-5.973007749169036,337.32878653526404,254.60504906752567
3862.419615020622,0.001440917817525227,-5.972232890619034,337.82980699303283,254.76585341770615
3862.5727343944577,0.0014225856364130543,-5.972013662555095,337.97557801186196,254.8127186754634
3862.7258537682933,0.001404308963501793,-5.9717972370058305,338.12133881809274,254.85961569166435
3863.2520472214705,0.0013419296327314633,-5.9710747400478486,338.62216848939835,255.02101326554984
3863.7782406746473,0.0012802213961682879,-5.970384890122638,339.1228840650085,255.18276447300372
3863.9313600484834,0.0012623921193951279,-5.970190229261882,339.26856880744197,255.22989724491669
3864.084479422319,0.0012446204980978784,-5.969998293874111,339.41424443556645,255.2770581834367
3864.610672875496,0.001183990890228217,-5.96935936431169,339.9147897476541,255.43933550753525
3865.136866328673,0.0011240487253287444,-5.968752156787998,340.41523385599305,255.60192467521367
3865.2899857025086,0.0011067353993449527,-5.968581369426041,340.56084201495133,255.64929350945334
3865.443105076344,0.0010894803120179153,-5.968413228628709,340.70644214338085,255.69668702527517
3865.9692985295214,0.0010306277791689896,-5.967855465168989,341.2067362390386,255.8597372006003
3866.4954919826982,0.000972460296653726,-5.967328489292252,341.7069418304328,256.02305869717526
3866.6486113565343,0.0009556619095491291,-5.9671808735502365,341.8524829560196,256.07063309383005
3866.80173073037,0.0009389207648241423,-5.967035825744038,341.9980171171427,256.11822879400813
3867.327924183547,0.0008818243493085024,-5.966556822767383,342.4980926146098,256.281948190347
3867.854117636724,0.0008253916324503231,-5.966107688933826,342.99809208354384,256.44589963903996
3868.00723701056,0.0008090929534969758,-5.965982553889686,343.1435755589778,256.49365004078726
3868.1603563843955,0.0007928488598052869,-5.965859910620148,343.28905311621753,256.5414184723819
3868.686549837573,0.0007374376334335382,-5.965457324527273,343.78894203898756,256.70570666590777
3869.2127432907496,0.0006826484042094083,-5.96508373181353,344.2887671674822,256.8701888492648
3869.365862664585,0.000666818975282798,-5.964980417463407,344.4342021952049,256.91808660741333
3869.5189820384207,0.0006510397175425289,-5.964879523525661,344.5796323303072,256.9659992206747
3870.045175491598,0.0005971894198344656,-5.964551143064505,345.0793660725644,257.1307588453019
3870.571368944775,0.0005438987395555612,-5.964250951043938,345.57904800993435,257.29567552171426
3870.724488318611,0.0005284925601013975,-5.964168849399911,345.72444360844463,257.3436928361655
3870.8776076924464,0.0005131304677907777,-5.964089103962931,345.86983531953877,257.3917219215016
3871.4038011456237,0.000460664880368654,-5.963832922593805,346.36944464890183,257.55685842926795
3871.9299945988005,0.0004086781891709509,-5.9636042222772625,346.8690139288577,257.722116058253
3872.083113972636,0.00039363536100994425,-5.963542797541999,347.0143789403466,257.7702258910679
3872.2362333464716,0.0003786290993403962,-5.963483674072176,347.1597410507453,257.81834448976804
3872.762426799649,0.00032732680771595176,-5.963297956145349,347.6592561472238,257.98376582283373
3873.2886202528257,0.00027640676562839644,-5.963139132579901,348.15874273980495,258.1492732055379
3873.4417396266617,0.0002616553369834408,-5.963097938684324,348.3040858476053,258.1974491706634
3873.5948590004973,0.00024693168307090803,-5.963059002211587,348.4494270242784,258.2456309621462
3874.1210524536746,0.00019653156772638712,-5.962942340390043,348.9488775513367,258.4112471469764
3874.6472459068514,0.00014640302020659792,-5.962852127330623,349.4483109452641,258.5769149929555
3874.8003652806874,0.00013186041151055269,-5.962830823365963,349.5936406998496,258.6251312252041
3874.953484654523,0.00011733571396050553,-5.962811745683918,349.7389694803132,258.67335039382226
3875.4796781077002,6.754251384391025e-05,-5.962763111407922,350.2383846838804,258.83907306724694
3876.005871560877,1.7899385271046334e-05,-5.962740638504504,350.73779399525057,259.00481349662135
3876.1589909347126,3.4747354168199534e-06,-5.962739001737505,350.8831188475825,259.0530445025391
3876.312110308548,-1.0942589792900768e-05,-5.9627395740504054,351.0284436739743,259.1012755866283
3876.8383037617255,-6.044847757588114e-05,-5.962758357780627,351.5278525048173,259.2670174639113
3877.3644972149023,-0.00010993215101505803,-5.962803185340368,352.0272666067969,259.43274345704447
3877.5176165887383,-0.0001243346666622431,-5.962821120206275,352.17259494727944,259.4809639517003
3877.670735962574,-0.00013874083300787802,-5.9628412616265845,352.3179242058071,259.5291816791198
3878.196929415751,-0.0001882925698605491,-5.9629272982756465,352.81735545843446,259.6948559802873
3878.723122868928,-0.0002379530588088696,-5.963039437336549,353.3168031244903,259.860480792927
3878.8762422427635,-0.00025243172655160405,-5.9630769803647485,353.4621433253033,259.90866552799446
3879.029361616599,-0.0002669251686023591,-5.963116742460423,353.60748538883064,259.9568446435209
3879.5555550697763,-0.0003168618331876783,-5.963270324385318,354.1069678494336,260.1223644957133
3880.081748522953,-0.0003670385077033295,-5.963450245802013,354.60647790307223,260.28780105582786
3880.234867896789,-0.00038169195637430573,-5.9635075675588824,354.7518383619564,260.33592464330223
3880.3879872706248,-0.0003963711745641787,-5.963567135960269,354.89720163384465,260.3840397320835
3880.914180723802,-0.00044702972557870285,-5.96378901585768,355.3967642311013,260.54931756145487
3881.440374176979,-0.0004980558666076739,-5.964037648664705,355.89636569614396,260.7144778606331
3881.593493550815,-0.0005129801448071779,-5.964115052339164,356.04175487988925,260.76251459595204
3881.7466129246504,-0.0005279407030813322,-5.9641947448797525,356.18714783732617,260.81053990684666
3882.2728063778277,-0.0005796453174903836,-5.964486125742365,356.68681978969875,260.9754868340378
3882.7989998310045,-0.0006318378243316133,-5.964804841597475,357.18654203422204,261.14028132899057
3882.95211920484,-0.0006471236442272192,-5.96490275746639,357.3319685197592,261.18820501839286
3883.1052385786757,-0.0006624555595824448,-5.965003018245697,357.47739975444875,261.2361142921125
3883.631432031853,-0.0007155100574052093,-5.965365530210964,357.97721070657246,261.4006395485196
3884.1576254850297,-0.0007691638310317176,-5.965756116773145,358.47708357336245,261.56497658924405
3884.3107448588657,-0.0007848952635894383,-5.965875093950388,358.6225560844959,261.61276038584185
3884.4638642327013,-0.0008006817933189381,-5.965996484879334,358.7680343388148,261.6605266921775
3884.9900576858786,-0.0008553659290946249,-5.96643215491485,359.268014481143,261.8245370697727
3885.5162511390554,-0.0009107501722532184,-5.96689678358056,359.7680683998025,261.988322364314
3885.669370512891,-0.0009270034402379887,-5.967037480262962,359.9135958383421,262.0359386152801
3885.8224898867265,-0.0009433197994238319,-5.967180671114319,360.05913003577336,262.08353420166213
3886.348683339904,-0.0009998838952083398,-5.967691887112455,360.55931020365983,262.24693354337643
3886.8748767930806,-0.001057235526860274,-5.968233073965581,361.0595762806298,262.4100696661121
3887.0279961669166,-0.0010740769099577341,-5.968396245386926,361.2051677507832,262.45748977317476
3887.181115540752,-0.0010909881642301024,-5.968562001440848,361.3507670194617,262.50488592686526
3887.7073089939295,-0.0011496463580459386,-5.969151467323877,361.8511787673168,262.66757466664404
3888.2335024471063,-0.0012091648878965868,-5.969772025116057,362.3516888490523,262.8299606206256
3888.3866218209423,-0.001226649699525495,-5.969958509109406,362.4973536736509,262.877154917118
3888.539741194778,-0.0012442099432207307,-5.970147676576761,362.643027361601,262.92432184427224
3889.065934647955,-0.0013051389422267699,-5.970818361624689,363.1437030075553,263.0861966071654
3889.592128101132,-0.0013669869667479908,-5.971521348905603,363.64448971313857,263.2477274485824
3889.7452474749675,-0.0013851598941200132,-5.971732051194943,363.79023744084094,263.2946650947523
3889.898366848803,-0.0014034126168600513,-5.971945542545267,363.93599512215144,263.341571817776
3890.4245603019804,-0.001466752706500152,-5.972700631420418,364.43696776143406,263.502525082685
3890.950753755157,-0.0015310557772063834,-5.973489302793224,364.93806448375466,263.66309160749313
3891.103873128993,-0.0015499504873238408,-5.973725182475314,365.0839048870901,263.70974050378277
3891.256992502829,-0.0015689280222998302,-5.973963961849035,365.22975635890964,263.75635477665054
3891.783185956006,-0.0016347798100756024,-5.974806803463508,365.731059845465,263.9162746009705
3892.309379409183,-0.001701622013235102,-5.975684556432629,366.23250072005595,264.0757630945622
3892.4624987830184,-0.0017212598251335758,-5.975946610042777,366.37844378389894,264.1220898136109
3892.615618156854,-0.0017409820954887513,-5.976211677135096,366.5243990537851,264.1683780561082
3893.1418116100313,-0.0018094034681025045,-5.9771457280214175,367.0260679480474,264.327147867293
3893.668005063208,-0.001878826759451268,-5.9781160453875986,367.5278877871726,264.4854399236313
3893.821124437044,-0.0018992169756297823,-5.9784052901331535,367.673943686967,264.53140966289754
3893.9742438108797,-0.0019196919972676763,-5.978697663483921,367.82001294995024,264.57733691558457
3894.500437264057,-0.0019907009651515565,-5.979726431277599,368.3220824312037,264.73483537416575
3895.0266307172337,-0.0020627086777856483,-5.980792826291764,368.8243166227768,264.8918077857551
3895.1797500910693,-0.0020838495292570145,-5.981110284456183,368.9704956926394,264.93738434044724
3895.332869464905,-0.0021050742680627297,-5.981430985973203,369.116689298221,264.98291423978964
3895.859062918082,-0.0021786505756962,-5.982557977002307,369.61919504288835,265.1390151703302
3896.385256371259,-0.002253206482713684,-5.983723941132183,370.1218794159772,265.2945398845834
3896.538375745095,-0.002275084287775406,-5.984070624716378,370.26819210717275,265.3396856397339
3896.6914951189306,-0.002297043608381013,-5.984420664184464,370.41452051671325,265.38478041237903
3897.217688572108,-0.0023731238647339025,-5.985649328619975,370.9174985435826,265.53935280088297
3897.7438820252846,-0.0024501468759994156,-5.9869182740240205,371.4206692004982,265.693296945087
3897.8970013991207,-0.0024727346998801034,-5.987295167471125,371.5671260300692,265.7379728881986
3898.0501207729562,-0.0024954001914222475,-5.9876755250991645,371.7135997642804,265.78259336610523
3898.5763142261335,-0.0025738756367884976,-5.989009195992929,372.21708624529606,265.9355014314188
3899.1025076793103,-0.0026532400970023916,-5.990384394049171,372.720779358907,266.08772741448894
3899.255627053146,-0.0026764982651096294,-5.99079243645219,372.8673908481814,266.1318931708998
3899.4087464269815,-0.002699828848883214,-5.991204045148729,373.01402042452366,266.17599882927095
3899.9349398801587,-0.0027805477687702627,-5.9926458784083225,373.51805146132085,266.3271021728844
3900.4611333333355,-0.0028620851477566328,-5.994130400769013,374.02230303902286,266.4774678649854
3900.6142527071715,-0.002885961370929763,-5.994570468866276,374.16907964263476,266.5210817556813
3900.767372081007,-0.0029099032264461376,-5.995014197228037,374.3158755033151,266.5646307732915
3901.2935655341844,-0.002992668479481401,-5.996567112598888,374.8204868721321,266.7137846057419
3901.819758987361,-0.003076161756064097,-5.998163770044644,375.3253324889336,266.862143595206
3901.9728783611968,-0.003100588960612091,-5.998636659789671,375.47228451493675,266.9051627174919
3902.1259977350323,-0.003125073223496359,-5.999113293351092,375.61925694601473,266.94811206013213
3902.6521911882096,-0.0032096342456592437,-6.000779907134509,376.12448381192644,267.09516750967737
3903.1783846413864,-0.003294811367065345,-6.002491178467873,376.62995831257336,267.24136944726007
3903.3315040152224,-0.003319706362778421,-6.002997583729254,376.77709583347456,267.2837497819251
3903.484623389058,-0.00334464805489606,-6.003507803486765,376.9242548748787,267.3260553127697
3904.0108168422353,-0.003430699357521097,-6.005290354010866,377.4301314748614,267.47085982960397
3904.537010295412,-0.0035172341692085783,-6.007118311376693,377.936268645416,267.6147508715681
3904.690129669248,-0.003542498200701177,-6.007658802362014,378.0836014005343,267.6564474191658
3904.8432490430837,-0.003567796812002582,-6.008203163259217,378.2309567475276,267.69806403834343
3905.369442496261,-0.003654979571470506,-6.010103437643502,378.7375160453144,267.8404618991844
3905.8956359494377,-0.003742491618724435,-6.012049673659582,379.2443482584821,267.98188525059714
3906.0487553232733,-0.003768009755216508,-6.012624675644641,379.3918855490622,268.0228521968223
3906.201874697109,-0.0037935483868814547,-6.013203585193671,379.53944644662505,268.06373401012536
3906.728068150286,-0.003881445315079411,-6.015222844312191,380.04671976438203,268.20356692364265
3907.254261603463,-0.0039694927823459725,-6.017288393825216,380.5542776031687,268.34236348500247
3907.407380977299,-0.0039951317733899865,-6.017898163637243,380.7020281814175,268.3825543968669
3907.5605003511346,-0.004020775107030045,-6.018511858109979,380.84980331265047,268.4226549156363
3908.086693804312,-0.004108905514825608,-6.0206507527302975,381.3578199427274,268.5597627385053
3908.6128872574886,-0.004196984371353988,-6.022836007431248,381.8661318054464,268.695771867771
3908.766006631324,-0.004222593337482587,-6.023480608624401,382.01410375844034,268.735139924138
3908.91912600516,-0.004248188661443076,-6.024129128352392,382.1621011280179,268.7744122997156
3909.445319458337,-0.004336014336473708,-6.026387616063608,382.6708879293764,268.90863387214273
3909.971512911514,-0.004423566300232016,-6.0286922450575,383.1799796225759,269.0416942652895
3910.12463228535,-0.0044489791500109495,-6.029371525640603,383.3281802533803,269.08019252134665
3910.2777516591855,-0.004474358737784564,-6.0300546930818,383.47640706856055,269.11858981316686
3910.8039451123627,-0.004561290818726912,-6.032431965504856,383.98598805762447,269.2497639070687
3911.3301385655395,-0.004647707451210378,-6.034854845406969,384.49588238776175,269.3797145870006
3911.4832579393756,-0.004672743406678067,-6.035568417834196,384.64431809699056,269.41729626950723
3911.636377313211,-0.004697724812886458,-6.036285817648044,384.7927806494023,269.4547717437153
3912.1625707663884,-0.0047831235724807054,-6.03878023183597,385.3031765959891,269.5827381146227
3912.688764219565,-0.0048677466679141555,-6.041319378217397,385.8138929696714,269.70941952307396
3912.841883593401,-0.00489221096468201,-6.042066599493572,385.96256914014634,269.74603835564426
3912.9950029672364,-0.004916598122739547,-6.042817558809579,386.11127269096494,269.78254581373943
3913.5211964204136,-0.004999780740640376,-6.045426571556212,386.62250072807115,269.9071463558183
3914.0473898735904,-0.005081915955232915,-6.048079078883417,387.1340547701496,270.03040154606003
3914.2005092474265,-0.005105604844418255,-6.048859034586466,387.28297565761596,270.06601210293024
3914.353628621262,-0.005129193367835075,-6.04964260778533,387.4319243292257,270.10150623831515
3914.8798220744393,-0.0052094537789610425,-6.052362730035282,387.94399758876096,270.22258622941354
3915.406015527616,-0.005288390837872906,-6.055124736618475,388.4564007924077,270.34226213791555
3915.5591349014517,-0.005311097126480319,-6.055936232706162,388.6055694267579,270.37682021823593
3915.7122542752873,-0.00533367962892673,-6.056751194036108,388.75476610544814,270.41125699220345
3916.2384477284645,-0.005410303844624063,-6.059577971099022,389.26769339590425,270.5286663970525
3916.7646411816413,-0.005485327572954931,-6.062444646239598,389.7809528203299,270.6446151612308
3916.9177605554773,-0.0055068430838236945,-6.063286206287981,389.930370921666,270.6780781747508
3917.070879929313,-0.005528211480913619,-6.064131047504254,390.07981717556623,270.7114152030786
3917.59707338249,-0.005600485848371038,-6.067059053447824,390.5936027147377,270.82501000813244
3918.123266835667,-0.0056708877856893715,-6.07002459706014,391.10772074181335,270.9370903088739
3918.276386209503,-0.005691007896019901,-6.070894463388902,391.25738865431606,270.96941766765997
3918.4295055833386,-0.005710958481159824,-6.0717673956282665,391.4070846694546,271.0016146125762
3918.955699036516,-0.005778191563630353,-6.0747902466948345,391.92172788196575,271.1112581735477
3919.4818924896927,-0.005843296945798812,-6.077847915578247,392.4367020420009,271.2193365784342
3919.6350118635282,-0.0058618290640706835,-6.078744059695501,392.58661868882166,271.25049008596017
3919.788131237364,-0.005880171075040512,-6.079643025174666,392.73656322662646,271.28150904404447
3920.314324690541,-0.0059417225675748595,-6.082753430093018,393.2520586185232,271.3870734070589
3920.840518143718,-0.006000916017058992,-6.085895602610365,393.7678814980764,271.49102566726685
3920.993637517554,-0.006017685999328672,-6.086815746488853,393.91804436098516,271.52096989014666
3921.1467568913895,-0.006034247535177872,-6.08773844072332,394.06823474088367,271.5507757612605
3921.6729503445667,-0.0060895439618493105,-6.090928282844076,394.58457186277366,271.6521429070589
3922.1991437977435,-0.0061422801732266595,-6.094146547998264,395.1012311035769,271.75185516192823
3922.352263171579,-0.006157134898879795,-6.095088190921681,395.25163622941716,271.78055777242264
3922.5053825454147,-0.006171765525218573,-6.096032090014756,395.402068338328,271.8091185984877
3923.031575998592,-0.006220311502657065,-6.099292524431758,395.9192318411368,271.9061815773611
3923.5577694517688,-0.006266131896964007,-6.1025777863322626,396.4367102316701,272.00155144072045
3923.710888825605,-0.006278945467881745,-6.103538237081,396.58735226573015,272.0289835231093
3923.8640081994404,-0.006291522879926323,-6.104500630882637,396.7380205944708,272.05627078977074
3924.3902016526176,-0.0063329272136306,-6.107822207059847,397.25599037779654,272.14893472024426
3924.9163951057944,-0.00637148812285167,-6.111164821830707,397.77426603775234,272.2398722141968
3925.06951447963,-0.006382169918574103,-6.112141241361439,397.9251382842459,272.2660085231771
3925.2226338534656,-0.006392607759332625,-6.1131192773056595,398.0760359910632,272.2919974118441
3925.748827306643,-0.006426606689366256,-6.116492098287098,398.59478744479776,272.3801802953262
3926.2750207598197,-0.0064576951488479785,-6.119882043547655,399.1138341021459,272.46660858061506
3926.4281401336557,-0.006466192675905223,-6.1208714956779495,399.2649286113719,272.49142773715295
3926.5812595074913,-0.00647444268504586,-6.121862229877211,399.41604761196146,272.5160973132352
3927.1074529606685,-0.006500902429852547,-6.125276129047396,399.93555194696626,272.59973062165193
3927.6336464138453,-0.006524435248907441,-6.128703181097483,400.45533930002944,272.6815864928921
3927.7867657876814,-0.006530733974213545,-6.129702683883338,400.6066469793241,272.70507111085647
3927.939885161517,-0.006536786119304221,-6.130703132548954,400.7579780601959,272.7284044425136
3928.466078614694,-0.0065557073626249735,-6.13414785131492,401.27820271550564,272.80743346616043
3928.992272067871,-0.006571741728824092,-6.137601766787323,401.7986968659124,272.8846676043845
3929.1453914417066,-0.006575869289167007,-6.138608346590556,401.95020761018185,272.9068043457595
3929.298510815542,-0.006579756216811949,-6.139615540719954,402.1017405611569,272.92878855064765
3929.8247042687194,-0.006591290304903034,-6.143080922132068,402.62264967369566,273.0031724927047
3930.350897721896,-0.006600037893073379,-6.14655163958681,403.1438136168588,273.07574945387313
3930.5040170957323,-0.0066020671541044875,-6.147562391077955,403.2955164549162,273.09652900483525
3930.657136469568,-0.006603866655258781,-6.14857343683972,403.4472402169791,273.11715521680816
3931.183329922745,-0.006608317431914169,-6.1520496346454845,403.9687951404593,273.18686700590774
3931.709523375922,-0.006610135990154159,-6.155527481892732,404.49058929896216,273.254764920745
3931.8626427497575,-0.0066101806790315135,-6.156539627282147,404.64247255103976,273.2741818832095
3932.015762123593,-0.006610010718728483,-6.157551764586974,404.79437537472853,273.2934451345757
3932.5419555767703,-0.006607815069176599,-6.161029437817683,405.3165352294918,273.35847095063133
3933.068149029947,-0.0066031898958476476,-6.164505316512216,405.8389180089353,273.4216809464588
3933.221268403783,-0.006601400253026566,-6.165516257459586,405.9909694490771,273.43973365100595
3933.3743877776187,-0.006599415165425785,-6.166526911275626,406.1430390570362,273.45763267713045
3933.900581230796,-0.006591134864255006,-6.169997397334842,406.6657612888194,273.5179712177186
3934.426774683973,-0.006580676098086326,-6.173462953206776,407.18868963485227,273.576496589582
3934.579894057809,-0.0065772387004869376,-6.17447032023129,407.3408966523107,273.59318683655636
3934.7330134316444,-0.006573629006483039,-6.1754771498978895,407.49312040027485,273.60972380897346
3935.2592068848217,-0.006559948426959374,-6.178932633791401,408.01636132948846,273.6653853110955
3935.7854003379985,-0.00654438270712567,-6.182380423079282,408.5397912691576,273.7192404499675
3935.938519711834,-0.006539516252915074,-6.183382123008791,408.6921410240916,273.73457318021747
3936.0916390856696,-0.0065345036055185785,-6.184383068974466,408.8445060556424,273.7497533697818
3936.617832538847,-0.006516204624398456,-6.1878167361899346,409.3682214011268,273.80075839551614
3937.1440259920237,-0.006496341187929237,-6.1912403629982515,409.89210855204703,273.84996749224075
3937.2971453658597,-0.006490285570300005,-6.192234615359154,410.0445881205548,273.8639503957983
3937.4502647396953,-0.006484111764736618,-6.193227933967833,410.19708151062827,273.877781775472
3937.9764581928725,-0.006462038771701765,-6.196634077458142,410.7212268702107,273.9241598057329
3938.5026516460493,-0.006438741994995617,-6.200028284310539,411.24552689999376,273.9687553876184
3938.655771019885,-0.006431752333651361,-6.201013645160606,411.39812340353376,273.98139846837483
3938.8088903937205,-0.006424674063228644,-6.20199793161751,411.55073228586264,273.9938912738446
3939.3350838468978,-0.0063997211239224475,-6.205372026009923,412.0752635586607,274.03567916956735
3939.8612773000746,-0.006373901624425185,-6.208732762339879,412.5999325821792,274.07570051930577
3940.0143966739106,-0.006366245647208417,-6.209708143421808,412.7526332983213,274.08701562745244
3940.167516047746,-0.006358531620852167,-6.210682350444474,412.9053449739686,274.0981818863334
3940.6937095009234,-0.006331627854074276,-6.2140211120559625,413.4302187161541,274.1354222465214
3941.2199029541002,-0.00630421795223,-6.217345583919022,413.95521362397903,274.170913727303
3941.3730223279363,-0.006296166502496154,-6.2183102644427315,414.108006076719,274.18091406657953
3941.526141701772,-0.006288087049949449,-6.219273712576856,414.2608081019836,274.1907671037123
3942.052335154949,-0.006260155004710509,-6.222575120909677,414.785981810131,274.2235065537831
3942.578528608126,-0.006232065060184357,-6.22586179004037,415.3112605222619,274.25451588889047
3942.7316479819615,-0.006223880341446171,-6.2268154120397385,415.4641325501819,274.2632155160471
3942.884767355797,-0.006215696521518228,-6.227767783360139,415.6170128021966,274.2717694534886
3943.4109608089743,-0.006187624540750525,-6.231031048746381,416.1424451189764,274.30005693523134
3943.937154262151,-0.006159730078028476,-6.2342795895445375,416.66796676018754,274.3266335152914
3944.090273635987,-0.006151664603464296,-6.235222144472875,416.8209065618227,274.3340468516108
3944.2433930098227,-0.006143627871574146,-6.236163468987431,416.973853281411,274.34131612197774
3944.769586463,-0.006116272524731321,-6.239388986800688,417.4995041239689,274.36520123555925
3945.295779916177,-0.006089415458076484,-6.242600241505409,418.0252291235517,274.3873944827114
3945.4488992900124,-0.006081710912978319,-6.2435320572809365,418.1782252811562,274.3935358421252
3945.602018663848,-0.006074061126074935,-6.244462699684505,418.331227094263,274.3995347186877
3946.128212117025,-0.006048229363810908,-6.247652000093314,418.8570577103066,274.4190661229745
3946.654405570202,-0.0060231852473516855,-6.250827915224963,419.3829478313988,274.4369239202316
3946.807524944038,-0.006016060557651499,-6.251749634110421,419.53598931453763,274.4418070587739
3946.9606443178736,-0.0060090136897129245,-6.252670269976187,419.6890352336219,274.4465492083536
3947.486837771051,-0.0059854249839666,-6.255825921594149,420.21500818958117,274.46177311557204
3948.0130312242277,-0.005962883824968445,-6.258969436595693,420.7410264923011,274.4753403559186
3948.1661505980637,-0.005956535321528646,-6.259881981383843,420.8941026425587,274.4789780609167
3948.3192699718993,-0.00595028618882616,-6.260793563579963,421.04718204931197,274.482476138058
3948.8454634250766,-0.005929602538511347,-6.263919066375957,421.5732611562574,274.49343495760604
3949.3716568782534,-0.005910219711845241,-6.267034027813007,422.0993719020412,274.5027522389794
3949.524776252089,-0.005904837794908556,-6.267938582436491,422.252472401353,274.5051559573374
3949.6778956259245,-0.0058995763883404615,-6.268842323934362,422.4055750133564,274.5074212354996
3950.204089079102,-0.005882448864966087,-6.271942068687775,422.931725200179,274.5141523223062
3950.7302825322786,-0.005866861231198608,-6.275033206190428,423.4578937065921,274.51925471388375
3950.8834019061146,-0.005862626417701771,-6.2759312095211195,423.6110085316555,274.5204341952263
3951.03652127995,-0.005858529774053877,-6.276828576190204,423.76412435529704,274.5214762114579
3951.5627147331275,-0.0058455313549544766,-6.279907801607251,424.2903114956034,274.5240106558673
3952.0889081863043,-0.0058342377185106,-6.282980635863998,424.81650394599103,274.5249265247774
3952.24202756014,-0.00583127759663305,-6.283873741759543,424.9696233096865,274.52488949067583
3952.3951469339754,-0.00582846472303338,-6.284766406026367,425.12274258019966,274.5247157217561
3952.9213403871527,-0.005819931490069988,-6.287830984152313,425.64893327586117,274.5230773033956
3953.4475338403295,-0.005813149424401958,-6.290891532873317,426.1751164882954,274.51982740410546
3953.6006532141655,-0.005811503995665859,-6.291781510870174,426.3282307699901,274.51857931456567
3953.753772588001,-0.0058100048102428595,-6.292671247681727,426.48134388080433,274.5171949588828
3954.2799660411783,-0.005805961533508689,-6.29572729643651,427.0075052128073,274.5113995276485
3954.806159494355,-0.005803605083285534,-6.298781661444076,427.53364638384664,274.50399659547855
3954.9592788681907,-0.005803230448869875,-6.299670275757477,427.6867460540182,274.50154057250495
3955.1123982420263,-0.005802993720087633,-6.3005588424401155,427.83984348118366,274.498948491739
3955.6385916952036,-0.005803216104608816,-6.30361232943936,428.36594274975283,274.4890039073556
3956.1647851483804,-0.005805007807096812,-6.3066663463382975,428.8920091967771,274.4774527964253
3956.3179045222164,-0.00580581729029244,-6.307555266287392,429.04508474291214,274.47378969796125
3956.471023896052,-0.005806754729017061,-6.30844431913761,429.19815697147135,274.46999050418725
3956.9972173492292,-0.005810936657461665,-6.311500831854329,429.72416144762667,274.45589702270325
3957.523410802406,-0.005816574877283136,-6.314559928219905,430.25012036827627,274.4401951920323
3957.676530176242,-0.0058184831769256635,-6.315450703502688,430.403162226498,274.4353237654668
3957.8296495500776,-0.00582051028214525,-6.316341779260235,430.55619968282326,274.4303159783952
3958.355843003255,-0.005828368484671399,-6.319406501998065,431.0820763813698,274.4120668050403
3958.8820364564317,-0.005837575259273885,-6.3224757144755115,431.607894634742,274.3922048745972
3959.0351558302673,-0.005840501412544357,-6.323369783392797,431.7608931276172,274.3861219161332
3959.188275204103,-0.005843536735836081,-6.324264307810831,431.9138861178694,274.3799021217108
3959.71446865728,-0.005854783836863641,-6.327342043920664,432.4396015907294,274.35748394758457
3960.240662110457,-0.005867256481792252,-6.330426020618008,432.96524549825443,274.3334462299673
3960.393781484293,-0.005871108834351339,-6.33132470542771,433.118190778283,274.32614673988377
3960.5469008581285,-0.00587505929003093,-6.332223986638524,433.27112943257725,274.31870974651906
3961.073094311306,-0.005889365257564792,-6.3353191203371155,433.7966495822425,274.29210329807376
3961.5992877644826,-0.005904763372815065,-6.338422069082649,434.3220847498264,274.26386837292426
3961.752407138318,-0.005909441926972259,-6.339326560324752,434.47496674939947,274.2553457284231
3961.9055265121538,-0.0059142074031890875,-6.340231773624535,434.62784097254644,274.2466847421353
3962.431719965331,-0.0059312293879148145,-6.343348227105825,435.1531308888868,274.21586539996906
3962.957913418508,-0.005949212923130023,-6.346473890424818,435.6783220530424,274.18340675170555
3963.111032792344,-0.0059546194330065,-6.347385243616397,435.8311304413991,274.17365289468603
3963.2641521661794,-0.005960101833968137,-6.3482974294778725,435.9839298706213,274.1637597074067
3963.7903456193567,-0.005979503369993099,-6.351438664136876,436.50895369126215,274.12869815405793
3964.3165390725335,-0.005999734720684235,-6.354590326078634,437.0338645881727,274.09198481844766
3964.4696584463695,-0.0060057703314233156,-6.35550946346194,437.1865887349075,274.0809904429938
3964.622777820205,-0.006011870479357057,-6.356429528958964,437.33930270408143,274.06985561995725
3965.1489712733824,-0.006033307361911715,-6.359598545376469,437.8640234971513,274.03051848373485
3965.675164726559,-0.006055438522487048,-6.362779024403501,438.3886167543586,273.98951569430386
3965.8282841003947,-0.006062001522434569,-6.363706731640204,438.5412456996237,273.9772704357948
3965.9814034742303,-0.006068617755099524,-6.36463544691841,438.6938632102682,273.96488350515324
3966.5075969274076,-0.006091742811660357,-6.367834773192288,439.2182428808076,273.92123401659745
3967.0337903805844,-0.00611543310613901,-6.371046416431774,439.7424799330082,273.8759038661668
3967.1869097544204,-0.0061224261640825065,-6.371983343020378,439.89500236475976,273.86239649427506
3967.340029128256,-0.006129461988736055,-6.3729213427669915,440.04751206404393,273.8487461399583
3967.8662225814332,-0.006153950650653576,-6.376153048859169,440.5715112840839,273.80074479101376
3968.39241603461,-0.0061788854888518395,-6.379397758112437,441.0953523115244,273.75104688059014
3968.5455354084456,-0.006186218764359211,-6.380344426633106,441.247756549075,273.73626548528694
3968.698654782281,-0.006193584981319952,-6.3812922196950055,441.4001467140197,273.7213397316596
3969.2248482354585,-0.006219134738242821,-6.384557951060222,441.923724873073,273.6689448987585
3969.7510416886353,-0.006245016564618868,-6.387837213906642,442.4471287593664,273.61483694378677
3969.9041610624713,-0.0062526041612150545,-6.388794027956003,442.5994027424706,273.5987691087786
3970.057280436307,-0.006260215212165444,-6.389752004810802,442.7516612696558,273.5825554929204
3970.583473889484,-0.006286534550614565,-6.393053003793304,443.27477644413943,273.5257240214195
3971.109667342661,-0.006313077595691369,-6.396367910695867,443.79770075318453,273.4671624261094
3971.262786716497,-0.00632083778439354,-6.397335159497366,443.9498320367436,273.4497953943782
3971.4159060903326,-0.006328612741883021,-6.398303596947336,444.10194643764635,273.4322811308525
3971.94209954351,-0.00635543080691509,-6.401640721698527,444.62455537965025,273.3709688953519
3972.4682929966866,-0.006382376271637426,-6.4049919914584015,445.1469563514493,273.3079093011888
3972.621412370522,-0.006390236162253746,-6.405969858914154,445.29893210554843,273.2892301318878
3972.774531744358,-0.006398103139084339,-6.4069489297687205,445.4508895071099,273.27040226820134
3973.300725197535,-0.006425180345681491,-6.410322691876908,445.9729476501562,273.20456469417974
3973.826918650712,-0.006452298619485159,-6.413710712638578,446.49478021209757,273.1369624806582
3973.980038024548,-0.006460192974453425,-6.414699289262128,446.6465872262551,273.11695819063834
3974.1331573983834,-0.00646808735510903,-6.415689074067412,446.7983743755645,273.096803746987
3974.6593508515607,-0.006495205484463596,-6.419099675729055,447.319835853924,273.0263962777045
3975.1855443047375,-0.006522283710478882,-6.422524536274384,447.84105364516415,272.95420701089466
3975.338663678573,-0.006530151488908294,-6.4235238270021195,447.9926783363936,272.9328647022249
3975.4917830524087,-0.006538012703446395,-6.42452432139513,448.14428160919385,272.91137079779764
3976.017976505586,-0.00656496761670878,-6.427971677586935,448.66509929059424,272.8363493203421
3976.5441699587627,-0.006591809392537138,-6.431433187511535,449.185654700134,272.759529167308
3976.6972893325988,-0.006599595182119216,-6.432443117726404,449.337083125027,272.7368361458282
3976.8504087064343,-0.006607368660569052,-6.433454238683251,449.48848853823165,272.71399011634026
3977.3766021596116,-0.00663397974199418,-6.436938001823871,450.00861407005334,272.63431135724124
3977.9027956127884,-0.006660414760017754,-6.44043572121961,450.5284582874209,272.55281746679
3978.055914986624,-0.006668070862866549,-6.44145614634653,450.6796761576557,272.52876134973366
3978.2090343604596,-0.006675709643244987,-6.442477742023244,450.8308693851756,272.5045508535415
3978.735227813637,-0.006701820582789054,-6.445997336631786,451.3502532510652,272.4201727311728
3979.2614212668136,-0.0067276989942465565,-6.449530609468387,451.8693363262274,272.33396356775484
3979.4145406406496,-0.006735182755900614,-6.450561323963802,452.0203290265953,272.3085323775297
3979.567660014485,-0.006742644574521811,-6.451593182302419,452.17129541764115,272.2829454880339
3980.0938534676625,-0.006768112516779638,-6.455147830763817,452.6898870025541,272.1938274204881
3980.6200469208393,-0.006793295462572724,-6.458715805308055,453.2081579144526,272.1028630591983
3980.7731662946753,-0.0068005672835507545,-6.459756547701893,453.35891052348865,272.0760453072061
3980.926285668511,-0.006807812998788547,-6.460798401220448,453.5096351235173,272.04907059581546
3981.452479121688,-0.006832507603926182,-6.464387139386259,454.0273827881619,271.9551737802735
3981.978672574865,-0.006856872316347953,-6.467988784897923,454.5447895227906,271.8594161768743
3982.1317919487005,-0.006863898103108496,-6.4690392433137065,454.6952868361416,271.83120094024514
3982.284911322536,-0.00687089435195759,-6.470090774976271,454.845754410484,271.8028275521516
3982.8111047757134,-0.00689470667621091,-6.473712475624549,455.3626055743125,271.7041152171099
3983.33729822889,-0.006918152331367758,-6.4773466096925105,455.8790952100288,271.6035284460546
3983.490417602726,-0.006924904134152532,-6.478406430301525,456.02932176562945,271.5739054339517
3983.643536976562,-0.006931623522439136,-6.479467282024905,456.1795168248114,271.5441231530992
3984.169730429739,-0.006954463123526464,-6.483120683437769,456.69541805398666,271.4405607711756
3984.695923882916,-0.0069769042890528744,-6.486785998072101,457.21093685092615,271.33511122319624
3984.8490432567514,-0.006983358053632194,-6.487854791943121,457.3608769552839,271.30407083163976
3985.002162630587,-0.006989776909619571,-6.488924571147073,457.5107837814402,271.27287013444715
3985.5283560837643,-0.007011565304369033,-6.492608297072901,458.02568088066016,271.16442559942004
3986.054549536941,-0.007032929030664588,-6.496303376180516,458.5401743742193,271.0540821477983
3986.207668910777,-0.0070390647743493575,-6.497380724172319,458.68981212993464,271.021615506209
3986.3607882846127,-0.007045163773025141,-6.498459008726924,458.8394148044562,270.98898760724904
3986.88698173779,-0.0070658402553094735,-6.50217158705192,459.353252912871,270.8756313844381
3987.4131751909667,-0.0070860753122577915,-6.505894929068963,459.8666660105334,270.760365523617
3987.566294564803,-0.007091880027376227,-6.506980389418259,460.0159853445528,270.72646453264997
3987.7194139386384,-0.007097646981786501,-6.508066735631429,460.16526777633294,270.6924014212251
3988.2456073918156,-0.00711717589711602,-6.511806628697407,460.6779914642619,270.5741066626254
3988.7718008449924,-0.0071362556050129705,-6.515556679565768,461.1902685412784,270.4538926059721
3988.924920218828,-0.0071417230878015265,-6.5166497976471875,461.33925323244983,270.41854996251146
3989.0780395926636,-0.007147152462479657,-6.517743749986446,461.4881991852998,270.38304442613054
3989.604233045841,-0.007165519468241041,-6.521509386842891,461.9997525472516,270.2597870395302
3990.1304264990176,-0.007183436691093228,-6.525284569961106,462.5108375377353,270.13460177149125
3990.2835458728537,-0.007188566210498556,-6.526384886474872,462.65947124293933,270.09781098081777
3990.4366652466892,-0.007193657937456635,-6.527485985593721,462.8080643615463,270.0608566160609
3990.9628586998665,-0.0072108682416656454,-6.53127578860374,463.31839110411306,269.93261529299883
3991.4890521530433,-0.007227637851002953,-6.535074531617776,463.8282275866266,269.8024385825011
3991.642171526879,-0.007232435781379889,-6.536181590739298,463.97649386519777,269.76419395945356
3991.7952909007145,-0.007237197209369322,-6.5372893818782085,464.1247176992907,269.72578517181233
3992.3214843538917,-0.007253283937822741,-6.541101798427623,464.63376122199486,269.59254137644064
3992.8476778070685,-0.007268951210816643,-6.544922569350869,465.1422924962616,269.4573557476969
3993.0007971809046,-0.007273433001833058,-6.546035930072327,465.2901748313958,269.4176524044742
3993.15391655474,-0.007277880546595436,-6.547149974653011,465.4380128566996,269.3777843944195
3993.6801100079174,-0.007292907215694876,-6.550983518231288,465.9457163202287,269.2395223017419
3994.206303461094,-0.007307545870879547,-6.5548248666592706,466.45288546912764,269.09931295102905
3994.3594228349302,-0.007311734739698738,-6.5559441144730854,466.60036728467765,269.0581467689506
3994.512542208766,-0.0073158923907584985,-6.557064001594846,466.74780291914686,269.0168155019664
3995.038735661943,-0.007329946972549359,-6.560917289240793,467.2541092967858,268.8735218821216
3995.56492911512,-0.007343653743458791,-6.564777880807756,467.75985923100444,268.7282765435948
3995.7180484889554,-0.007347579520597594,-6.565902637210187,467.90692390319293,268.6856441308223
3995.871167862791,-0.0073514779218246794,-6.567027993008425,468.05394051814017,268.64284629371093
3996.3973613159683,-0.007364672378769301,-6.570899776989921,468.5587926295291,268.49451035151594
3996.923554769145,-0.0073775701519490314,-6.574778425751746,469.0630661139884,268.34421912062976
3997.076674142981,-0.007381270763999517,-6.575908358070198,469.2096969776486,268.300117757724
3997.2297935168167,-0.007384948798790237,-6.577038855749822,469.35627790329113,268.25585070272086
3997.755986969994,-0.007397424057305681,-6.5809280599685955,469.8596184279114,268.1024638741242
3998.2821804231708,-0.007409664213241906,-6.5848237667320015,470.36235808605335,267.9471189856639
3998.4352997970063,-0.007413185512979807,-6.585958599441376,470.5085384340432,267.90154655741793
3998.588419170842,-0.007416689766674872,-6.587093970530968,470.65466695807964,267.8558082324503
3999.114612624019,-0.007428610946450522,-6.590999727866615,471.1564384237991,267.69736393290657
3999.640806077196,-0.007440365355655133,-6.594911714172218,471.6575867160203,267.53695949226636
3999.793925451032,-0.007443758428969497,-6.596051237908442,471.8032997910576,267.4899144065675
3999.9470448248676,-0.007447140446919824,-6.597191280890095,471.9489591496738,267.4427032729226
4000.473238278045,-0.007458687886614464,-6.601112959624716,472.44910389563717,267.2791966062802
4000.9994317312216,-0.00747014198478052,-6.60504068998865,472.94860307283193,267.11372828741344
4001.1525511050577,-0.007473461775045119,-6.606184767389838,473.09383205226857,267.0652093856187
4001.3056704788933,-0.007476776971863648,-6.607329353348463,473.23900541414463,267.0165243275859
4001.8318639320705,-0.00748814491537309,-6.6112665759354945,473.7374655300155,266.84795177049244
4002.3580573852473,-0.007499498609138927,-6.615209776510911,474.2352575636657,266.6774164926014
4002.511176759083,-0.007502804306128379,-6.61635834779512,474.37998553739413,266.62742295403666
4002.6642961329185,-0.007506112257866533,-6.6175074260221045,474.5246559808055,266.57726318275536
4003.1904895860957,-0.007517508027660394,-6.621460088379663,475.0213732217934,266.40362224913105
4003.7166830392725,-0.007528971325677929,-6.625418764883129,475.51739970926957,266.2280178338818
4003.8698024131086,-0.00753232429623186,-6.626571852540714,475.6616096503393,266.17654907485024
4004.022921786944,-0.007535686405873117,-6.627725454897456,475.8057601329805,266.1249140268712
4004.5491152401214,-0.007547320598933091,-6.631693738190537,476.3006758102045,265.94620291654445
4005.075308693298,-0.007559102501899075,-6.635668182181826,476.7948778565675,265.7655277346002
4005.228428067134,-0.007562563084810998,-6.636825891670702,476.9385525853007,265.71258330554264
4005.3815474409694,-0.007566039462598089,-6.637984132824997,477.0821659077735,265.65947254012804
4005.9077408941466,-0.007578116758488952,-6.6419685008869855,477.5752207583611,265.47568978807055
4006.4339343473234,-0.0075904190680748575,-6.645959283143366,478.0675388401706,265.2899424132742
4006.5870537211595,-0.007594045454991971,-6.647121800427251,478.2106609834576,265.23552189936686
4006.740173094995,-0.007597694048784966,-6.648284875225324,478.3537197480994,265.1809349996731
4007.2663665481723,-0.007610411701007695,-6.652286064969649,478.8448537902719,264.99207914123105
4007.792560001349,-0.007623428012797857,-6.656294025235664,479.3352276055444,264.8012580235879
4007.9456793751847,-0.007627275712969134,-6.657461613714856,479.4777795522524,264.7453609510932
4008.0987987490203,-0.007631151577742943,-6.658629793997187,479.6202661181412,264.6892974312281
4008.6249922021975,-0.007644694818240153,-6.662648803178563,480.1094184936007,264.4953666882615
4009.1511856553743,-0.007658602972730881,-6.666675034732094,480.59778680014216,264.29946984987987
4009.3043050292104,-0.0076627221135003604,-6.667848029929192,480.7397506534185,264.2420955997378
4009.457424403046,-0.00766687459096909,-6.669021658812186,480.88164708844107,264.18455481940924
4009.983617856223,-0.0076814064287915405,-6.673059722867395,481.3687558962259,263.98554681585046
4010.5098113094,-0.007696358793060948,-6.6771055441196525,481.8550563442699,263.78457158218635
4010.662930683236,-0.007700791621494308,-6.6782843444673405,481.99641387279826,263.7257193151206
4010.8160500570716,-0.007705262027089664,-6.679463826775393,482.13770190493995,263.66670040631794
4011.342243510249,-0.007720917390326592,-6.683522383681467,482.6227040347335,263.4626119290589
4011.8684369634257,-0.007737038036885331,-6.687589300751696,483.10687300199584,263.25655471048947
4012.0215563372612,-0.007741818631361887,-6.688774356502513,483.2476055924496,263.19622330747967
4012.174675711097,-0.007746640109537765,-6.6899601476269,483.3882665624707,263.1357251167573
4012.700869164274,-0.007763525665351985,-6.694040799627838,483.8710975338532,262.92655193115036
4013.227062617451,-0.00778090936382907,-6.698130467757395,484.35306996808487,262.7154080599516
4013.380181991287,-0.007786062937113517,-6.699322269634191,484.4931585800051,262.65359607883454
4013.5333013651225,-0.007791259581182159,-6.70051486405561,484.6331733966674,262.59161712576156
4014.0594948182998,-0.007809449186110017,-6.704619336818148,485.1137672081376,262.37735384707787
4014.5856882714766,-0.00782815525358083,-6.708733516711313,485.5934764814423,262.1611174718816
4014.738807645312,-0.007833696206011436,-6.7099325825531455,485.73290160599385,262.0978231211332
4014.8919270191477,-0.007839281116415311,-6.711132500210102,485.8722507053943,262.03436157417156
4015.418120472325,-0.007858809669769318,-6.715262593738351,486.3505396994692,261.8150016012642
4015.944313925502,-0.00787885752920348,-6.719403099691249,486.82791748180927,261.593665647233
4016.097433299338,-0.007884788643660785,-6.720609958964634,486.9666591067193,261.5288867795219
4016.2505526731734,-0.0078907633471598,-6.721817729659224,487.1053224180521,261.4639404519032
4016.7767461263506,-0.007911626743618153,-6.725975264491179,487.5812371702268,261.2394759709633
4017.3029395795274,-0.007932998087261962,-6.7301439111449985,488.0562133290245,261.0130321709254
4017.4560589533635,-0.00793931142221794,-6.731359089720826,488.1942509114389,260.9467662972409
4017.609178327199,-0.007945666791893348,-6.732575238018858,488.3322078307921,260.88033266332224
4018.1353717803763,-0.007967824635780453,-6.736762004367713,488.80567706675527,260.6507547207236
4018.661565233553,-0.00799046491127693,-6.740960556955131,489.2781795956342,260.41919371318454
4018.8146846073887,-0.007997141902025247,-6.742184562745532,489.41549204359774,260.35143803597197
4018.9678039812243,-0.008003858155282017,-6.74340959362323,489.5527214164599,260.2835142664394
4019.4939974344015,-0.008027233063147302,-6.7476273018432895,490.0236719599908,260.0488129053687
4020.0201908875783,-0.008051050465808392,-6.751857426205762,490.4936269396191,259.8121243953343
4020.1733102614144,-0.008058061715595692,-6.753090734511731,490.6301926032124,259.74287585982563
4020.32642963525,-0.00806510828423438,-6.75432511869129,490.7666727167797,259.6734588750585
4020.852623088427,-0.008089586491909433,-6.758575348909718,491.23502947249847,259.4336233344192
4021.378816541604,-0.00811445458394766,-6.762838561978062,491.7023610678781,259.1917963157884
4021.5319359154396,-0.008121761075495124,-6.764081601390892,491.8381577412188,259.1210516790266
4021.685055289275,-0.008129097993477497,-6.7653257614343625,491.97386632764903,259.05013821998955
4022.2112487424524,-0.008154535298652581,-6.769609917700929,492.43955230179563,258.80515719182773
4022.7374421956292,-0.008180299849974893,-6.773907545008329,492.9041827977187,258.5581802247547
4022.8905615694653,-0.008187854932055412,-6.775160685745681,493.03918773199945,258.48593613977664
4023.043680943301,-0.008195434769375206,-6.776414984680757,493.1741019826565,258.4135228536751
4023.569874396478,-0.00822166243386675,-6.780734257984346,493.63703834113136,258.16338478808166
4024.096067849655,-0.00824814621724226,-6.785067399497316,494.0988882141256,257.91124631898765
4024.249187223491,-0.008255896800484693,-6.786330943905306,494.2330781411286,257.8374994305521
4024.4023065973265,-0.008263665818830188,-6.787595675914773,494.3671747312559,257.76358296768194
4024.9285000505038,-0.008290494408053569,-6.791951013458602,494.8272808932141,257.50827641373087
4025.4546935036806,-0.008317501409711355,-6.79632051497016,495.2862689186696,257.25096512784324
4025.607812877516,-0.008325389369679779,-6.797594689624773,495.41962008446114,257.17571217701504
4025.7609322513517,-0.00833328902198192,-6.798870072375909,495.5528752079949,257.1002892961755
4026.287125704529,-0.008360514603378647,-6.803262153185714,496.010068973951,256.8398032700428
4026.813319157706,-0.008387837753668253,-6.807668585588259,496.4661123668631,256.577308467111
4026.966438531542,-0.008395802451898974,-6.808953536067882,496.5986005750338,256.5005464017386
4027.1195579053774,-0.008403771981413333,-6.810239705868357,496.7309899888251,256.4236140811168
4027.6457513585547,-0.008431185292644808,-6.814668927285073,497.1851876998111,256.1579384494232
4028.1719448117315,-0.00845861535090331,-6.819112577812773,497.63820228427073,255.89025042878885
4028.325064185567,-0.008466596045102347,-6.820408367020562,497.76980294704407,255.8119765155397
4028.4781835594026,-0.008474574811339751,-6.821705377498951,497.9013020227277,255.7335320646438
4029.00437701258,-0.008501968530425594,-6.8261718531871045,498.35241874398247,255.46265792758766
4029.5305704657567,-0.008529300535099227,-6.830652727034034,498.80231914459847,255.18976836758722
4029.6836898395927,-0.008537238158395149,-6.831959336284934,498.93300733985564,255.10998030139498
4029.8368092134283,-0.008545167404758995,-6.83326715975716,499.0635911214301,255.03002147000436
4030.3630026666056,-0.008572342331532267,-6.837770726454172,499.5115408442344,254.7539415314372
4030.8891961197824,-0.008599382295551315,-6.8422885569114795,499.9582406933473,254.47584385153684
4031.0423154936184,-0.00860722156674567,-6.843605889557229,500.0879912257934,254.39453985925718
4031.195434867454,-0.008615046603158817,-6.844924420979683,500.217634491122,254.31306494021933
4031.721628320631,-0.008641819802134397,-6.849464654791341,500.6623303463216,254.0317738537609
4032.247821773808,-0.008668393471901202,-6.854018923989534,501.1057424998087,253.74846354806846
4032.4009411476436,-0.008676085488841826,-6.855346812336337,501.23452996399527,253.6656424828744
4032.554060521479,-0.00868375826403178,-6.856675876611589,501.36320728785773,253.58265040521303
4033.0802539746564,-0.008709971441156594,-6.86125212105059,501.80456176222066,253.2961450836663
4033.6064474278332,-0.008735931698429627,-6.865842092149391,502.24459851421193,253.00762001266017
4033.7595668016693,-0.008743435860385056,-6.867180307531168,502.3723973564928,252.92328143535894
4033.912686175505,-0.008750916799115533,-6.868519669869498,502.5000831722437,252.83877184392475
4034.438879628682,-0.00877644200804631,-6.8731310734569995,502.9380083176137,252.5470517197848
4034.965073081859,-0.008801673950139066,-6.87775583108478,503.37458160442594,252.25331234953674
4035.1181924556945,-0.008808959377644185,-6.879104096116621,503.501366181138,252.16745659403023
4035.27131182953,-0.00881621878961279,-6.88045347451122,503.6280348383081,252.081429913054
4035.7975052827073,-0.008840963370363107,-6.885099035301708,504.0624424647103,251.78449714204257
4036.323698735884,-0.008865389511165162,-6.889757532748075,504.49546404943817,251.48554672403355
4036.47681810972,-0.008872436629834916,-6.89111553557992,504.6212086788249,251.3981749450588
4036.6299374835558,-0.008879456310650388,-6.89247461530039,504.746834494172,251.31063242378616
4037.156130936733,-0.008903368418674737,-6.897153232602086,505.17763633809835,251.0084920252602
4037.68232438991,-0.008926953820003214,-6.901844346343009,505.6070179666902,250.70433671070367
4037.8354437637454,-0.008933755696354765,-6.903211757022956,505.7316969718137,250.615450912077
4037.988563137581,-0.00894053017053623,-6.904580207171516,505.8562542710441,250.52639465072565
4038.514756590758,-0.008963602185923843,-6.909290739714064,506.28336212926104,250.219054579191
4039.040950043935,-0.008986356588432916,-6.914013329037146,506.70901564861344,249.90970346300182
4039.194069417771,-0.008992919320695349,-6.91538981703939,506.8326033886005,249.81930650521383
4039.3471887916066,-0.008999456154636093,-6.916767308136686,506.95606653617335,249.72873946024302
4039.873382244784,-0.00902172526443411,-6.921508634745722,507.3793923567952,249.41621060575181
4040.3995756979607,-0.009043703186650699,-6.926261602604036,507.80122978763467,249.1016756998404
4040.5526950717967,-0.009050045895537153,-6.9276468545341805,507.92370067535205,249.00977128725597
4040.7058144456323,-0.00905636567741538,-6.92903307622495,508.0460440905308,248.91769725632832
4041.2320078988096,-0.00907791386426727,-6.933804156661228,508.4655000155435,248.59999337590148
4041.7582013519864,-0.009099214617752989,-6.938586510513442,508.8834335747969,248.28028951484217
4041.911320725822,-0.009105369444053758,-6.93998024781483,509.00476207946895,248.18688216349275
4042.0644400996575,-0.009111505757023962,-6.941374926567856,509.12596023715383,248.09330575115163
4042.590633552835,-0.009132459340554832,-6.9461748622741695,509.5414585913848,247.77044333486677
4043.1168270060116,-0.009153225712112072,-6.950985774364096,509.95540065918624,247.44558801786286
4043.2699463798476,-0.00915923721709985,-6.952387770706189,510.0755612925844,247.35068300504207
4043.423065753683,-0.00916523594302852,-6.953790687102268,510.1955887075936,247.25560957037084
4043.9492592068605,-0.009185762433441614,-6.958618779631347,510.60704192999157,246.92760764706273
4044.4754526600373,-0.009206176571414511,-6.96345764350573,511.01690495812716,246.59762082236716
4044.628572033873,-0.009212100395716375,-6.964867740798673,511.1358722436277,246.501224120104
4044.7816914077084,-0.00921801832738793,-6.966278745341014,511.2547034378297,246.40465970856673
4045.3078848608857,-0.009238321410988208,-6.971134549001756,511.66202395385227,246.0715395996877
4045.8340783140625,-0.009258599619305856,-6.976001029467558,512.0677203156423,245.73644340131736
4045.9871976878985,-0.00926450096745565,-6.977419151879933,512.1854687403554,245.63856159678554
4046.140317061734,-0.009270404294057212,-6.978838178780898,512.3030781929288,245.54051285937345
4046.6665105149114,-0.00929071868965438,-6.983721546270589,512.7061782294584,245.20229789208295
4047.192703968088,-0.009311106270521617,-6.988615622317047,513.1076200130522,244.8621163401568
4047.345823341924,-0.009317058387303215,-6.9900417882558505,513.2241239636681,244.76275654632062
4047.4989427157598,-0.009323021146708532,-6.991468867179754,513.3404860451653,244.66323064930145
4048.025136168937,-0.009343607007362573,-6.9963799880817295,513.7392773904761,244.31994584005224
4048.551329622114,-0.009364372158958746,-7.001301988299662,514.1363761384755,243.97470451601947
4048.7044489959494,-0.009370454445658807,-7.002736320100864,514.2516098217648,243.87387427581112
4048.857568369785,-0.009376556599335563,-7.004171585563217,514.3666987129739,243.7728788044001
4049.3837618229622,-0.009397692608812151,-7.009111016333059,514.7610924256419,243.42455052466963
4049.909955276139,-0.00941911918021773,-7.014061645178599,515.1537588257772,243.0742762335274
4050.063074649975,-0.009425415041847136,-7.015504376024745,515.2676961752976,242.9719834211749
4050.2161940238107,-0.009431740306738913,-7.016948073980892,515.381485772521,242.86952628078095
4050.742387476988,-0.009453716140220463,-7.021916758036071,515.7713918454047,242.51618191776103
4051.2685809301647,-0.009476095995835631,-7.026897111927851,516.1595353791662,242.16090235033175
4051.4217003040003,-0.009482690608816477,-7.028348589775058,516.2721499503081,242.05715507366477
4051.574819677836,-0.009489324222117151,-7.029801081206599,516.3846137592512,241.95324439254335
4052.101013131013,-0.009512432868072752,-7.034800358636185,516.7699407464371,241.5949120179231
4052.62720658419,-0.009536058288443592,-7.039811931645638,517.1534693040686,241.2346554262065
4052.780325958026,-0.009543036418021083,-7.041272620130416,517.264734159975,241.1294619336873
4052.9334453318615,-0.00955006297108418,-7.042734381619853,517.3758451808068,241.02410597072597
4053.459638785039,-0.009574593452668688,-7.047765988664891,517.7564997965699,240.6608140301754
4053.9858322382156,-0.009599750103629939,-7.05281066823185,518.1353192677459,240.29560892797778
4054.1389516120516,-0.009607194102944189,-7.054281144735897,518.2452068588527,240.1889775239181
4054.292070985887,-0.009614695553589566,-7.055752766224236,518.354937465205,240.08218458497032
4054.8182644390645,-0.009640926171405429,-7.0608188252789805,518.7308241645324,239.71396161967982
4055.3444578922413,-0.009667886320151512,-7.065898878650285,519.1048380143653,239.34383651930546
4055.497577266077,-0.009675874124750359,-7.067379829682991,519.2133200543873,239.23577549030156
4055.6506966399124,-0.009683927772861867,-7.0688620095430625,519.3216418691273,239.1275538560634
4056.1768900930897,-0.009712118882184042,-7.073965009801702,519.6926624197154,238.75442826637294
4056.7030835462665,-0.009741133834476272,-7.0790830607878865,520.0617712603757,238.37941146116418
4056.8562029201025,-0.009749736711234473,-7.080575274466315,520.1688186018301,238.2699290165803
4057.009322293938,-0.009758412947740686,-7.082068811643627,520.27570237275,238.16028688483283
4057.5355157471154,-0.00978879943807735,-7.087211579472824,520.6417554297179,237.78228674569948
4058.061709200292,-0.00982009274574426,-7.092370575054967,521.0058565995027,237.40240614809974
4058.2148285741278,-0.009829373527137296,-7.093874930734236,521.1114391123,237.29151037737446
4058.3679479479633,-0.009838734166230247,-7.0953807141160725,521.2168545912647,237.18045582232438
4058.8941414011406,-0.009871520539907487,-7.100566374761752,521.577835286681,236.7976087594854
4059.4203348543174,-0.00990528406905188,-7.105769544469013,521.9368224480861,236.4128918023002
4059.5734542281534,-0.009915296145122926,-7.107287000558565,522.0409089043761,236.30059065101906
4059.726573601989,-0.009925393446347096,-7.108805996629595,522.1448247330356,236.1881316015507
4060.2527670551663,-0.009960750482024652,-7.114037930698238,522.500624290181,235.80046473354085
4060.778960508343,-0.009997140674990478,-7.119288741227873,522.8543870560045,235.4109383381946
4060.932079882179,-0.010007926747740151,-7.120820321606224,522.9569450237824,235.297239603835
4061.0851992560147,-0.010018802096085407,-7.122353560668177,523.0593286283312,235.183383841522
4061.611392709192,-0.010056861575353966,-7.127635355035895,523.4098340093203,234.7909237902945
4062.1375861623687,-0.010095993549904005,-7.132937458222426,523.758257606011,234.39661440498534
4062.2907055362043,-0.010107583895103573,-7.134484236496918,523.8592533543601,234.28152575328437
4062.44382491004,-0.010119266116109178,-7.136032796677618,523.9600708523084,234.1662809311564
4062.970018363217,-0.010160115955704336,-7.1413681877144155,524.3051644500493,233.76905390513562
4063.496211816394,-0.010202060530413245,-7.146725361690591,524.6481294299268,233.36998761680206
4063.64933119023,-0.010214472574828012,-7.14828844383087,524.7475278492989,233.2535166197987
4063.8024505640656,-0.010226977676193152,-7.149853433662127,524.8467439716007,233.13689030282018
4064.328644017243,-0.010270662217255751,-7.155246247364614,525.1863033566544,232.73492225451747
4064.8548374704196,-0.010315447257160965,-7.16066233712425,525.5236853676037,232.33112497455846
4065.007956844255,-0.010328686024421174,-7.162242844326933,525.6214499071687,232.21327916980889
4065.161076218091,-0.010342017617794212,-7.163825385659457,525.7190279375592,232.0952788963845
4065.687269671268,-0.010388538369894668,-7.169279479338848,526.0529256649073,231.68859575088678
4066.213463124445,-0.01043614787747233,-7.174758338381427,526.3845952813051,231.28009346970657
4066.366582498281,-0.010450205307830165,-7.176357389956069,526.4806879043954,231.16088043916042
4066.5197018721165,-0.010464353766423297,-7.177958600738352,526.5765896369863,231.04151380216996
4067.0458953252937,-0.010513665413687727,-7.1834778025184765,526.9046931171498,230.6301417520121
4067.5720887784705,-0.010564035146567,-7.189023230143414,527.2305157383155,230.21696085930085
4067.725208152306,-0.010578888995570017,-7.1906419248222315,527.3248968982409,230.09638832727467
4067.8783275261417,-0.010593830517584779,-7.192262900269754,527.419082615823,229.97566307418768
4068.404520979319,-0.010645839583995871,-7.1978509436592715,527.741254059829,229.55962893972108
4068.9307144324957,-0.010698858652319381,-7.203466619607231,528.0610898858123,229.14179660945092
4069.0838338063318,-0.010714473508942413,-7.205106016760377,528.1537185247123,229.01987255916137
4069.2369531801673,-0.010730171294980304,-7.20674781072405,528.2461470002488,228.89779671052077
4069.7631466333446,-0.0107847410936663,-7.212408272257989,528.5622434449373,228.4771283614671
4070.2893400865214,-0.010840257046798798,-7.21809769699287,528.8759475328003,228.0546729944059
4070.4424594603574,-0.010856585602467684,-7.219758799757164,528.9667811037858,227.9314058004268
4070.595578834193,-0.010872990981844164,-7.221422408020075,529.0574096251485,227.8079877839013
4071.1217722873703,-0.010929943581507581,-7.227158650795102,529.3672830377911,227.38271461158413
4071.647965740547,-0.010987761382792467,-7.232925089286921,529.6747054370455,226.95566632469396
4071.8010851143827,-0.011004743563249915,-7.234608828027688,529.7636999494823,226.8310648984529
4071.9542044882182,-0.011021794968564716,-7.2362951716442785,529.8524843674485,226.70631369570958
4072.4803979413955,-0.011080907327766109,-7.242110286626132,530.1559818318894,226.27646712817074
4073.0065913945723,-0.011140786881821862,-7.247956707990849,530.4569678045451,225.84485828544715
4073.1597107684083,-0.011158349750372892,-7.2496639225293436,530.5440778946539,225.7189322325804
4073.312830142244,-0.011175972941703518,-7.251373830075829,530.6309726964887,225.59285753788214
4073.839023595421,-0.011236980513292144,-7.257270576009375,530.9279366890675,225.15847159408048
4074.365217048598,-0.011298643820441805,-7.26319959624956,531.2223270208586,224.7223373734748
4074.5183364224335,-0.011316704168813115,-7.264931020000465,531.3075060488347,224.595097160907
4074.671455796269,-0.011334814931972923,-7.266665212087853,531.3924644582838,224.4677095490207
4075.1976492494464,-0.011397421080555206,-7.272645965595643,531.6827332129001,224.02882142129891
4075.723842702623,-0.011460560306423449,-7.278659802299827,531.9703646104595,223.58820040378387
4075.876962076459,-0.011479026454440554,-7.28041604985147,532.0535647818701,223.4596575320352
4076.030081450295,-0.011497532132234273,-7.282175126958883,532.1365388831521,223.3309686308628
4076.556274903472,-0.011561410664990442,-7.2882418418506125,532.4199468367858,222.88761927995853
4077.082468356649,-0.011625687761774832,-7.2943422740689625,532.7006524033978,222.44255404637966
4077.235587730485,-0.01164445914892069,-7.296123829394114,532.7818249133314,222.31272122342395
4077.3887071043205,-0.011663258288982325,-7.297908260056267,532.8627657978899,222.18274388790343
4077.9149005574977,-0.011728054214533042,-7.3040624265692164,533.1391441151535,221.73497864069085
4078.4410940106745,-0.011793106410963214,-7.310250755698007,533.4127539064044,221.2855163685468
4078.59421338451,-0.01181207639827781,-7.312057961437379,533.4918491069541,221.15440768307172
4078.7473327583457,-0.011831062021516174,-7.3138680719903535,533.5707070434328,221.0231561681276
4079.273526211523,-0.011896406244069417,-7.320110686236266,533.8398842191532,220.57102530880232
4079.7997196646998,-0.011961864151043068,-7.326387714094283,534.1062258713519,220.11721835598746
4079.952839038536,-0.011980925563895028,-7.3282207670553206,534.1831934588156,219.98484944538336
4080.1059584123714,-0.01199999069753309,-7.330056737940778,534.2599180820026,219.85233957291052
4080.6321518655486,-0.01206551764084569,-7.336388295522168,534.5217206022775,219.39589890788028
4081.1583453187254,-0.012131019182015305,-7.342754326268909,534.780620008826,218.9378053615327
4081.311464692561,-0.012150067380891371,-7.3446132792645935,534.8554092228618,218.80419356818135
4081.4645840663966,-0.012169107742140252,-7.346475147331616,534.9299497337887,218.67044288171743
4081.990777519574,-0.01223446185847939,-7.352895653542623,535.184202770002,218.20975425815962
4082.5169709727506,-0.012299657888380897,-7.359350507069753,535.4354847840024,217.7474384322092
4082.6700903465867,-0.012318592858671347,-7.3612352733475195,535.5080446134538,217.61260294415013
4082.8232097204223,-0.012337509379459523,-7.363122936674846,535.5803499857299,217.47763084762602
4083.3494031735995,-0.012402358830056158,-7.369631927013456,535.826878106996,217.0127626153247
4083.8755966267763,-0.012466934697983628,-7.376174968729701,536.0703672553685,216.5462954872393
4084.0287160006123,-0.012485668830325682,-7.378085332975442,536.1406466457152,216.41025746019233
4084.181835374448,-0.012504375880013878,-7.379998563062078,536.2106658324541,216.27408533750253
4084.708028827625,-0.01256844335270427,-7.386595155536299,536.4492937104428,215.80511273985815
4085.234222280802,-0.012632150325072691,-7.39322536504875,536.6848148826613,215.33457230812672
4085.3873416546376,-0.012650617041212895,-7.395161006494197,536.7527629322195,215.19735496271198
4085.540461028473,-0.012669050684365303,-7.397099472614131,536.8204450599874,215.06000627175945
4086.0666544816504,-0.012732136809102408,-7.403782460117973,537.0509981152701,214.58701174359177
4086.592847934827,-0.01279480735638645,-7.410498533790563,537.2783771740194,214.1124832853266
4086.7459673086632,-0.012812963947903471,-7.4124590573563225,537.3439433040978,213.9741119743088
4086.899086682499,-0.012831084288689626,-7.4144223581501025,537.4092378395358,213.8356123108126
4087.425280135676,-0.01289307394816096,-7.421190318983081,537.6315427861599,213.35868567155734
4087.951473588853,-0.01295463015607693,-7.427990784329346,537.8506070661674,212.8802618959718
4088.1045929626885,-0.0129724615291595,-7.429975754798644,537.9137411571936,212.7407641415885
4088.257712336524,-0.012990257148859248,-7.431963453102974,537.9765980388482,212.60114127312423
4088.7839057897013,-0.013051141009435862,-7.438814877315052,538.190483303213,212.12037981886778
4089.310099242878,-0.01311162347760317,-7.445698232610935,538.4010619713599,211.6381609201752
4089.463218616714,-0.013129151502363368,-7.447707218304461,538.4617144555356,211.4975664220866
4089.6163379905497,-0.013146648886836039,-7.4497188861807055,538.5220841805954,211.356850292642
4090.142531443727,-0.013206554557266766,-7.4566523414710355,538.7273801509969,210.87235878538843
4090.6687248969038,-0.013266147132323129,-7.463617236358581,538.9293043741085,210.38645239125802
4090.8218442707393,-0.013283435786546212,-7.465649863966295,538.9874262676412,210.24479300389544
4090.974963644575,-0.013300703452937143,-7.467685138219936,539.0452599164922,210.10301570789073
4091.501157097752,-0.013359899781276524,-7.4746994633368,539.2417989664923,209.61490626127625
4092.027350550929,-0.013418921031894251,-7.481744891111707,539.4349018393722,209.12542728299846
4092.180469924765,-0.013436071979804069,-7.483800900470703,539.4904447034758,208.98273696588475
4092.3335892986006,-0.013453215634607482,-7.485859536800817,539.5456938927272,208.8399326960343
4092.859782751778,-0.013512096527922077,-7.492954021665232,539.7333101597794,208.3483245793338
4093.3859762049547,-0.01357098875519045,-7.500079492252147,539.917426392616,207.85539499388662
4093.5390955787907,-0.013588139965963036,-7.502158785730587,539.970342225723,207.7117097448715
4093.6922149526263,-0.013605301796488176,-7.50424070795487,540.0229589928243,207.56791472409844
4094.2184084058035,-0.013664388831266784,-7.511415263415821,540.2014879237777,207.07293411965503
4094.7446018589803,-0.013723723948851803,-7.5186209753574085,540.3764532962005,206.57668271656902
4094.897721232816,-0.013741051167914539,-7.520723668568776,540.4266943576146,206.4320404967007
4095.0508406066515,-0.01375841086917845,-7.522829019424541,540.4766309765606,206.28729290252394
4095.5770340598287,-0.013818350432172243,-7.530084352110693,540.6459086324562,205.78907264328285
4096.103227513006,-0.013878813197784667,-7.537371362255369,540.8115592038174,205.2896347620647
4096.256346886841,-0.01389652170079432,-7.539497831416812,540.8590777664066,205.14407541990303
4096.409466260677,-0.013914286800800256,-7.541627018586802,540.9062864929593,204.99841530940887
4096.935659713854,-0.013975805947823,-7.548964774959567,541.0661486185147,204.49709462840113
4097.461853167031,-0.01403814001154017,-7.556335116706649,541.2223197217819,203.99461192554992
4097.614972540867,-0.014056448389342377,-7.55848602745951,541.2670677668086,203.84817713382662
4097.768091914702,-0.014074838363172186,-7.560639750035267,541.3115005284387,203.70164638268858
4098.29428536788,-0.014138696760448047,-7.568062589962862,541.4617814542734,203.19737072433117
4098.820478821057,-0.014203668259917424,-7.575519324614571,541.608306557072,202.69199102154843
4098.9735981948925,-0.014222800301876228,-7.5776956436730645,541.6502354366776,202.54472424079327
4099.126717568728,-0.014242039131295122,-7.57987490255636,541.691843492615,202.39736651056418
4099.652911021905,-0.014309007347693697,-7.5873865277174355,541.8323749511163,201.8902874477348
4100.179104475083,-0.014377382838740101,-7.594933761364899,541.9690844520361,201.38216469715437
4100.332223848918,-0.014397559851257536,-7.597136759239115,542.0081445362521,201.23411117509102
4100.485343222754,-0.014417867522757723,-7.599342858544058,542.0468781236939,201.08597191702992
4101.011536675931,-0.014488687326370793,-7.606948005268227,542.177488029226,200.57624719908702
4101.537730129108,-0.014561177244061214,-7.614590856310954,542.3042080425869,200.06554158852578
4101.690849502944,-0.014582598324946289,-7.616822091828262,542.3403483685805,199.9167484020522
4101.843968876779,-0.01460417013074567,-7.619056620432969,542.3761563541741,199.7678749044239
4102.370162329957,-0.014679480314961193,-7.626760970543616,542.4966676294407,199.25566866222468
4102.896355783134,-0.014756671119720488,-7.634505443165257,542.6132188647729,198.74254688881229
4103.049475156969,-0.014779496672549039,-7.63676672011062,542.646386823743,198.59306303704173
4103.202594530804,-0.01480248850038323,-7.639031505989086,542.6792163970116,198.44350452422117
4103.728787983981,-0.014882790520659595,-7.646841516341286,542.7894459755688,197.92898765769274
4104.254981437159,-0.014965131017983808,-7.654694317407467,542.8956428335292,197.41362338707034
4104.408100810994,-0.014989481830516554,-7.6569876304285795,542.9257839263996,197.26349993818698
4104.56122018483,-0.01501400988818055,-7.659284686297041,542.9555803639323,197.11330772328836
4105.087413638007,-0.015099667995618547,-7.6672074027253725,543.0553384455285,196.59665846888808
4105.613607091184,-0.015187461783932547,-7.6751757537796905,543.15098837738,196.07923296649736
4105.76672646502,-0.015213413628847202,-7.677503232732136,543.1780460484158,195.92852325293828
4105.9198458388555,-0.015239547485861633,-7.679834699441168,543.2047525568997,195.77775093803896
4106.446039292033,-0.015330748343993037,-7.68787755006617,543.2938421419615,195.25915559434162
4106.97223274521,-0.0154240960630334,-7.695968954817715,543.3787453102827,194.73985850752143
4107.125352119046,-0.015451661160653789,-7.698332790944436,543.4026608742724,194.58861836387345
4107.278471492881,-0.015479405645291449,-7.700700861083684,543.4262185301908,194.4373220824215
4107.804664946058,-0.015576110060849711,-7.708871374404948,543.5044353158115,193.91697587707156
4108.330858399236,-0.01567489440065979,-7.7170933201778285,543.5783846585374,193.39600615062525
4108.483977773071,-0.015704025501465314,-7.719495678618148,543.5990973525252,193.24429418844213
4108.637097146907,-0.01573332804612401,-7.721902509856637,543.619445168468,193.0925328834539
4109.163290600084,-0.015835320065029287,-7.730208031711865,543.6865778874592,192.5706409523427
4109.689484053261,-0.015939276205157397,-7.738567737853576,543.7493596179208,192.04820783633713
4109.842603427096,-0.01596988816396463,-7.741010691949712,543.7668067748436,191.89608574141909
4109.995722800932,-0.01600065981766307,-7.743458344267365,543.7838818849488,191.7439214641697
4110.521916254109,-0.016107603742350724,-7.751905844676468,543.839713025616,191.22069988529248
4111.048109707286,-0.01621634084745826,-7.76041009005849,543.8911074726618,190.69702397510972
4111.201229081122,-0.01624830795476994,-7.762895572358083,543.9052247870192,190.5445568103231
4111.354348454957,-0.01628041730240285,-7.76538595865616,543.9189627224811,190.3920550230474
4111.880541908135,-0.016391813752404307,-7.7739818473373274,543.9632695525339,189.86773185431247
4112.406735361312,-0.016504769165916273,-7.782636762259384,544.003052313816,189.343046121335
4112.559854735147,-0.016537917822556182,-7.7851664993847125,544.0137742034307,189.19030262456414
4112.712974108983,-0.016571188601211945,-7.787701319968977,544.0241092661216,189.03753249724394
4113.23916756216,-0.016686422253061925,-7.7964512298723045,544.056665211786,188.5123487855392
4113.7653610153375,-0.016802993358054394,-7.805262126848359,544.0846086615364,187.98689956305316
4113.918480389173,-0.01683715577213847,-7.807837605481101,544.091868726951,187.83395242854522
4114.071599763009,-0.016871424446718852,-7.810418321989496,544.0987344554151,187.6809871173996
4114.597793216186,-0.01698997969937354,-7.8193270945266935,544.1193107352858,187.15519783038152
4115.123986669363,-0.017109721998372254,-7.828298562369678,544.1351856644227,186.6292457025206
4115.277106043199,-0.01714478203718197,-7.8309210757485905,544.1389171590637,186.47617183081292
4115.430225417034,-0.017179936278313858,-7.833548963331927,544.1422467941848,186.32308872437162
4115.956418870212,-0.017301445587421624,-7.842620857401533,544.1506139640792,185.79696356617586
4116.482612323389,-0.017423972640583766,-7.851756956639214,544.1541910441042,185.27078414029185
4116.6357316972235,-0.017459805377751884,-7.854427647667926,544.1543272859785,185.1176648553915
4116.788851071059,-0.017495711605313755,-7.85710382847348,544.1540541799063,184.96454578842747
4117.315044524236,-0.01761962684306632,-7.866342529273525,544.1499835338535,184.438369912432
4117.841237977414,-0.01774422165088596,-7.875646612253076,544.1410347866425,183.9122544967001
4117.994357351249,-0.0177805809251592,-7.878366381178295,544.1375096131309,183.75917573657827
4118.147476725085,-0.017816976201918792,-7.88109171622912,544.133567701106,183.60610717704066
4118.673670178262,-0.0179422556204623,-7.890499846995205,544.1168330613305,183.08018179952657
4119.199863631439,-0.018067673506117942,-7.899973935401383,544.0951339633798,182.55443795972676
4119.352983005275,-0.018104161094285608,-7.902743242212262,544.0878824125709,182.40149042533187
4119.50610237911,-0.01814063352452136,-7.905518130272364,544.0802069251798,182.24856361646087
4120.032295832288,-0.01826576757092391,-7.915096556968303,544.0505873430026,181.7232064453472
4120.558489285465,-0.018390405810638142,-7.924740697935103,544.0159198958974,181.19815832524995
4120.7116086593005,-0.018426547703081667,-7.927559395509109,544.0048791652204,181.0454375503898
4120.864728033136,-0.018462623592397295,-7.930383618123582,543.9934076116451,180.8927485694806
4121.390921486313,-0.018586018532130766,-7.940131039765672,543.9506909129121,180.36829391440565
4121.917114939491,-0.01870838325213128,-7.949943119969759,543.9028473537428,179.84428219821382
4122.070234313326,-0.01874377232829159,-7.952810448292222,543.8879578932095,179.69188850989323
4122.223353687162,-0.01877905741596789,-7.955683184590976,543.872631154285,179.53953821609574
4122.749547140339,-0.018899468632230763,-7.965596342909521,543.8166176424722,179.01633671334736
4123.275740593516,-0.019018478403931907,-7.97557249210627,543.7554039839804,178.4937182115979
4123.428859967351,-0.019052829195233704,-7.978487222323819,543.7366104806027,178.34175658513288
4123.5819793411865,-0.019087049401400377,-7.981407200243371,543.717373771417,178.18985046434966
4124.108172794364,-0.019203612651513796,-7.991481421561024,543.6478793452158,177.66826847112034
4124.634366247541,-0.019318500336441197,-8.001616536862043,543.5731182035906,177.14741541212894
4124.787485621377,-0.0193516034991505,-8.0045771107705,543.5503703507885,176.99599524750423
4124.940604995212,-0.019384555069217994,-8.007542740233832,543.5271739686891,176.8446431811681
4125.466798448389,-0.019496604988418088,-8.017772329164309,543.4440325420483,176.32506192645926
4125.992991901567,-0.019606762219440164,-8.028060380068627,543.3555653577374,175.80636102645505
4126.146111275402,-0.01963845199738896,-8.03106498418118,543.3288184705243,175.6555958632552
4126.299230649238,-0.019669975242840282,-8.034074426865692,543.3016183973015,175.50491183688152
4126.825424102415,-0.019777015087829607,-8.044452889670733,543.2046838805844,174.9877263726429
4127.351617555592,-0.019882030386117966,-8.054887143489818,543.1023727606051,174.47157771913868
4127.504736929428,-0.019912203933768625,-8.057933780183687,543.071588285207,174.32158489992105
4127.6578563032635,-0.01994220299805282,-8.060985023150888,543.040346683608,174.17168666171594
4128.184049756441,-0.020043954867677165,-8.07150534203315,542.929494582941,173.6573046569554
4128.710243209618,-0.020143616883832427,-8.082078652249447,542.8132237283463,173.14412045975683
4128.863362583454,-0.020172222712470555,-8.08516522277266,542.7783696241285,172.99502075992623
4129.016481957289,-0.020200649705277112,-8.088256159372854,542.7430552054972,172.84602944789808
4129.5426754104665,-0.020296968911477038,-8.098911043870348,542.6181837798745,172.33486988892977
4130.068868863644,-0.020391153432253402,-8.109616049274806,542.4878604985103,171.82507315375838
4130.221988237478,-0.020418157301444233,-8.112740399812967,542.4489115093842,171.676990390928
4130.375107611314,-0.020444978789035503,-8.115868870955556,542.409499796038,171.52903014003093
4130.901301064491,-0.02053575544340968,-8.126650863084755,542.2705309015346,171.02152196334993
4131.4274945176685,-0.02062436332635893,-8.137480050698517,542.126086379265,170.51554509738506
4131.580613891504,-0.020649738966333566,-8.140639985497474,542.0830242474075,170.3686057202986
4131.73373326534,-0.02067492999352029,-8.143803791470187,542.0394977816588,170.22180324899807
4132.259926718517,-0.020760089311156426,-8.154705305503372,541.8863775565623,169.71838390287584
4132.786120171694,-0.020843057313362345,-8.165651053284048,541.7277674892442,169.21666725102907
4132.93923954553,-0.020866787463595562,-8.16884434842175,541.6805811286807,169.07099990924533
4133.092358919365,-0.02089033050932421,-8.172041262428534,541.632929641688,168.92548408732196
4133.618552372543,-0.020969805923849734,-8.18305462532044,541.465629049814,168.4265980333688
4134.14474582572,-0.02104704592209378,-8.194109219524444,541.2928341376727,167.92958835817768
4134.297865199555,-0.021069098690301425,-8.19733362107262,541.2415197705012,167.78532345542877
4134.450984573391,-0.021090958538221995,-8.200561383851321,541.1897403161443,167.64122485504208
4134.977178026568,-0.0211645983448384,-8.21167878477114,541.0082555958608,167.147322006343
4135.5033714797455,-0.0212359069091017,-8.222834321132854,540.8212819925972,166.65547088970175
4135.65649085358,-0.021256212595453513,-8.22608750753948,540.7658432829198,166.51274011068682
4135.809610227416,-0.021276314983545725,-8.229343786484566,540.7099403738944,166.3701905290516
4136.335803680593,-0.021343829953637358,-8.240557115751292,540.5142935295639,165.88172457502986
4136.86199713377,-0.021408867195745567,-8.251805319071142,540.3131733755858,165.3954866833503
4137.015116507606,-0.021427317765182145,-8.255084847384973,540.2536215934617,165.2544224766098
4137.168235881441,-0.021445550475363263,-8.258367182656013,540.1936073688714,165.1135544131475
4137.694429334619,-0.021506522738300612,-8.26966784996161,539.9838467736223,164.63098097758257
4138.220622787796,-0.021564816680871974,-8.280999895815464,539.7686388361338,164.15081214672105
4138.3737421616315,-0.021581263844142416,-8.284303150118667,539.70499305005,164.0115471530609
4138.526861535467,-0.02159747331420031,-8.287608902591682,539.6408874705809,163.87249323113082
4139.053054988644,-0.021651332319479934,-8.298987651095475,539.4170885569168,163.39626783221513
4139.579248441822,-0.02170224230964324,-8.310393963979012,539.187878953738,162.92262293973073
4139.732367815657,-0.021716485769623574,-8.31371809270518,539.1201662479255,162.78528935542133
4139.885487189493,-0.021730465500130643,-8.31704437967335,539.0519973164093,162.64818167711363
4140.41168064267,-0.02177645350025444,-8.328491051923095,538.8142633611748,162.1787574427007
4140.937874095847,-0.021819151224860677,-8.339961057096703,538.5711663882253,161.71208801181908
4141.090993469683,-0.021830937438356023,-8.343302899347442,538.4994221115651,161.57681686919878
4141.244112843518,-0.021842428714338835,-8.346646520808507,538.427226125148,161.44178628573485
4141.770306296696,-0.02187962004330795,-8.358149810204672,538.1756891398298,160.97961136573352
4142.296499749873,-0.021913128583455222,-8.369671700504966,537.9188481876218,160.52036285196004
4142.449619123708,-0.02192216466689012,-8.373027722568775,537.8431162232778,160.38728320598125
4142.602738497543,-0.021930870902885858,-8.376385099786683,537.7669380434506,160.254458493658
4143.1289319507205,-0.021958219753381927,-8.38793235625345,537.5017596990926,159.79997314760044
4143.655125403898,-0.02198145493465086,-8.399492921213385,537.2313481598416,159.34858190360538
4143.808244777733,-0.021987418724495153,-8.402859170760063,537.1516811834184,159.21781992599034
4143.961364151569,-0.02199301495902269,-8.40622630196206,537.0715744909501,159.08732687028626
4144.487557604746,-0.0220093843564054,-8.417803389611342,536.7929469647828,158.64096024391284
4145.013751057923,-0.02202118294787372,-8.429387888166277,536.5091690239061,158.19785018093899
4145.166870431759,-0.022023731978458312,-8.432759959972037,536.4256287216311,158.06952816750118
4145.319989805595,-0.022025874434018988,-8.436132387572911,536.341656228697,157.94148856112224
4145.846183258772,-0.022030076221487328,-8.447723584511543,536.0498028829481,157.50365517353907
4146.372376711949,-0.02202924865521583,-8.45931566919672,535.7528941082762,157.0692341469632
4146.525496085785,-0.022028038208283265,-8.462688688628619,535.6655513293932,156.94346944792235
4146.67861545962,-0.022026383355516273,-8.46606148550658,535.5777849225149,156.81800001367998
4147.2048089127975,-0.022017250042167247,-8.477649460719281,535.2729607171633,156.38909600280556
4147.731002365975,-0.02200265625722477,-8.489231193410081,534.9631883350926,155.96375198748635
4147.88412173981,-0.021997361090062128,-8.492599828606771,534.8721231437344,155.84065588361395
4148.037241113646,-0.02199158693201318,-8.495967613511105,534.7806439220154,155.71786714651407
4148.563434566823,-0.021968039523786183,-8.50753350355578,534.4631354356547,155.29826636784225
4149.08962802,-0.021938648893560984,-8.519085465775822,534.1407981698414,154.88236353164407
4149.242747393835,-0.02192897925417988,-8.522443965463724,534.0460997618205,154.7620400895265
4149.395866767671,-0.02191880096445508,-8.525800943286402,533.9509979369991,154.64203523188488
4149.922060220848,-0.021879900782810977,-8.537324508334189,533.621122891666,154.23208532893446
4150.448253674025,-0.021834843415121572,-8.548825984425566,533.2865502774442,153.8259601250688
4150.601373047861,-0.02182056033469989,-8.552168236277295,533.1883167400297,153.70850506681688
4150.754492421696,-0.02180574573300904,-8.55550825877748,533.0896913776373,153.59137880196985
4151.280685874874,-0.021750750065808625,-8.566968109987345,532.7477976046109,153.19139737294688
4151.806879328051,-0.0216893747633686,-8.57839734437602,532.401348725896,152.7953547809043
4151.959998701886,-0.02167030707151799,-8.58171695566207,532.2996866263773,152.6808544073773
4152.113118075722,-0.021650693455130862,-8.585033604657358,532.1976452143743,152.56669191165187
4152.639311528899,-0.021579109880720683,-8.596407509259677,531.8441090176115,152.17696291380526
4153.1655049820765,-0.02150103013454172,-8.607742037932253,531.4861706305453,151.79127297645573
4153.318624355912,-0.02147708573697539,-8.6110324363077,531.3811944250065,151.67980318772817
4153.471743729748,-0.021452590249355086,-8.61431912610667,531.2758522624051,151.56867913448474
4153.997937182925,-0.021364205316026706,-8.62558436993289,530.9110761643157,151.18944967540676
4154.524130636102,-0.021269319276643807,-8.636801395766105,530.542060211134,150.8143444758745
4154.677250009938,-0.02124048971832047,-8.640055940236394,530.4338914784709,150.7059699289948
4154.830369383773,-0.021211113501802336,-8.643306029312274,530.3253708907177,150.5979476639473
4155.356562836951,-0.021106004933533703,-8.654439804878967,529.9497807967834,150.229425307282
4155.882756290128,-0.02099450568840156,-8.665516591638996,529.5701213640851,149.86509650248448
4156.0358756639625,-0.020960869020641072,-8.668728688177088,529.4588878838221,149.759869938682
4156.188995037798,-0.020926699987765827,-8.671935595208353,529.3473172845323,149.65500082793704
4156.715188490975,-0.020805245516148117,-8.682915403757827,528.9613591404261,149.2973515168384
4157.241381944153,-0.020677626926383422,-8.693829682000162,528.5715089433512,148.94394852451228
4157.394501317988,-0.020639348481410174,-8.696992902159991,528.4573436420818,148.84191029294882
4157.547620691824,-0.02060056152703847,-8.70015022469487,528.3428564664748,148.7402332703012
4158.073814145001,-0.02046343421437407,-8.71095428316391,527.9469924986295,148.3935799553589
4158.600007598178,-0.020320477665597546,-8.721684652485825,527.5474189890576,148.0512088720286
4158.753126972014,-0.020277804553817735,-8.724792848922613,527.4304587856326,147.95238667045552
4158.9062463458495,-0.020234655448116767,-8.727894478028514,527.3131923265776,147.85392800315657
4159.432439799027,-0.020082798683172722,-8.738502104947683,526.9078969790726,147.51835003074817
4159.958633252204,-0.01992554361071283,-8.749028405554276,526.4990782003256,147.1870733200596
4160.11175262604,-0.019878795633334615,-8.752075817118447,526.3794627871089,147.09148216057372
4160.264871999875,-0.019831611763121423,-8.75511604109725,526.2595569716783,146.99625544038503
4160.791065453052,-0.019666206852903486,-8.765508002051178,525.8453126731241,146.6717887146526
4161.31725890623,-0.01949591776202475,-8.775811643012272,525.4277329975624,146.35162566518522
4161.470378280065,-0.019445477771371008,-8.778792986995844,525.3056035974599,146.25926806250646
4161.623497653901,-0.01939464843620607,-8.781766582144227,525.183199743603,146.16727441851106
4162.149691107078,-0.019217080462481242,-8.791925390254727,524.7604926383784,145.85391231836337
4162.675884560255,-0.01903521074023335,-8.801989631483996,524.3346385186567,145.54484024289567
4162.82900393409,-0.018981513572719693,-8.804900182044884,524.2101366551344,145.45570661535348
4162.982123307926,-0.01892747866211756,-8.807802489362775,524.0853762453285,145.36693513792648
4163.508316761103,-0.018739295541874944,-8.817712655213713,523.654692013143,145.06463014649736
4164.03451021428,-0.0185474440358688,-8.82752283519849,523.2210478671112,144.76658627005355
4164.187629588116,-0.018490963534757626,-8.830358485272262,523.0943141814074,144.68065553594994
4164.340748961951,-0.018434200463643333,-8.833185470394476,522.9673376871605,144.59508389365487
4164.8669424151285,-0.0182370677697179,-8.84283369263764,522.5291575646689,144.30374987062618
4165.393135868306,-0.018036933644766596,-8.85237739528117,522.0882019026652,144.01663382788536
4165.546255242141,-0.01797816961963504,-8.855134700670282,521.9593750487431,143.93387417244884
4165.699374615977,-0.017919180324792918,-8.857882995966538,521.8303208359299,143.85146939641297
4166.225568069154,-0.017714836900600706,-8.867258290891494,521.3851179387065,143.57098440131114
4166.751761522331,-0.017508175596911042,-8.876525451817924,520.9373198236237,143.2946612456547
4166.904880896167,-0.0174476410490706,-8.87920165778182,520.8065354655706,143.21503102924902
4167.058000270003,-0.017386939233317723,-8.881868586995322,520.6755388045959,143.13575043530577
4167.58419372318,-0.01717715353574022,-8.890962358314347,520.2237748263792,142.8659599970626
4168.110387176357,-0.016965733747649824,-8.899945311848862,519.7695907349382,142.60026361292162
4168.263506550193,-0.016903942538221667,-8.902538362539351,519.6369806651471,142.52371238837972
4168.416625924028,-0.016842041449737232,-8.905121948348045,519.5041728635659,142.44750460460423
4168.9428193772055,-0.016628570616351725,-8.913927999119455,519.0462952079819,142.18822532452597
4169.469012830383,-0.016414135120957955,-8.92262146913647,518.5861663399927,141.9329621285304
4169.622132204217,-0.016351590924467987,-8.925130001108892,518.4518577301408,141.85943173414321
4169.775251578053,-0.016288992447832554,-8.927628956950889,518.3173653990291,141.78623780029486
4170.30144503123,-0.016073545760018623,-8.936143448990787,517.853804777036,141.53726117370752
4170.8276384844075,-0.015857775845567454,-8.944544489354172,517.3881548374991,141.2922139909518
4170.980757858243,-0.015794961884507182,-8.94696781074515,517.2522696280245,141.2216396863244
4171.133877232079,-0.015732146293666007,-8.949381518424778,517.1162140871465,141.15139419253532
4171.660070685256,-0.015516349825190333,-8.957602883330093,516.6473825927885,140.91249053783105
4172.186264138433,-0.015300830084802573,-8.965710770352723,516.1766160527214,140.6774225431887
4172.339383512269,-0.01523819897935333,-8.968048826110552,516.0392704813706,140.60973415610744
4172.492502886104,-0.015175614896717695,-8.970377299494602,515.9017673032291,140.54236638903473
4173.018696339282,-0.014960978346700082,-8.978306102376404,515.4280569645537,140.3132887753377
4173.544889792459,-0.014747166232820267,-8.986122181817217,514.9525577920809,140.08794739244232
4173.6980091662945,-0.014685131774276486,-8.9883755062406,514.8138620580743,140.02307044590393
4173.85112854013,-0.014623188210939449,-8.990619342558611,514.6750207469235,139.95850551176386
4174.377321993307,-0.014411079629067047,-8.998258105866668,514.1968025348693,139.73899358284925
4174.903515446485,-0.014200282797747371,-9.005785604144853,513.716933373619,139.5231142436382
4175.05663482032,-0.014139213734778807,-9.007955263776275,513.5769914296703,139.46097103596702
4175.209754194156,-0.01407827399748654,-9.010115585556692,513.4369152272762,139.39913093390737
4175.735947647333,-0.013869899277177033,-9.017468582575459,512.9545384910151,139.18891454137741
4176.26214110051,-0.013663255112726137,-9.024712389484167,512.470640250042,138.98222422506822
4176.415260474345,-0.0136034690793396,-9.026799917857872,512.3295497111731,138.92273484048897
4176.5683798481805,-0.013543844662278336,-9.028878306749704,512.1883355180228,138.86353946403435
4177.094573301358,-0.013340226340497493,-9.035951326904366,511.7021278065803,138.66234203543567
4177.620766754535,-0.013138681557513167,-9.042917749972425,511.21451962013396,138.46456251532948
4177.773886128371,-0.013080439499649568,-9.044925074139845,511.07237177698084,138.40764574453635
4177.927005502206,-0.01302238475580851,-9.046923496618385,510.9301101765526,138.35101379085128
4178.453198955383,-0.01282434612025333,-9.053723584416494,510.44037740354213,138.1585553647928
4178.979392408561,-0.012628644763534473,-9.0604200805115,509.949356916205,137.96940609893545
4179.132511782396,-0.012572148205584284,-9.06234944185463,509.80623683955855,137.91498025205104
4179.285631156232,-0.012515857888625312,-9.0642701696279,509.663012212234,137.8608300219641
4179.811824609409,-0.01232401643748959,-9.07080534873531,509.17003911614324,137.67682989657433
4180.338018062586,-0.012134695352130135,-9.077240245227065,508.6758830437666,137.49603051662817
4180.491137436422,-0.012080085279021997,-9.079094117923225,508.53186976558436,137.4440141168368
4180.6442568102575,-0.012025693477558648,-9.08093964621848,508.3877604773339,137.39226419453945
4181.170450263435,-0.011840457034731118,-9.087218637363348,507.89181132577374,137.21644315566627
4181.696643716612,-0.011657841632240014,-9.093400847891836,507.3947762406047,137.04371552597075
4181.849763090448,-0.011605197191000938,-9.095181855776163,507.2499429966145,136.99402787645843
4182.002882464283,-0.011552776077777212,-9.096954820023335,507.1050216476683,136.9445976818044
4182.52907591746,-0.011374339523899263,-9.1029867533032,506.6063411357762,136.77667978812994
4183.055269370638,-0.01119854348305552,-9.108925489146937,506.10666442754575,136.61174961449706
4183.208388744472,-0.011147882711854587,-9.110636321770015,505.96107894770716,136.56431123320388
4183.361508118308,-0.011097443661359719,-9.112339413809309,505.8154126675734,136.5171214414251
4183.887701571485,-0.010925795970003342,-9.118133542746545,505.3142269642039,136.35683535179172
4184.413895024662,-0.010756732544650873,-9.123838031704254,504.8121279311114,136.1994333318258
4184.567014398498,-0.010708016338158599,-9.125481363757189,504.6658527644952,136.15416625315854
4184.720133772334,-0.010659514108953766,-9.127117251865945,504.51950353987866,136.10913908186515
4185.246327225511,-0.010494453860795252,-9.13268268379254,504.0160214352317,135.95621893027587
4185.772520678688,-0.010331852037949937,-9.138161908900818,503.5117024587448,135.80608145896514
4185.925640052524,-0.010284988758953896,-9.139740325797357,503.3647953195678,135.76290940785734
4186.078759426359,-0.010238326049865838,-9.141311580972488,503.2178203420328,135.71996877720528
4186.6049528795365,-0.01007947624436389,-9.146657028764242,502.71223445269936,135.57415461863152
4187.131146332714,-0.009922895186263617,-9.151919487728309,502.2058822145139,135.4310240751844
4187.284265706549,-0.009877744975443331,-9.153435417018308,502.05839633774366,135.3898725212834
4187.437385080385,-0.009832776908718055,-9.154944445084098,501.9108483597784,135.34894409517415
4187.963578533562,-0.00967960266833452,-9.16007799946432,501.40333635415925,135.20998194938124
4188.4897719867395,-0.00952845386839548,-9.165131487448798,500.89512306080354,135.07360659403588
4188.642891360574,-0.009484836095299857,-9.166587137917421,500.74710755768007,135.03440269489155
4188.79601073441,-0.00944137805442789,-9.168036119790006,500.5990352476424,134.99541381246192
4189.322204187587,-0.009293216363648162,-9.172965053883141,500.08976105965326,134.86305534176296
4189.848397640764,-0.009146796364484606,-9.177816484497933,499.57984564338085,134.73318886600836
4190.0015170146,-0.009104499451356742,-9.179213797384946,499.4313458478204,134.69586131354154
4190.154636388435,-0.009062336955147694,-9.180604641770827,499.2827941347947,134.6587408258836
4190.680829841613,-0.008918430116451279,-9.18533526006997,498.77190913567017,134.53274270307992
4191.20702329479,-0.008775952233965037,-9.189990531486417,498.26043840303964,134.40914349510325
4191.3601426686255,-0.008734742375229428,-9.191331144617159,498.1114962010093,134.37362228399655
4191.513262042461,-0.008693639595839738,-9.192665453472992,497.9625066018853,134.33830031490032
4192.039455495638,-0.008553163090655411,-9.197202982647282,497.4501507056627,134.21842334580836
4192.565648948816,-0.008413784812346484,-9.201666882944107,496.9372604127018,134.1008535339172
4192.718768322651,-0.008373414184207057,-9.202952105881621,496.787914549085,134.06706966962136
4192.871887696487,-0.008333122380405478,-9.204231150860773,496.6385254726513,134.03347731783364
4193.398081149664,-0.008195216360863034,-9.208579669161082,496.1248281593745,133.91948537716337
4193.924274602841,-0.008058074740050658,-9.212855823327553,495.6106439997196,133.80770971001024
4194.077393976677,-0.008018292535402453,-9.214086625550804,495.4609303590334,133.77559487390045
4194.230513350512,-0.007978561302792134,-9.215311337869398,495.31117738355374,133.7436638747612
4194.75670680369,-0.007842370499195771,-9.219473753823852,494.79625862862866,133.63532272033177
4195.282900256867,-0.007706622443055582,-9.223564623554466,494.28089712394126,133.52910735467364
4195.436019630702,-0.007667186375416039,-9.224741638390496,494.1308489819532,133.49859354804852
4195.589139004537,-0.0076277749895524855,-9.225912614487163,493.9807651033877,133.46825591654894
4196.115332457714,-0.007492485542124654,-9.22989069918131,493.46473620433875,133.3653319596361
4196.641525910892,-0.007357341065865068,-9.23379763359537,492.9483054902961,133.26444323413867
4196.794645284727,-0.007318026327447003,-9.234921176171971,492.79795373506784,133.23546242358256
4196.947764658563,-0.007278712467682078,-9.236038697031425,492.6475695846877,133.20665010111324
4197.47395811174,-0.0071435808589446845,-9.239833160331786,492.1305338829422,133.1089092062971
4198.000151564917,-0.007008332117113203,-9.24355648744697,491.6131343912581,133.01311246960114
4198.153270938753,-0.006968940168618877,-9.244626584182965,491.4625077142519,132.98559625254512
4198.3063903125885,-0.006929528898355276,-9.245690646198605,491.3118517464762,132.9582407758403
4198.832583765766,-0.006793914587670785,-9.24930125371774,490.7939052482061,132.86544715229033
4199.358777218943,-0.006657970502429758,-9.252840415111821,490.2756302900042,132.77450570690772
4199.511896592779,-0.006618339382461792,-9.253856846377417,490.1247553489401,132.74838501564773
4199.665015966614,-0.006578673455608574,-9.25486720556436,489.9738540011343,132.72241722639097
4200.191209419791,-0.006442073720033261,-9.258292942633414,489.45508590340063,132.63433247621495
4200.717402872969,-0.006304992578201852,-9.261646675159485,488.93602216074373,132.54800670629533
4200.870522246804,-0.006265005713844563,-9.262609031317764,488.784923716322,132.5232115705427
4201.02364162064,-0.006224974049263598,-9.263565260667843,488.6338015427583,132.4985613856707
4201.549835073817,-0.006087049958289175,-9.266804538650268,488.11429467331715,132.41494377694806
4202.076028526994,-0.005948561017511691,-9.269971093268849,487.5945226087228,132.3329905235167
4202.229147900829,-0.0059081527863953445,-9.270878840376353,487.44322363839007,132.30944990883876
4202.382267274665,-0.005867695809794583,-9.271780396410236,487.2919034216826,132.2860461683387
4202.908460727842,-0.005728289697184131,-9.274831287379664,486.7717346049246,132.2066501855349
4203.434654181019,-0.005588310237232895,-9.277808672919486,486.25132880267694,132.12882241480807
4203.587773554855,-0.005547471029071605,-9.278661225333625,486.09985059564275,132.10646414902587
4203.74089292869,-0.005506585744792065,-9.279507521484751,485.9483534399222,132.08423455288772
4204.267086381868,-0.0053657386876571735,-9.282368016421765,485.4275938037522,132.00881076258702
4204.793279835045,-0.005224390633970835,-9.285154266748858,484.9066232577351,131.93485756331043
4204.94639920888,-0.005183171351990325,-9.285951066493359,484.75498549544926,131.91360836118818
4205.099518582716,-0.00514191562086769,-9.286741553122555,484.60333090544754,131.89247950575663
4205.625712035893,-0.00499987991127576,-9.289409841512931,484.08204614314496,131.82077477230362
4206.1519054890705,-0.004857497922915336,-9.292003300537987,483.5605745048825,131.75044171438878
4206.305024862906,-0.0048160113392803645,-9.292743900923627,483.4087953309072,131.73022730931586
4206.458144236742,-0.0047745047703706125,-9.293478149105612,483.2570012808814,131.71012483130647
4206.984337689919,-0.004631743179276187,-9.295952907112248,482.7352518814255,131.64188290657955
4207.510531143096,-0.004488868437374015,-9.298352515134672,482.21333768185,131.5749127773231
4207.663650516932,-0.004447286434592427,-9.299036663327174,482.0614337650773,131.55565816296067
4207.816769890767,-0.004405707261627492,-9.299714446979166,481.9095167615182,131.53650699330163
4208.342963343945,-0.004262879863045827,-9.301995115493096,481.387358221908,131.4714694814491
4208.869156797122,-0.0041202436349846,-9.30420067946129,480.8650550800883,131.40760339045733
4209.0222761709565,-0.004078791909033285,-9.304828393416118,480.7130416750558,131.3892331680387
4209.175395544792,-0.004037371462347171,-9.305449765411511,480.56101681687267,131.3709578905345
4209.701588997969,-0.0038953150001191975,-9.30753680482867,480.03849984851684,131.3088655656713
4210.227782451147,-0.0037538155384905796,-9.309549241610451,479.51585667830744,131.24784438994823
4210.380901824982,-0.0037127664255373646,-9.310120878515587,479.3637476855546,131.23028321187064
4210.534021198818,-0.0036717817443461536,-9.31068623800707,479.21162872456546,131.21280851686438
4211.060214651995,-0.0035314827060032947,-9.312581350689996,478.6887994625575,131.15340295675267
4211.586408105172,-0.003392155509095661,-9.314402894625754,478.16586068454336,131.09496908413254
4211.739527479008,-0.003351818722194597,-9.314919208285785,478.01366871288326,131.07814218078724
4211.892646852843,-0.0033115829691824803,-9.315429356634443,477.8614681163698,131.06139340034557
4212.418840306021,-0.0031741416379452722,-9.317135667371737,477.3383683367879,131.00441888655834
4212.945033759198,-0.003038118258186449,-9.318770030438722,476.81517409941085,130.94831820225957
4213.0981531330335,-0.0029988278061599187,-9.319232213673832,476.6629105310334,130.93215197481015
4213.251272506869,-0.002959676727661976,-9.3196883948185,476.51063954718813,130.91605568152497
4213.777465960046,-0.0028262572386454593,-9.321210572950486,475.98730689472086,130.86126129912452
4214.303659413224,-0.0026947113148174905,-9.322663039549685,475.46389330613704,130.80724533939127
4214.456778787059,-0.0026568092797785775,-9.323072746339156,475.31156836488026,130.79166799455078
4214.609898160895,-0.0026190848599533544,-9.323476666481612,475.1592370914275,130.7761526392462
4215.136091614072,-0.0024908588320687428,-9.324820974288857,474.6357053178669,130.7232944853671
4215.662285067249,-0.0023649509899720403,-9.326098420306787,474.1121046883225,130.6711226607993
4215.815404441084,-0.002328772027338755,-9.326457765923026,473.95972751087993,130.65606485836892
4215.9685238149195,-0.002292807262316644,-9.326811591319407,473.8073449665589,130.64106141725455
4216.494717268097,-0.0021709042640965194,-9.327985859285736,473.28364417837435,130.58990481699277
4217.020910721274,-0.0020517361849606585,-9.32909670224073,472.75988527013186,130.53934660590036
4217.17403009511,-0.002017594699328055,-9.329408244296213,472.607463979105,130.52474209089883
4217.327149468945,-0.001983700882780686,-9.329714580327677,472.4550381768226,130.51018469441394
4217.8533429221225,-0.0018691644868077423,-9.330728120426503,471.93119508700016,130.46050633265972
4218.3795363753,-0.0017577334408291547,-9.331682209231028,471.4073033661964,130.41134335826584
4218.532655749135,-0.001725909857611355,-9.331948911066284,471.2548451432593,130.39712955335446
4218.685775122971,-0.0016943626952688547,-9.332210763519274,471.1023831631695,130.38295607258766
4219.211968576148,-0.0015881017239751734,-9.333074219586022,470.5784213414197,130.3345459589774
4219.738162029325,-0.0014852519034799655,-9.33388265928795,470.0544192263858,130.2865738662461
4219.891281403161,-0.001455978841669779,-9.334107834164385,469.90193038410615,130.27269239939852
4220.044400776997,-0.0014270048963421066,-9.334328551367241,469.7494384452131,130.2588449648717
4220.570594230174,-0.001329749909616001,-9.335053684906796,469.2253785622059,130.21150814412206
4221.096787683351,-0.0012361352396472005,-9.335728601264462,468.70128566450927,130.16453818936796
4221.249907057187,-0.0012095881721577303,-9.335915840346052,468.54877171582297,130.15093533217143
4221.403026431022,-0.001183356197542154,-9.336099039774734,468.39625524513406,130.1373607608793
4221.9292198841995,-0.0010956351515357655,-9.336698468839613,467.87211530751256,130.09091869112788
4222.455413337377,-0.001011702043001232,-9.337252736258318,467.3479486625196,130.04477897787888
4222.608532711211,-0.000987995360033558,-9.337405827922876,467.19541438691607,130.0314059775882
4222.761652085047,-0.0009646127115320131,-9.337555314911919,467.0428780852028,130.01805609252085
4223.287845538224,-0.0008867403922657715,-9.338042230983993,466.5186736581549,129.9723476463402
4223.8140389914015,-0.0008127191881897003,-9.338489184367276,465.9944479421319,129.92688397409762
4223.967158365237,-0.0007919039498149345,-9.338612029563786,465.8418974477682,129.91369727165548
4224.120277739073,-0.0007714145056048443,-9.338731712332635,465.6893453512036,129.90052910670434
4224.64647119225,-0.0007034867278628643,-9.339119586082816,465.16508976661186,129.85541117438356
4225.172664645427,-0.0006393887900015867,-9.33947272429939,464.64081749929085,129.81048748479097
4225.325784019263,-0.0006214525723786308,-9.339569250045827,464.48825428090635,129.7974488149918
4225.478903393098,-0.0006038369354134186,-9.339663053214665,464.33568981852954,129.7844247017806
4226.005096846276,-0.0005457344400084929,-9.339965338146797,463.81139436907733,129.73977238779503
4226.531290299453,-0.0004913613803946728,-9.340238031128575,463.2870861027576,129.6952708046771
4226.684409673288,-0.00047623203395686384,-9.3403121063305,463.1345130958021,129.68234717871096
4226.837529047124,-0.0004614117401285492,-9.340383887341448,462.98193914325367,129.66943471623574
4227.363722500301,-0.00041281790290903395,-9.340613738226196,462.4576132641868,129.62514113756768
4227.8899159534785,-0.00036778334888706344,-9.340818955787684,461.9332777612197,129.58096161869003
4228.043035327314,-0.0003553359105237782,-9.340874314583118,461.7806973927374,129.56812519607496
4228.19615470115,-0.00034318054139009357,-9.340927788102514,461.6281163228131,129.5552971109219
4228.722348154327,-0.0003036069717344069,-9.341097809752762,461.1037677632456,129.5112728295094
4229.248541607504,-0.0002673635976004149,-9.341247884213272,460.5794121638348,129.46733246958064
4229.401660981339,-0.0002574283588145263,-9.341288059606166,460.4268264006813,129.45456033208336
4229.554780355174,-0.00024776371091818925,-9.341326732396576,460.27424013128797,129.44179424222858
4230.080973808352,-0.0002165790200490681,-9.341448765529686,459.74987511713,129.3979663786716
4230.607167261529,-0.00018844840199567015,-9.341555192999175,459.2255050996111,129.3541984137478
4230.7602866353645,-0.0001808198026431483,-9.341583462013828,459.0729154946435,129.34147225631506
4230.9134060092,-0.00017343687223792713,-9.341610579455343,458.92032553479856,129.3287503537234
4231.439599462377,-0.0001498982679790107,-9.341695527559176,458.3959489254891,129.28506143586563
4231.965792915555,-0.00012910344137434152,-9.341768811682464,457.8715688611617,129.24141400477035
4232.11891228939,-0.00012354969607195166,-9.34178815313694,457.71897659797116,129.2287197600202
4232.272031663226,-0.00011821435346748228,-9.341806658472262,457.5663840923954,129.21602842875166
4232.798225116403,-0.00010150110327067256,-9.341864359117336,457.04199953315265,129.1724350337663
4233.32441856958,-8.720002399241833e-05,-9.341913899993841,456.517612637076,129.1288697567361
4233.477537943416,-8.347279533365252e-05,-9.341926965483438,456.3650185736105,129.11619717077093
4233.6306573172515,-7.993541536752289e-05,-9.341939472273076,456.21242434623514,129.103526558434
4234.156850770429,-6.918150180265077e-05,-9.341978613621333,455.6880344167139,129.05999781006744
4234.683044223606,-6.0498869095687726e-05,-9.342012641277881,455.16364289503286,129.0164882462719
4234.836163597442,-5.8342343034830737e-05,-9.342021738939705,455.0110476062174,129.00383042364882
4234.989282971277,-5.6346793330975056e-05,-9.34203051620653,454.8584522026865,128.99117398396194
4235.515476424454,-5.067107843208395e-05,-9.34205859631404,454.3340585621302,128.94768996520426
4236.041669877632,-4.67272948240927e-05,-9.342084145562973,453.8096637557401,128.90422000790792
4236.194789251466,-4.5886365980836864e-05,-9.342091235590738,453.6570675749864,128.89157294252843
4236.347908625302,-4.5178079884627796e-05,-9.3420982045777,453.5044713040258,128.8789269655903
4236.874102078479,-4.3711158050736936e-05,-9.34212152950217,452.9800748323094,128.835477102479
4237.400295531656,-4.364774430069357e-05,-9.34214445180035,452.4556773560134,128.79203936531923
4237.553414905492,-4.3875130260382785e-05,-9.342151152369778,452.30308041533254,128.77940147234867
4237.706534279328,-4.4208091547222806e-05,-9.34215789354346,452.150483388679,128.7667646175208
4238.232727732505,-4.6115277236424256e-05,-9.342181609364363,451.6260843220601,128.72334608363732
4238.758921185682,-4.911624534002618e-05,-9.342206616504457,451.10168419786214,128.67994032490472
4238.912040559518,-5.017839490313314e-05,-9.34221421855759,450.94908646615545,128.667311986844
4239.065159933353,-5.132090461194622e-05,-9.342221987285653,450.79648863661157,128.6546848311259
4239.5913533865305,-5.582095634017228e-05,-9.342250140492327,450.27208669662053,128.61130101517116
4240.117546839708,-6.112982604385927e-05,-9.342280874394115,449.747683479496,128.56793263949316
4240.270666213543,-6.281154773631292e-05,-9.342290363585578,449.5950847985294,128.55531577729278
4240.423785587379,-6.455070758620885e-05,-9.342300112780688,449.4424859956462,128.54270038982008
4240.949979040556,-7.093012410033789e-05,-9.342335733096425,448.91808050938965,128.49935946078136
4241.476172493733,-7.786251437990714e-05,-9.342374855704948,448.3936734038079,128.45603812957444
4241.629291867569,-7.997032340676316e-05,-9.342386939761907,448.2410735213741,128.44343580732283
4241.782411241405,-8.211524227129868e-05,-9.34239934774422,448.0884734842672,128.43083535825258
4242.308604694582,-8.97382248784383e-05,-9.342444547401557,447.56406349448434,128.38754895451726
4242.834798147759,-9.769022701317327e-05,-9.34249384478639,447.03965146010177,128.34428732842937
4242.987917521594,-0.00010005449222943895,-9.342508984587024,446.8870500599279,128.33170339779065
4243.141036895429,-0.00010243830574273753,-9.342524486482798,446.7344484667952,128.31912180749111
4243.667230348607,-0.00011075274840941425,-9.342580570287009,446.21003283025925,128.2759038683011
4244.193423801784,-0.00011920548879734324,-9.342641065482187,445.68561467550677,128.2327164971132
4244.346543175619,-0.0001216815007914766,-9.342659508305264,445.53301140356274,128.22015528548155
4244.499662549455,-0.0001241623248951328,-9.342678329452387,445.38040789757235,128.20759691775876
4245.025856002632,-0.00013270223722305056,-9.342745910516474,444.8559853707997,128.16446266807648
4245.5520494558095,-0.0001412230247409318,-9.342817980194836,444.3315598334948,128.1213650365013
4245.705168829645,-0.00014369109897123024,-9.342839793751464,444.1789543204827,128.10883108084977
4245.858288203481,-0.00014615203234844026,-9.342861983740667,444.02634853182565,128.09630048197724
4246.384481656658,-0.0001545368013955943,-9.342941100314883,443.501917843507,128.05326557526425
4246.910675109835,-0.00016277729655554424,-9.343024590941681,442.97748365809053,128.0102733068016
4247.063794483671,-0.00016514204734128474,-9.343049696965931,442.8248755380346,127.99777113342918
4247.216913857506,-0.00016749036273366674,-9.343075163115603,442.67226710207615,127.98527281700127
4247.743107310684,-0.00017542137779303214,-9.343165392553301,442.14782701212465,127.942352634614
4248.269300763861,-0.00018311336479351,-9.343259732351688,441.6233829635996,127.89948085016805
4248.422420137696,-0.0001853023281466335,-9.343287938741817,441.47077188859186,127.88701479903426
4248.575539511531,-0.00018746803235790305,-9.343316478025102,441.3181604601948,127.8745530751799
4249.101732964708,-0.00019472328519096,-9.343417044723806,440.793709805768,127.83176217625798
4249.627926417886,-0.00020167262493904755,-9.343521348604312,440.26925477086127,127.78902499982046
4249.781045791721,-0.00020363438709367066,-9.343552379342123,440.1166404221437,127.77659909095553
4249.934165165557,-0.00020556830178321126,-9.343583708017308,439.9640256863541,127.76417793728447
4250.460358618734,-0.00021199544885225447,-9.343693582930104,439.4395634156023,127.7215296492672
4250.986552071911,-0.00021807465871360307,-9.343806748224461,438.91509639203406,127.6789398496068
4251.139671445747,-0.00021977661526468046,-9.343840270487346,438.76247848769987,127.66655768817358
4251.2927908195825,-0.00022144810236367554,-9.343874050865566,438.6098601670892,127.65418065894367
4251.81898427276,-0.00022695641450650518,-9.34399204078075,438.08538536170596,127.61168679601833
4252.345177725937,-0.00023209631606971169,-9.344112832206095,437.560905486748,127.56925555079879
4252.498297099773,-0.0002335221961156245,-9.344148480257747,437.40828378642044,127.55692026670596
4252.651416473608,-0.00023491666506428343,-9.344184344214646,437.255661645449,127.54459043605009
4253.177609926785,-0.00023946836076702368,-9.34430916961933,436.73117353333913,127.5022611308088
4253.703803379963,-0.00024364930520642656,-9.344436292553041,436.2066800930423,127.45999789786123
4253.856922753798,-0.0002447966066461937,-9.344473688195952,436.0540543999456,127.44771211540109
4254.010042127634,-0.0002459129462068127,-9.344511257232162,435.90142824676724,127.43543205005432
4254.536235580811,-0.00024951435684861917,-9.344641618247925,435.37692620628974,127.39327568249878
4255.062429033988,-0.00025275740359782106,-9.344773780018013,434.85241863686826,127.35118816217776
4255.215548407823,-0.00025363483389670346,-9.344812549557098,434.6997887977268,127.33895399498718
4255.368667781659,-0.00025448285778764,-9.344851451371051,434.5471584838702,127.32672575180686
4255.894861234836,-0.0002571756967802933,-9.344986081731873,434.02264204116483,127.28474895950346
4256.421054688013,-0.0002595339824413265,-9.34512204102705,433.4981199240482,127.2428431319482
4256.574174061849,-0.0002601589707778494,-9.34516182879723,433.3454858272502,127.23066219859986
4256.727293435684,-0.00026075694241652823,-9.345201710433544,433.19285124561446,127.2184873421937
4257.2534868888615,-0.00026260991144530423,-9.3453394198003,432.668320066504,127.17669509556566
4257.779680342039,-0.00026416046634707694,-9.34547802462305,432.14378311852545,127.13497531704157
4257.932799715874,-0.0002645568285677533,-9.345518503230021,431.99114469097725,127.12284877270457
4258.08591908971,-0.00026492914848687716,-9.345559040965087,431.838505772563,127.11072840863002
4258.612112542887,-0.0002660301753259628,-9.34569874623386,431.31395965045334,127.06912413600591
4259.138305996064,-0.00026686646180880066,-9.345838961203416,430.7894077105546,127.02759327932756
4259.2914253699,-0.0002670622881570924,-9.345879838738998,430.63676491361394,127.01552185921673
4259.444544743736,-0.00026723740824345307,-9.345920744975105,430.4841216233754,127.00345667851052
4259.970738196913,-0.0002676866846997234,-9.346061491575503,429.9595604644468,126.96204242668432
4260.49693165009,-0.00026791195457984856,-9.346202415646825,429.4349934781344,126.92070205201568
4260.650051023926,-0.00026793773694877885,-9.346243440196876,429.28234630297305,126.90868612274777
4260.803170397761,-0.00026794631494152053,-9.346284467685583,429.12969863513604,126.89667645395237
4261.3293638509385,-0.00026785016154283285,-9.346425441981001,428.6051224419645,126.85545307145713
4261.855557304116,-0.0002675716493726312,-9.346566317703125,428.0805404445936,126.81430361527516
4262.0086766779505,-0.0002674586548510301,-9.346607279476297,427.92788890729014,126.80234323068854
4262.161796051786,-0.0002673319573623835,-9.346648223200662,427.7752368804304,126.79038909598266
4262.687989504963,-0.0002667975691004988,-9.346788757138373,427.2506457350139,126.7493564278015
4263.214182958141,-0.0002661216119033582,-9.34692897263815,426.72604883480847,126.70839739935803
4263.367302331976,-0.0002659005351245407,-9.346969704070547,426.57339297142255,126.69649235781048
4263.520421705812,-0.00026566912244961876,-9.34701040114591,426.42073662355136,126.68459353031172
4264.046615158989,-0.0002648002973722511,-9.347149970431857,425.89613067054455,126.64375061437943
4264.572808612166,-0.0002638284372512824,-9.347289055439544,425.37151903209036,126.60298079069281
4264.725927986002,-0.00026352833454729277,-9.347329429662729,425.2188588939208,126.59113069135772
4264.879047359837,-0.00026322102457641486,-9.347369757643502,425.0661982777738,126.57928675117702
4265.405240813015,-0.0002621148235525459,-9.347507974759736,424.54157770856,126.53863200880284
4265.931434266192,-0.00026094079439852405,-9.347645591954866,424.01695153733436,126.4980496209905
4266.0845536400275,-0.0002605882656742106,-9.34768551998823,423.8642871865126,126.48625391718423
4266.237673013863,-0.0002602313417941632,-9.34772539393685,423.711622365188,126.47446430431961
4266.76386646704,-0.00025897556022445395,-9.347861997183234,423.1869874032574,126.43399571836338
4267.290059920218,-0.00025768306129524284,-9.34799792998535,422.66234693160703,126.39359862375088
4267.443179294053,-0.0002573016591755273,-9.348037356971119,422.5096784371358,126.38185667178199
4267.596298667889,-0.0002569183055543172,-9.3480767256045,422.3570094801892,126.37012073438983
4268.122492121066,-0.0002555897353804396,-9.348211565238064,421.83236036814964,126.3298360105328
4268.648685574243,-0.00025425100231265174,-9.348345703112864,421.30770584299563,126.28962184644385
4268.801804948078,-0.0002538608734288346,-9.348384603907066,421.1550332773058,126.27793294889698
4268.9549243219135,-0.00025347084080796893,-9.348423445134227,421.00236025736655,126.26624998590242
4269.481117775091,-0.00025213430276664194,-9.348556467682286,420.47769724579166,126.2261466938095
4270.007311228268,-0.00025080939923560064,-9.348688790013771,419.9530289182161,126.18611301038966
4270.160430602104,-0.0002504271229549252,-9.348727164429874,419.80035235427613,126.17447645317705
4270.313549975939,-0.00025004658644295835,-9.348765480571883,419.6476753442211,126.16284575060033
4270.839743429116,-0.00024875457566026117,-9.348896712267837,419.1229986824204,126.12292144316217
4271.365936882294,-0.00024749123152223527,-9.349027271658269,418.5983167991847,126.08306581390111
4271.519056256129,-0.00024712980610671573,-9.349065139596586,418.4456363081728,126.07148089677567
4271.672175629965,-0.0002467713661134543,-9.349102952514816,418.2929553788611,126.05990175750385
4272.198369083142,-0.00024556416619287823,-9.34923248257955,417.7682653075703,126.02015406747864
4272.724562536319,-0.0002443980660497226,-9.3493613882368,417.24357010453383,125.98047417711251
4272.877681910155,-0.00024406702590807456,-9.349398784883364,417.09088575405826,125.9689402376133
4273.0308012839905,-0.0002437398404377263,-9.349436131197344,416.93820097261056,125.95741200461619
4273.556994737168,-0.00024264609257421217,-9.349564095583952,416.41349771853334,125.91783871887743
4274.083188190345,-0.0002416016094048893,-9.349691497408967,415.8887894158803,125.87833242920104
4274.236307564181,-0.00024130726706400162,-9.349728468681874,415.73610126871506,125.86684886024544
4274.389426938016,-0.0002410173050857585,-9.349765395253126,415.58341269730647,125.85537093347693
4274.915620391193,-0.00024005495759094465,-9.349891961440635,415.05869646937913,125.81597004589908
4275.441813844371,-0.00023914620385514438,-9.350018035347528,414.53397526850483,125.77663544081308
4275.594933218205,-0.00023889197104957677,-9.350054633731691,414.38128338179797,125.76520170237238
4275.748052592041,-0.00023864233960562908,-9.350091193547795,414.22859107691386,125.75377354981474
4276.274246045218,-0.00023781980762984384,-9.35021654678632,413.7038620641186,125.71454329451366
4276.8004394983955,-0.00023705184326652947,-9.350341481570457,413.1791281459912,125.67537870621226
4276.953558872231,-0.00023683859023089547,-9.35037776241696,413.0264325708855,125.66399433165432
4277.106678246067,-0.00023662989763278478,-9.350414010946162,412.87373658298696,125.65261549510058
4277.632871699244,-0.00023594734444934895,-9.35053834215976,412.34899495351686,125.6135543621458
4278.159065152421,-0.00023531751390219765,-9.350662328089486,411.82424847830913,125.57455838066238
4278.312184526257,-0.00023514396972827643,-9.35069834642943,411.6715492599184,125.56322297842277
4278.465303900092,-0.00023497473058871346,-9.350734338496025,411.51884963345367,125.55189307466657
4278.99149735327,-0.00023442549284606078,-9.350857834025781,410.99409553501863,125.51299981062823
4279.517690806447,-0.0002339248872847043,-9.350981053345192,410.469336642797,125.47417127919913
4279.670810180282,-0.0002337880695993386,-9.35101686127155,410.3166338204741,125.46288453051564
4279.823929554118,-0.00023365513525849742,-9.351052648503211,410.1639305941758,125.45160324869077
4280.350123007295,-0.00023322719974741863,-9.351175481838288,409.63916415522937,125.41287684462704
4280.8763164604725,-0.0002328421147231324,-9.351298101270315,409.1143929674784,125.3742148435415
4281.029435834308,-0.00023273774737348607,-9.351333745899938,408.96168657530995,125.36297649703533
4281.182555208144,-0.0002326367203087414,-9.351369374753295,408.80897978271065,125.35174359289063
4281.708748661321,-0.00023231411780851366,-9.35149170022312,408.2842011143774,125.31318326247049
4282.234942114498,-0.0002320274042600917,-9.35161386538388,407.7594177361419,125.27468708407166
4282.388061488333,-0.00023195030316321735,-9.35164938736452,407.6067078036072,125.26349694794105
4282.541180862168,-0.00023187592035378552,-9.351684897691138,407.45399747371425,125.2523122358096
4283.067374315346,-0.0002316400295895227,-9.351806845981956,406.92920667221273,125.21391738613568
4283.593567768523,-0.00023143237947566343,-9.351928677578613,406.4044111946607,125.17558650346771
4283.7466871423585,-0.00023137682376650045,-9.351964110109117,406.25169774740044,125.16444443600676
4283.899806516194,-0.0002313233258022489,-9.351999534232247,406.09898390547323,125.15330777917933
4284.425999969371,-0.00023115412367009705,-9.352121209642627,405.5741810548449,125.11507797671746
4284.952193422549,-0.00023100527982651152,-9.352242801376146,405.0493735580692,125.07691200818323
4285.105312796384,-0.00023096535405463727,-9.352278169714692,404.89665661871,125.06581790730739
4285.25843217022,-0.00023092682221192905,-9.352313531989273,404.743939287088,125.05472920748599
4285.784625623397,-0.0002308039962868246,-9.352435011303001,404.2191244620609,125.01666414138855
4286.310819076574,-0.00023069378596128075,-9.352556429305647,403.6943050179515,124.97866281362768
4286.46393845041,-0.0002306636645182794,-9.352591750706162,403.54158460694106,124.96761660603053
4286.617057824245,-0.00023063429797476123,-9.35262706749824,403.3888638058774,124.95657579247757
4287.143251277423,-0.00023053814436344196,-9.352748400225346,402.8640370747117,124.91867523733558
4287.6694447306,-0.0002304473014456401,-9.352869683754271,402.33920574976077,124.88083834822035
4287.8225641044355,-0.00023042147536446664,-9.352904967747552,402.1864818861733,124.86983997868506
4287.975683478271,-0.00023039581304782513,-9.35294024774988,402.03375763463526,124.85884699758006
4288.501876931448,-0.0002303079651087798,-9.353061457463266,401.508919061831,124.8211107772656
4289.028070384626,-0.00023021880765890996,-9.353182620607104,400.98407591976144,124.78343816054007
4289.18118975846,-0.0002301922723350519,-9.353217869563059,400.8313486220462,124.77248758182753
4289.334309132296,-0.00023016537590540983,-9.353253114385666,400.6786209384553,124.76154238624207
4289.860502585473,-0.00023006939561750206,-9.353374200957175,400.1537705872287,124.72397034018823
4290.38669603865,-0.00022996635355271563,-9.353495235166546,399.62891569135985,124.68646183299776
4290.539815412486,-0.0002299347492718209,-9.353530445081054,399.47618497800727,124.67555899665439
4290.6929347863215,-0.00022990233757077936,-9.353565650059075,399.3234538808952,124.66466153748132
4291.219128239499,-0.00022978412799995056,-9.353686592582614,398.7985918153505,124.62725349048165
4291.745321692676,-0.00022965407821163344,-9.35380746978992,398.2737252306388,124.5899089047567
4291.898441066512,-0.00022961377303226614,-9.353842631223777,398.1209911207484,124.57905375309998
4292.051560440347,-0.00022957229874276915,-9.353877786368708,397.96825662931366,124.56820397118219
4292.5777538935245,-0.00022942032245771007,-9.353998546508986,397.4433829162651,124.53095970746666
4293.103947346702,-0.00022925274488882583,-9.354119222575685,396.918504710982,124.49377880578128
4293.257066720537,-0.00022920086974344517,-9.354154321671551,396.7657672247239,124.48297126521678
4293.410186094373,-0.0002291475501871064,-9.354189412693344,396.61302935928063,124.47216908481936
4293.93637954755,-0.00022895290462380456,-9.354309938227933,396.08814406970174,124.43508832681876
4294.462573000727,-0.00022873991278187373,-9.354430356514447,395.5632543167395,124.39807080302039
4294.615692374563,-0.00022867436237311543,-9.354465376037515,395.41051347570703,124.38731077875771
4294.768811748399,-0.00022860717679567343,-9.354500385385164,395.25777225802517,124.37655610244256
4295.295005201576,-0.00022836355814237616,-9.354620613771804,394.73287546812554,124.33963849438511
4295.821198654753,-0.00022809982234333438,-9.354740708675138,394.20797424593167,124.3027839590554
4295.974318028588,-0.00022801922533539584,-9.35477562903391,394.0552300733867,124.29207133122529
4296.127437402423,-0.00022793688180656696,-9.354810536911446,393.90248552692697,124.28136403612311
4296.653630855601,-0.00022764044644575283,-9.35493039873572,393.37757731886995,124.24460913239903
4297.179824308778,-0.00022732301886668735,-9.355050099054655,392.85266471203306,124.20791710300574
4297.332943682613,-0.0002272266805256907,-9.355084899261957,392.69991723305304,124.19725172412394
4297.486063056449,-0.0002271285558779705,-9.355119684580538,392.5471693831015,124.1865916595439
4298.012256509626,-0.00022677769473235454,-9.35523910675343,392.0222498453897,124.14999891758538
4298.5384499628035,-0.00022640575754463065,-9.355358338760437,391.4973259449053,124.11346881300769
4298.691569336639,-0.00022629358220217161,-9.355392997301756,391.3445751864384,124.10285050668135
4298.844688710475,-0.0002261796427934483,-9.355427638536094,391.1918240601538,124.09223749294902
4299.370882163652,-0.0002257746976241463,-9.355546547142,390.6668932877197,124.05580627021551
4299.897075616829,-0.00022534926485879133,-9.355665237278181,390.1419581909787,124.01943740918402
4300.050194990665,-0.0002252216670526992,-9.355699732866029,389.98920418182234,124.0088659699196
4300.2033143645,-0.00022509237910949177,-9.355734208795154,389.8364498082056,123.99829979829894
4300.729507817678,-0.0002246353298904294,-9.355852531531763,389.31150790225024,123.9620293528502
4301.255701270855,-0.00022415893015988872,-9.355970608681,388.7865617127918,123.92582095575744
4301.4088206446895,-0.0002240167418756956,-9.356004920885203,388.6338044835062,123.91529614970736
4301.561940018525,-0.00022387297860264682,-9.356039211208568,388.48104689330785,123.90477658324264
4302.088133471702,-0.00022336712387830378,-9.35615687939556,387.95609396093465,123.86866607732807
4302.61432692488,-0.0002228434804286653,-9.356274276724942,387.43113678801404,123.83261727082824
4302.767446298715,-0.00022268785800541938,-9.35630838647656,387.27837637078375,123.82213883730661
4302.920565672551,-0.00022253080650946454,-9.356342472303742,387.1256155963611,123.81166561241398
4303.446759125728,-0.00022198044389128464,-9.35645942245692,386.6006517500508,123.77571411849058
4303.972952578905,-0.0002214141572105454,-9.356576078823315,386.07568370806354,123.7398239423002
4304.126071952741,-0.00022124648967288414,-9.356609968792634,385.9229201365225,123.72939159589616
4304.279191326576,-0.00022107755976239176,-9.356643833007363,385.77015621166044,123.71896442453374
4304.805384779754,-0.00022048767702054697,-9.356760007983894,385.24518156862985,123.68317093312635
4305.331578232931,-0.00021988392512932252,-9.356875868919055,384.720202776438,123.64743834844407
4305.4846976067665,-0.00021970574911924355,-9.35690952377286,384.567436085468,123.63705178156495
4305.637816980602,-0.000219526489283382,-9.356943151277386,384.41466904517523,123.62667035381452
4306.164010433779,-0.00021890248474946936,-9.357058501019301,383.8896837266639,123.59103378265262
4306.690203886957,-0.00021826675827170725,-9.3571735193301,383.36469430686446,123.5554576816491
4306.843323260792,-0.00021807968380661255,-9.357206925880543,383.21192453237927,123.54511656733749
4306.996442634628,-0.00021789170817984723,-9.35724030373322,383.05915441267217,123.53478055424358
4307.522636087805,-0.00021723914832854857,-9.357354785656781,382.53415854319275,123.49929975816116
4308.048829540982,-0.00021657702004327975,-9.35746892169019,382.0091586213625,123.46387897405131
4308.201948914817,-0.0002163826654605342,-9.357502068949424,381.8563858000879,123.45358296893903
4308.355068288653,-0.00021618758966642927,-9.35753518640945,381.7036126377701,123.4432920254706
4308.88126174183,-0.00021551199541625923,-9.357648765485283,381.178606344353,123.40796580662116
4309.407455195007,-0.00021482891817863257,-9.35776198709909,380.6535960482987,123.37269912389279
4309.560574568843,-0.00021462885372622306,-9.357794866251087,380.5008202175558,123.36244787117165
4309.713693942678,-0.00021442823965736864,-9.3578277147418,380.3480440500027,123.35220163918814
4310.2398873958555,-0.00021373490640179543,-9.357940363306179,379.82302746146297,123.31702875718203
4310.766080849033,-0.0002130360496743473,-9.358052645589924,379.2980069205029,123.28191492161086
4310.919200222868,-0.0002128317532909094,-9.35808524989354,379.14522811800254,123.27170805391721
4311.072319596704,-0.00021262706639780689,-9.358117822898826,378.99244898295655,123.26150616503794
4311.598513049881,-0.00021192092917964646,-9.358229520250338,378.46742222920346,123.22648534667246
4312.124706503058,-0.00021121106119252137,-9.35834084505551,377.9423915734979,123.1915230748234
4312.277825876894,-0.00021100388712010887,-9.358373169696561,377.7896098371498,123.181360216955
4312.43094525073,-0.0002107964661505685,-9.358405462608186,377.63682777253206,123.1712022952533
4312.957138703907,-0.000210082002870405,-9.358516194449349,377.1117909839379,123.13633224358611
4313.483332157084,-0.00020936540348463891,-9.358626549782601,376.5867503438835,123.10152023158125
4313.63645153092,-0.00020915655844469663,-9.358658591688942,376.4339657116253,123.09140100298764
4313.789570904755,-0.0002089475923702377,-9.35869060161802,376.28118075536696,123.08128666745266
4314.3157643579325,-0.00020822875024001578,-9.358800359381524,375.7561340622048,123.04656607003754
4314.84195781111,-0.00020750914758246245,-9.358909738694907,375.2310835679016,123.01190300142888
4314.995077184944,-0.0002072996744897824,-9.358941496323894,375.07829607754894,123.00182701843141
4315.14819655878,-0.00020709018726488564,-9.358973221885966,374.92550826744366,122.99175588515583
4315.674390011957,-0.00020637033928568,-9.359082001980012,374.40045179940074,122.95718342130628
4316.2005834651345,-0.00020565088056099243,-9.359190403397164,373.87539158019604,122.92266797393839
4316.35370283897,-0.00020544165283910756,-9.359221876507968,373.72260126931593,122.91263485165051
4316.506822212806,-0.00020523249889984712,-9.359253317594508,373.5698106428961,122.902606535716
4317.033015665983,-0.00020451443689499204,-9.359361120614313,373.04474452866765,122.86818088271774
4317.55920911916,-0.00020379769158038568,-9.359468546141,372.5196747127805,122.83381173452636
4317.712328492996,-0.00020358941543462423,-9.359499735565453,372.3668816185878,122.82382108846302
4317.865447866831,-0.0002033812823889995,-9.35953089311505,372.2140882130232,122.81383520551488
4318.391641320009,-0.00020266722807761432,-9.359637723060086,371.68901257998454,122.77955504377125
4318.917834773186,-0.00020195520136892853,-9.359744177807864,371.1639332942073,122.74533087751935
4319.070954147021,-0.00020174842005843657,-9.35977508522595,371.0111374534834,122.73538232489895
4319.224073520857,-0.0002015418332564345,-9.359805961000486,370.8583413055025,122.72543849241366
4319.750266974034,-0.00020083345658868372,-9.359911824511013,370.33325627945595,122.69130250954214
4320.2764604272115,-0.0002001276134960156,-9.36001731594494,369.8081676489298,122.65722201651876
4320.429579801047,-0.00019992271574406848,-9.360047943668405,369.65536909796214,122.64731517726548
4320.582699174883,-0.0001997180473673503,-9.360078540038034,369.50257024379397,122.63741301552031
4321.10889262806,-0.00019901650404665727,-9.360183445668081,368.97747594878746,122.60341990943606
4321.635086081237,-0.00019831781619870367,-9.360287982901886,368.4523780968464,122.56948179216398
4321.788205455072,-0.00019811505147047828,-9.36031833367401,368.2995768713881,122.55961628962683
4321.941324828907,-0.0001979125363703136,-9.360348653419248,368.1467753467241,122.54975542238844
4322.467518282085,-0.00019721852495606815,-9.360452610975855,367.6216719049343,122.51590390344415
4322.993711735262,-0.00019652752850840086,-9.360556204141421,367.0965649530115,122.48210687748076
4323.146831109098,-0.00019632702338595479,-9.360586280959287,366.94376108825844,122.47228233889619
4323.299950482933,-0.00019612677517420572,-9.36061632709575,366.7909569282306,122.46246239385641
4323.82614393611,-0.00019544058953248537,-9.360719347054765,366.26584445990306,122.42875118613922
4324.352337389288,-0.00019475743430295037,-9.360822006744671,365.7407285274908,122.39509398107373
4324.505456763123,-0.00019455920636599134,-9.36085181270172,365.5879220580729,122.3853100378016
4324.658576136959,-0.00019436123127737325,-9.360881588324826,365.4351152972479,122.37553064678923
4325.184769590136,-0.00019368280898022488,-9.360983681313407,364.9099939206858,122.34195848867138
4325.710963043313,-0.0001930073100572254,-9.361085418089736,364.38486912534154,122.30843984841061
4325.864082417149,-0.00019281128388470636,-9.361114956238003,364.23206008532804,122.29869613596951
4326.0172017909845,-0.00019261549723775494,-9.36114446438772,364.0792507577128,122.28895693496513
4326.543395244162,-0.00019194448044910882,-9.361245640739757,363.5541205893081,122.25552257900051
4327.069588697339,-0.00019127618374813286,-9.36134646472279,363.0289870466997,122.22214126144075
4327.222708071175,-0.00019108221049296133,-9.36137573795983,362.876175469615,122.21243741937286
4327.37582744501,-0.0001908884562229703,-9.361404981510523,362.72336360867376,122.20273804835642
4327.902020898187,-0.00019022425639248668,-9.361505250910653,362.19822476297236,122.16944026063352
4328.428214351365,-0.00018956249729815684,-9.361605171455322,361.67308258695414,122.1361950368351
4328.581333725199,-0.0001893703701856015,-9.361634182435699,361.5202685058012,122.12653070843484
4328.734453099035,-0.0001891784357362344,-9.361663164009945,361.36745414448,122.11687081110102
4329.260646552212,-0.0001885202802509675,-9.361762535213641,360.8423067342727,122.08370837016784
4329.786840005389,-0.00018786422564131904,-9.361861560652953,360.3171560369845,122.05059802313889
4329.939959379225,-0.00018767369177569737,-9.361890311717602,360.16433948427573,122.0409728550744
4330.093078753061,-0.00018748331987473736,-9.361919033617426,360.0115226550339,122.03135207844333
4330.619272206238,-0.00018683029382634848,-9.3620175142285,359.48636679146705,121.99832377389204
4331.145465659415,-0.0001861789876195245,-9.362115651674017,358.9612076834512,121.96534709706238
4331.298585033251,-0.00018598976227960753,-9.362144144796796,358.808388691243,121.9557607389123
4331.451704407086,-0.00018580066563920631,-9.362172608952395,358.655569426088,121.94617873285836
4331.9778978602635,-0.00018515176516238898,-9.362270205264883,358.1304052187882,121.91328336364992
4332.504091313441,-0.00018450418240096653,-9.362367460476865,357.6052378091182,121.88043915912021
4332.657210687276,-0.00018431596423749505,-9.36239569723212,357.4524164090495,121.870891262852
4332.810330061112,-0.00018412784025556008,-9.362423905171699,357.29959473957547,121.86134767957743
4333.336523514289,-0.00018348201747379574,-9.362520622082222,356.77442229678235,121.8285840522009
4333.862716967466,-0.00018283710037158958,-9.362616999403295,356.249246693197,121.7958711288611
4334.015836341302,-0.00018264958017602658,-9.362644980949902,356.0964229165279,121.78636134827765
4334.168955715138,-0.00018246211916264453,-9.362672933785024,355.94359887395484,121.7768558417567
4334.695149168315,-0.00018181830708933057,-9.362768774751125,355.4184183026567,121.74422276830362
4335.221342621492,-0.0001811749878646217,-9.362864277077186,354.89323461169613,121.71163993988901
4335.374461995327,-0.00018098785541697626,-9.362892004152274,354.74040848934794,121.7021679300603
4335.527581369162,-0.00018080074765638838,-9.36291970257271,354.5875821045615,121.69270015547
4336.05377482234,-0.00018015788803362227,-9.363014669604064,354.06239351063016,121.66019645167425
4336.579968275517,-0.00017951512265689128,-9.363109298391684,353.53720183776966,121.62774253480472
4336.7330876493525,-0.00017932807772699333,-9.363136771316288,353.38437340036324,121.61830795149852
4336.886207023188,-0.00017914102480360607,-9.363164215597328,353.23154470395275,121.60887756465037
4337.412400476365,-0.00017849810774227587,-9.363258309294602,352.7063481922755,121.57650204794592
4337.938593929543,-0.00017785491252117204,-9.363352064619937,352.1811486420545,121.54417586020942
4338.091713303378,-0.0001776676741579355,-9.363379283319675,352.02831791994794,121.5347783593398
4338.244832677214,-0.00017748039753646454,-9.36340647334414,351.87548694224364,121.52538501613147
4338.771026130391,-0.00017683648474290287,-9.363499692983249,351.35028261684675,121.49313650379645
4339.297219583568,-0.0001761919516249708,-9.363592573636447,350.82507529298874,121.46093686193976
4339.450338957404,-0.00017600426145391942,-9.363619537670296,350.6722423163103,121.45157609905017
4339.603458331239,-0.00017581650552073391,-9.363646472957866,350.51940908741705,121.44221945495313
4340.129651784417,-0.00017517074017711854,-9.363738816593884,349.99419705157874,121.41009676238316
4340.655845237594,-0.00017452404902614763,-9.363830820188818,349.4689820571011,121.37802248064136
4340.8089646114295,-0.00017433567588805827,-9.363857528782326,349.3161468557813,121.36869811042963
4340.962083985265,-0.00017414721312702028,-9.363884208523514,349.16331140560897,121.3593778200191
4341.488277438442,-0.00017349884323572854,-9.36397567311477,348.63809176196276,121.32737975915306
4342.01447089162,-0.00017284929175216115,-9.364066796227153,348.11286919927323,121.29542964774419
4342.167590265454,-0.00017266004126293926,-9.364093248315749,347.96003180307184,121.2861413236383
4342.32070963929,-0.00017247068186309022,-9.364119671416622,347.8071941613623,121.27685704017598
4342.846903092467,-0.00017181909093609156,-9.364210252989421,347.28196701198476,121.24498241811628
4343.373096545644,-0.00017116611861915548,-9.364300491335893,346.7567369829647,121.21315528195171
4343.52621591948,-0.0001709758382926814,-9.364326685619206,346.60389742149323,121.2039026557527
4343.6793352933155,-0.00017078543455548617,-9.364352850756426,346.45105761784265,121.19465403083771
4344.205528746493,-0.00017013015143842143,-9.36444254459797,345.9258230643258,121.16290164871629
4344.73172219967,-0.00016947334444217949,-9.364531893232893,345.4005856703953,121.13119628636915
4344.884841573506,-0.00016928192478553262,-9.364557828232357,345.24774397313524,121.12197900797028
4345.037960947341,-0.00016909037230793453,-9.364583733911049,345.09490203701125,121.11276569126743
4345.564154400518,-0.0001684310779882124,-9.364672534769973,344.5696601805176,121.08113434337899
4346.090347853696,-0.00016777018284904905,-9.364760988291364,344.04441552268355,121.04954954632414
4346.243467227531,-0.00016757756315848997,-9.364786662411692,343.8915717189991,121.04036726351029
4346.396586601367,-0.00016738480737796615,-9.364812307027815,343.738727679753,121.0311889025588
4346.922780054544,-0.00016672136313144258,-9.364900209337765,343.2134786210525,120.99967737577819
4347.448973507721,-0.00016605631909121435,-9.364987762126786,342.68822679993843,120.96821192793108
4347.602092881557,-0.00016586249678155393,-9.365013173728947,342.5353809190831,120.95906428626853
4347.7552122553925,-0.0001656685419176417,-9.365038555643638,342.3825348059562,120.94992052638321
4348.28140570857,-0.00016500101458062275,-9.365125553788086,341.8572786454428,120.9185275999142
4348.807599161747,-0.00016433196963042566,-9.365212200284732,341.33201976129686,120.88718027752176
4348.960718535582,-0.0001641370030243945,-9.365237347767547,341.17917183241457,120.87806692035402
4349.113837909417,-0.0001639419143094647,-9.365262465389097,341.0263236745382,120.8689574046333
4349.6400313625945,-0.0001632705805685901,-9.365348553984703,340.50106051222446,120.8376818501328
4350.166224815772,-0.00016259789449826984,-9.365434288973086,339.9757946649046,120.8064514220467
4350.319344189607,-0.00016240190423037605,-9.36545917085648,339.8229447170239,120.79737199060222
4350.472463563443,-0.0001622058097090229,-9.365484022723935,339.67009454341286,120.78829636004889
4350.99865701662,-0.00016153116778752324,-9.365569196910913,339.14482447890094,120.75713694213862
4351.5248504697975,-0.00016085543309643546,-9.365654015818215,338.61955176783806,120.72602217048221
4351.677969843633,-0.00016065861006202343,-9.365678630832546,338.4666998298592,120.71697630409804
4351.831089217469,-0.00016046170912408777,-9.365703215706198,338.3138476693981,120.70793419785657
4352.357282670646,-0.00015978451044692466,-9.365787471470275,337.78857080182826,120.67688967504719
4352.883476123823,-0.0001591065819578615,-9.365871370704822,337.26329132596373,120.64588931631255
4353.036595497659,-0.000158909194478659,-9.365895717892112,337.1104374266392,120.63687665278748
4353.189714871494,-0.00015871176419135494,-9.365920034855746,336.957583308062,120.62786770851272
4353.715908324672,-0.00015803302738371468,-9.366003369385185,336.43229973603405,120.59693683459105
4354.242101777849,-0.00015735402590560154,-9.366086346698115,335.90701359373145,120.56604964121513
4354.395221151684,-0.00015715641917131545,-9.366110425517403,335.7541577616376,120.55706981730414
4354.54834052552,-0.00015695881331603167,-9.366134474083577,335.601301713499,120.54809367167178
4355.074533978697,-0.0001562798193562069,-9.36621688612919,335.07601153496717,120.51727519757733
4355.6007274318745,-0.00015560112843307578,-9.366298940972346,334.5507188238968,120.48649992000726
4355.753846805709,-0.00015540372460225429,-9.366322751403539,334.39786108739884,120.47755257205775
4355.906966179545,-0.0001552063743187798,-9.366346531617525,334.24500313803753,120.46860886141646
4356.433159632722,-0.00015452867481574462,-9.366428021852062,333.719706450179,120.43790153760399
4356.959353085899,-0.00015385195601582387,-9.366509155743572,333.1944072671756,120.40723692684996
4357.112472459735,-0.00015365525953442557,-9.36653269839553,333.04154765438426,120.39832169158085
4357.26559183357,-0.0001534586786033859,-9.366556210944122,332.88868783187905,120.38941005274799
4357.791785286748,-0.00015278411020789296,-9.366636782341992,332.3633847309353,120.35881263205029
4358.317978739925,-0.00015211130717259993,-9.366716999250842,331.83807917183003,120.32825744274905
4358.4710981137605,-0.00015191590314836005,-9.366740275473411,331.68521771055043,120.31937395818039
4358.624217487596,-0.00015172068519843886,-9.366763521796615,331.5323560426684,120.31049402938858
4359.150410940773,-0.00015105135099672564,-9.366843180012316,331.00704662376074,120.28000527039879
4359.676604393951,-0.00015038466057742397,-9.366922486724304,330.4817347831854,120.24955826439177
4359.829723767786,-0.00015019120514911036,-9.36694549871169,330.3288715008581,120.24070617092171
4359.982843141622,-0.00014999801376074594,-9.36696848110468,330.1760080149949,120.23185759291148
4360.509036594799,-0.00014933624964022307,-9.36704723481139,329.6506923719135,120.20147626385433
4361.035230047976,-0.00014867809221239897,-9.367125641251052,329.125374343082,120.17113621423223
4361.188349421811,-0.00014848730528583363,-9.367148392132666,328.9725092667184,120.16231515584525
4361.3414687956465,-0.0001482968672861292,-9.367171113835537,328.8196439898326,120.15349757308726
4361.867662248824,-0.00014764522331714016,-9.367248975027106,328.2943222148058,120.12322245612235
4362.393855702001,-0.00014699822553021033,-9.367326494550275,327.7689980892748,120.0929881516848
4362.546975075837,-0.00014681088498521192,-9.367348988474202,327.616131245386,120.08419777727828
4362.700094449672,-0.00014662398385239273,-9.367371453754403,327.4632642039276,120.07541083931218
4363.226287902849,-0.00014598519224076064,-9.367448438019183,326.93793638737156,120.04524073523008
4363.752481356027,-0.00014535213903218733,-9.367525087665745,326.4126062547853,120.01511098532016
4363.905600729862,-0.00014516906350140715,-9.367547329867127,326.2597376693064,120.00635095013543
4364.058720103698,-0.0001449865210193951,-9.367569544085184,326.1068688891407,119.99759431301132
4364.584913556875,-0.00014436342548012062,-9.36764567080846,325.5815351193957,119.96752804625908
4365.111107010052,-0.00014374718269682084,-9.367721471465872,325.0561990672173,119.93750168588502
4365.264226383888,-0.00014356920871879176,-9.367743468306678,324.903328765429,119.92877165301292
4365.4173457577235,-0.00014339186220971393,-9.367765437952519,324.750458271758,119.92004498080269
4365.943539210901,-0.0001427873434392887,-9.367840730415443,324.2251186348165,119.89008140471455
4366.469732664078,-0.0001421907906441003,-9.367915706880362,323.6997767480562,119.86015729982262
4366.622852037914,-0.00014201875478518023,-9.367937465860859,323.5469047545056,119.85145694174308
4366.775971411749,-0.00014184743973029096,-9.367959198562557,323.3940325717889,119.84275990808145
4367.302164864926,-0.00014126435740046935,-9.368033683952767,322.86868715102446,119.81289791018123
4367.828358318104,-0.00014069032601280224,-9.368107864910137,322.3433395119701,119.7830749629556
4367.981477691938,-0.00014052504491934915,-9.3681293946566,322.190465850393,119.7744039630769
4368.134597065774,-0.00014036057389845506,-9.368150899164874,322.0375920022701,119.76573625269864
4368.660790518951,-0.00013980168401898203,-9.368224608496432,321.5122408781737,119.73597475995929
4369.1869839721285,-0.00013925286086780868,-9.368298026392306,320.9868875661318,119.70625191402726
4369.340103345964,-0.00013909510099911431,-9.368319336610117,320.83401225937826,119.6976099681871
4369.4932227198,-0.00013893823286517052,-9.368340622746844,320.681136768595,119.68897127842035
4370.019416172977,-0.00013840607952628157,-9.36841359064636,320.15578001852566,119.65930926232842
4370.545609626154,-0.00013788490048586503,-9.368486281417567,319.6304211095809,119.62968550769773
4370.69872899999,-0.00013773534855090265,-9.36850738280208,319.477544179547,119.6210723255717
4370.851848373825,-0.00013758675965994365,-9.368528461366763,319.32466706788824,119.6124623677327
4371.378041827003,-0.000137083585037799,-9.36860072572022,318.79930476585037,119.58289884896547
4371.90423528018,-0.0001365921580578835,-9.368672728397245,318.2739403326552,119.5533732265044
4372.057354654015,-0.00013645140092841048,-9.368693632510961,318.12106180022454,119.54478853286943
4372.210474027851,-0.00013631166571276358,-9.368714515154805,317.96818308845667,119.5362070335069
4372.736667481028,-0.00013583934534526599,-9.368786116653013,317.44281530491094,119.50674108605781
4373.2628609342055,-0.00013537938415017815,-9.368857472870985,316.9174454165117,119.47731269137294
4373.415980308041,-0.00013524788838280432,-9.368878191994664,316.7645653015079,119.46875622718642
4373.569099681877,-0.00013511745837652947,-9.368898891068499,316.6116850093325,119.46020292913784
4374.095293135054,-0.00013467742499788027,-9.368969872658848,316.0863118110486,119.43083368376395
4374.621486588231,-0.00013425016993633755,-9.36904062606844,315.5609365327559,119.4015016703486
4374.774605962066,-0.00013412825880813358,-9.369061173021763,315.40805485390763,119.39297319360567
4374.927725335901,-0.00013400744002894498,-9.369081701393311,315.255172999929,119.38444785682667
4375.453918789079,-0.00013360061049879152,-9.369152107626,314.7297944498849,119.35517450368027
4375.980112242256,-0.0001332067666923387,-9.369222303204147,314.20441384319304,119.3259380851937
4376.1332316160915,-0.00013309460506228377,-9.369242691139327,314.0515306181155,119.31743737152117
4376.286350989927,-0.00013298354423493325,-9.369263061984626,313.89864721982286,119.30893977364812
4376.812544443104,-0.00013261028389913743,-9.369332938282321,313.37326337715893,119.27976156396414
4377.338737896282,-0.00013225000192882073,-9.36940262158743,312.84787749972185,119.25062001553113
4377.491857270117,-0.00013214759334512284,-9.369422863770996,312.69499274491335,119.24214685849195
4377.644976643953,-0.00013204627594334286,-9.369443090355754,312.54210781867965,119.23367679511314
4378.17117009713,-0.0001317063972366672,-9.369512482261216,312.0167187387089,119.20459304188506
4378.697363550307,-0.00013137927773882162,-9.369581698681626,311.49132764437235,119.17554570037699
4378.850482924143,-0.00013128646647626155,-9.369601808276343,311.3384413752278,119.16709991147805
4379.003602297978,-0.00013119471912991288,-9.369621903738192,311.1855549363253,119.15865719610785
4379.529795751156,-0.00013088749245206643,-9.369690856169225,310.6601606705996,119.12966727374663
4380.055989204333,-0.00013059260200721183,-9.369759650185204,310.13476440948864,119.10071353705061
4380.2091085781685,-0.0001305090788161909,-9.369779640037011,309.9818766403288,119.09229494545714
4380.362227952004,-0.00013042657565134403,-9.369799617173399,309.8289887029598,119.0838794092185
4380.888421405181,-0.00013015075621531082,-9.369868173702246,309.30358929939035,119.05498275221433
4381.414614858359,-0.00012988666313746005,-9.369936588181872,308.7781879180489,119.02612207752077
4381.567734232193,-0.00012981197754473466,-9.369956470618769,308.62529866216505,119.01773052948907
4381.720853606029,-0.00012973825335248177,-9.369976341687781,308.4724092395083,119.0093420205154
4382.247047059206,-0.00012949213348613842,-9.37004454387354,307.94700474253483,118.98053812115432
4382.773240512383,-0.00012925697056676835,-9.370112619435364,307.42159828411405,118.95177002233058
4382.926359886219,-0.00012919055100583086,-9.370132406088416,307.26870755382544,118.94340538038168
4383.0794792600545,-0.00012912502211029296,-9.370152182632923,307.1158166580949,118.93504376296352
4383.605672713232,-0.000128906508081552,-9.37022006944268,306.59040710889997,118.90633216819404
4384.131866166409,-0.00012869805565461902,-9.370287843918955,306.06499561338626,118.87765621235795
4384.284985540245,-0.00012863923449361964,-9.370307545574462,305.91210342010953,118.8693183542286
4384.43810491408,-0.00012858122406756524,-9.370327238278088,305.75921106262507,118.86098350774242
4384.9642983672575,-0.00012838792448479667,-9.370394845621995,305.2337964993831,118.83236381533268
4385.490491820435,-0.00012820369948748748,-9.370462353640413,304.70838000385874,118.80377961877761
4385.64361119427,-0.00012815173878507255,-9.370481980127037,304.5554863581856,118.79546843619437
4385.796730568106,-0.0001281005024952213,-9.370501598705196,304.4025925494509,118.78716025385958
4386.322924021283,-0.00012792981484593822,-9.370568959091578,303.87717300760335,118.75863210800497
4386.84911747446,-0.00012776715517161334,-9.37063623177536,303.35175154652904,118.73013933163786
4387.002236848296,-0.00012772127086506743,-9.370655791885115,303.19885645830954,118.72185472896123
4387.155356222132,-0.00012767602099819338,-9.370675345009738,303.04596120809657,118.71357311647255
4387.681549675309,-0.00012752521497477444,-9.370742487314553,302.52053672064403,118.6851362030134
4388.207743128486,-0.00012738136444630395,-9.370809552096187,301.99511032615555,118.65673454746289
4388.360862502321,-0.00012734075157606208,-9.370829053538682,301.8422138045851,118.6484764402465
4388.513981876156,-0.0001273006824323461,-9.370848548796312,301.68931712202084,118.64022131432648
4389.040175329334,-0.00012716698830147954,-9.370915498149198,301.16388771982315,118.61187535573087
4389.566368782511,-0.0001270391850013038,-9.37098237870296,300.6384564220322,118.58356455628245
4389.719488156346,-0.00012700304307804825,-9.3710018280945,300.48555847573886,118.5753328697938
4389.872607530182,-0.00012696735605598658,-9.371021271979215,300.332660369393,118.56710415671205
4390.398800983359,-0.00012684804768972954,-9.371088049767947,299.80722608146925,118.5388489069851
4390.9249944365365,-0.00012673360039632046,-9.37115476605632,299.28178990876074,118.51062872850355
4391.078113810372,-0.0001267011540894906,-9.37117416894079,299.1288905458916,118.50242339625198
4391.231233184208,-0.00012666907766787074,-9.371193566878205,298.9759910238621,118.49422103035666
4391.757426637385,-0.0001265615354166535,-9.371260190853189,298.4505518776814,118.46605627002643
4392.283620090562,-0.0001264578790630884,-9.371326759262503,297.9251108569992,118.4379265020048
4392.436739464398,-0.00012642839323990322,-9.371346120156131,297.77221008530177,118.42974746431511
4392.589858838233,-0.0001263991976899922,-9.371365476550455,297.6193091552963,118.42157138661334
4393.116052291411,-0.0001263009576523472,-9.3714319610033,297.093865177054,118.39349691791074
4393.642245744588,-0.00012620570143206779,-9.371498394547903,296.5684193341701,118.36545736975066
4393.795365118423,-0.0001261784950937337,-9.371517717003394,296.41551716107,118.35730457241043
4393.948484492259,-0.0001261515062860049,-9.371537035303694,296.2626148304822,118.34915472922563
4394.474677945436,-0.0001260603065067194,-9.371603391310908,295.73716604535656,118.32117037155089
4395.0008713986135,-0.00012597127651181172,-9.37166969990025,295.2117154051194,118.29322086816312
4395.153990772448,-0.00012594573422700138,-9.371688986588628,295.0588118377903,118.2850942611695
4395.307110146284,-0.00012592034454543587,-9.371708269372341,294.90590811376944,118.27697060290075
4395.833303599461,-0.00012583415754755079,-9.371774505094152,294.38045454615474,118.24907618865976
4396.359497052638,-0.00012574942094850766,-9.371840695846515,293.85499913271167,118.22121656646144
4396.512616426474,-0.00012572499819950338,-9.37185994865059,293.7020941781382,118.21311610288765
4396.665735800309,-0.0001257006712069104,-9.37187919771779,293.54918906765135,118.20501858289043
4397.191929253487,-0.00012561771542149243,-9.371945318726357,293.02373074136455,118.17721395375962
4397.718122706664,-0.00012553558724612293,-9.372011396301867,292.4982705783586,118.14944405711275
4397.8712420804995,-0.00012551181199356215,-9.372030616413687,292.345364243392,118.14136969210472
4398.024361454335,-0.00012548808393753315,-9.372049832884791,292.19245775327806,118.13329826570258
4398.550554907512,-0.0001254068293149195,-9.372115842501865,291.6669946917386,118.10558326934613
4399.07674836069,-0.00012532587856044051,-9.372181809443227,291.14152980247735,118.07790294745308
4399.229867734525,-0.0001253023530831679,-9.37220099746385,290.98862209388216,118.06985463735977
4399.382987108361,-0.00012527883463134238,-9.37222018187965,290.83571423089865,118.06180926098968
4399.909180561538,-0.0001251980073243804,-9.372286081522205,290.31024645728047,118.03418374824031
4400.435374014715,-0.00012511705807056314,-9.372351938601872,289.78477686487827,118.00659285250646
4400.588493388551,-0.00012509345832083406,-9.372371094642403,289.631867789372,117.9985705541466
4400.7416127623865,-0.00012506983344034666,-9.372390247064947,289.478958560233,117.99055118464132
4401.267806215564,-0.00012498840742024875,-9.372456036589636,288.95348609759066,117.963015007151
4401.793999668741,-0.0001249065239966861,-9.372521783148136,288.42801182508356,117.93551338901484
4401.947119042576,-0.00012488259418055539,-9.372540906926545,288.2751013893678,117.92751705907891
4402.100238416411,-0.0001248586143826195,-9.37256002703515,288.12219080077523,117.91952365308347
4402.6264318695885,-0.00012477579045073428,-9.372625705061028,287.5967136721429,117.89207666142869
4403.152625322766,-0.00012469225687649436,-9.372691339318783,287.0712347425789,117.86466417063377
4403.305744696601,-0.00012466780398365528,-9.37271043024863,286.91832295336496,117.85669376521139
4403.458864070437,-0.0001246432830943842,-9.372729517427773,286.765411012032,117.84872627872414
4403.985057523614,-0.00012455847303380712,-9.372795081632825,286.23992924050015,117.8213683209304
4404.511250976791,-0.00012447277927073432,-9.372860600978871,285.7144456770071,117.79404480420357
4404.664370350627,-0.00012444766924646594,-9.372879658252002,285.5615325410331,117.78610027842747
4404.817489724463,-0.00012442247953052063,-9.37289871167343,285.4086192537019,117.77815866645646
4405.34368317764,-0.00012433529160152385,-9.372964159072055,284.8831328624718,117.75088958691171
4405.869876630817,-0.00012424711572309264,-9.373029560333029,284.3576446883044,117.72365488702007
4406.022996004653,-0.000124221267374191,-9.373048582996015,284.2047302123479,117.71573619481777
4406.176115378488,-0.00012419533303291308,-9.373067601694197,284.051815585801,117.70782041114423
4406.7023088316655,-0.00012410554612151003,-9.373132928888078,283.5263245982201,117.68064004987262
4407.228502284843,-0.00012401472478627395,-9.373198208564508,283.000831836788,117.65349400502545
4407.381621658678,-0.00012398810082910725,-9.373217195584385,282.84791602767336,117.64560109896811
4407.534741032514,-0.0001239613890772222,-9.373236178520928,282.6950000687404,117.63771109600525
4408.060934485691,-0.0001238689236668633,-9.373301381910194,282.1695045083207,117.61061928825485
4408.587127938868,-0.00012377542682846443,-9.373366536373391,281.64400718320144,117.58356173179823
4408.740247312703,-0.00012374802745788595,-9.37338548669255,281.49109004780195,117.57569456303108
4408.893366686539,-0.00012372054241598348,-9.373404432810121,281.33817276336174,117.56783029176263
4409.419560139716,-0.0001236254418854939,-9.37346950877214,280.8126726537845,117.54082686785594
4409.945753592893,-0.00012352935596713437,-9.373534534433619,280.28717078872376,117.51385762821496
4410.098872966729,-0.0001235012139999852,-9.373553447017489,280.13425233396083,117.50601614645684
4410.251992340564,-0.00012347299176283352,-9.373572355286731,279.98133373094026,117.49817755644396
4410.778185793742,-0.00012337540381260014,-9.373637300331309,279.4558290960489,117.47126234185498
4411.304379246919,-0.0001232769097304857,-9.373702193787338,278.93032271494843,117.44438124268947
4411.457498620754,-0.00012324808340541326,-9.373721067664205,278.7774029477883,117.43656539629215
4411.61061799459,-0.00012321918454491569,-9.37373993712242,278.62448303315796,117.42875243573876
4412.136811447767,-0.00012311933361517264,-9.373804748015434,278.09897389694106,117.40192525136071
4412.6630049009445,-0.0001230186788079325,-9.373869506156037,277.57346302383985,117.37513211189423
4412.81612427478,-0.00012298924402910343,-9.373888340445971,277.42054195128645,117.36734184794851
4412.969243648616,-0.00012295974614677193,-9.373907170224939,277.26762073205424,117.3595544638117
4413.495437101793,-0.0001228579111281043,-9.373971844075895,276.7421071186221,117.3328151263672
4414.02163055497,-0.00012275539225281622,-9.374036464162003,276.21659177767,117.30610976184043
4414.174749928805,-0.000122725438466071,-9.374055258097732,276.06366940675764,117.29834502631536
4414.3278693026405,-0.00012269543233730577,-9.374074047443942,275.9107468899607,117.29058316444787
4414.854062755818,-0.0001225919348558025,-9.374138581771478,275.3852288235165,117.26393148700134
4415.380256208995,-0.00012248788666937254,-9.374203061494418,274.8597090389444,117.23731370921729
4415.533375582831,-0.0001224575134039894,-9.374221814437558,274.7067853767286,117.22957444712468
4415.686494956666,-0.00012242709936342012,-9.374240562727879,274.5538615694241,117.22183805244171
4416.212688409843,-0.00012232228913371343,-9.374304955508912,274.0283390742321,117.19527384499003
4416.738881863021,-0.00012221706661573277,-9.374369293031005,273.50281487031856,117.16874346292825
4416.892001236856,-0.00012218637771631408,-9.374388004482029,273.34988992386616,117.1610296185051
4417.045120610692,-0.0001221556597775783,-9.374406711232805,273.19696483312185,117.15331863516826
4417.571314063869,-0.00012204989474823934,-9.374470960926821,272.671437933473,117.12684170528205
4418.097507517046,-0.00012194385600518897,-9.374535154895952,272.14590933451007,117.10039852575034
4418.250626890882,-0.00012191295559064543,-9.374553824496797,271.99298311088944,117.09271004264971
4418.4037462647175,-0.00012188203784171865,-9.374572489365898,271.8400567437731,117.08502441425826
4418.929939717895,-0.00012177567541435534,-9.374636594918622,271.3145254639505,117.05863456774057
4419.456133171072,-0.00012166917723269333,-9.374700644468406,270.78899249420925,117.03227839603443
4419.609252544908,-0.00012163816898090063,-9.374719272002208,270.6360650004802,117.02461521751727
4419.762371918743,-0.00012160715499108948,-9.374737894788616,270.48313736405,117.0169548872999
4420.28856537192,-0.0001215005500663884,-9.374801855630063,269.95760172829523,116.99065192884488
4420.814758825098,-0.00012139394439002532,-9.374865760376489,269.4320644119921,116.96438256940493
4420.967878198932,-0.00012136292989910606,-9.37488434576621,269.279135655196,116.95674463853089
4421.120997572768,-0.00012133192078738538,-9.374902926408378,269.12620675649066,116.94910954953647
4421.647191025945,-0.00012122541632600453,-9.37496674244426,268.6006667889706,116.92289328338208
4422.173384479122,-0.00012111903791697782,-9.375030502471345,268.07512515023484,116.89671054044086
4422.326503852958,-0.00012108811284015979,-9.37504904577431,267.9221951373856,116.88909780025512
4422.479623226794,-0.0001210572034670491,-9.375067584344134,267.76926498341527,116.88148789553834
4423.005816679971,-0.00012095111919886753,-9.375131255930965,267.2437207081906,116.8553581260969
4423.532010133148,-0.0001208452783316967,-9.375194871760979,266.718174771034,116.82926180429483
4423.685129506984,-0.00012081453122592639,-9.375213373159582,266.5652435091089,116.82167419800417
4423.838248880819,-0.00012078380938917656,-9.37523186985296,266.41231210684646,116.8140894208004
4424.3644423339965,-0.00012067844149381026,-9.37529539776533,265.88676354784286,116.78804595324814
4424.890635787174,-0.00012057342566084003,-9.37535887032642,265.3612133361316,116.76203585820615
4425.043755161009,-0.00012054293853235413,-9.375377330118939,265.20828083206396,116.75447332934246
4425.196874534845,-0.000120512485430359,-9.375395785246623,265.05534818843716,116.74691362322986
4425.723067988022,-0.00012040810641387072,-9.37545917064602,264.52979536941893,116.72095626405306
4426.249261441199,-0.0001203041764375074,-9.375522501239994,264.00424090684857,116.69503220290194
4426.402380815035,-0.00012027402269559549,-9.375540919830721,263.8513071675201,116.68749469547302
4426.555500188871,-0.00012024391051904748,-9.375559333808122,263.6983732894045,116.67996000452166
4427.081693642048,-0.00012014075845834676,-9.375622578204426,263.17281623395144,116.65408856201735
4427.607887095225,-0.00012003813618132475,-9.375685768462168,262.64725754402417,116.62825034387683
4427.76100646906,-0.00012000837719389578,-9.375704146347186,262.4943225762591,116.62073780250122
4427.914125842895,-0.00011997866588629143,-9.375722519679664,262.3413874704721,116.61322807140581
4428.440319296073,-0.000119876935841166,-9.375785624877306,261.8158262019588,116.58744235611948
4428.96651274925,-0.00011977579944366482,-9.375848676701441,261.29026330796563,116.56168979250654
4429.1196321230855,-0.00011974648390114318,-9.375867014451574,261.1373271185253,116.5542021625266
4429.272751496921,-0.0001197172207082401,-9.375885347717286,260.9843907918211,116.54671733671698
4429.798944950098,-0.00011961706409663038,-9.375948315756139,260.45882533340136,116.52101716180236
4430.325138403276,-0.00011951754709448429,-9.376011231261508,259.93325825840736,116.49535006695979
4430.478257777111,-0.00011948871030789018,-9.37602952950489,259.7803208539867,116.48788729453146
4430.631377150947,-0.00011945992882879653,-9.376047823337215,259.62738331305235,116.48042732025961
4431.157570604124,-0.00011936144721694097,-9.376110656430464,259.1018136876476,116.45481250175695
4431.683764057301,-0.00011926362770821876,-9.376173437877522,258.57624245448187,116.42923069289812
4431.836883431137,-0.00011923528763121391,-9.376191697279046,258.42330384170657,116.42179272505537
4431.990002804972,-0.00011920700359003202,-9.376209952345414,258.2703650931599,116.41435754945672
4432.51619625815,-0.00011911023335212627,-9.376272652801557,257.7447913234523,116.38882790647777
4433.042389711327,-0.00011901411969265193,-9.37633530251057,257.2192159547036,116.36333120392821
4433.1955090851625,-0.00011898627337042421,-9.376353523745511,257.0662761401294,116.35591798861569
4433.348628458998,-0.00011895848137967291,-9.376371740720554,256.9133361905183,116.34850755973756
4433.874821912175,-0.00011886338535170641,-9.37643431084794,256.3877582989494,116.3230629145314
4434.401015365353,-0.00011876891110654793,-9.376496831100003,255.86217881696749,116.29765114174381
4434.554134739187,-0.0001187415336376685,-9.376515014824822,255.7092378070809,116.29026262781126
4434.707254113023,-0.00011871420622479478,-9.376533194360958,255.55629666288428,116.28287689460292
4435.2334475662,-0.00011862067011967676,-9.376595636365717,255.03071467166086,116.2575170724873
4435.759641019377,-0.00011852768854965657,-9.37665802929828,254.50513109856456,116.23219005591841
4435.912760393213,-0.00011850073082684795,-9.376676176119613,254.3521888997858,116.22482619307443
4436.0658797670485,-0.00011847381586451566,-9.37669431881569,254.19924656741668,116.21746510533619
4436.592073220226,-0.00011838163649480381,-9.376756634690222,253.67366049852316,116.19218993448494
4437.118266673403,-0.00011828990555757556,-9.376818902178545,253.1480728562157,116.16694750332255
4437.271386047239,-0.00011826328955023222,-9.376837012617147,252.99512947490365,116.1596082420434
4437.424505421074,-0.00011823670555813688,-9.376855118981688,252.84218596071443,116.15227175032959
4437.950698874251,-0.00011814557620259761,-9.376917310373056,252.3165958359329,116.12708106139576
4438.476892327429,-0.00011805474767214351,-9.376979453891893,251.79100414612518,116.10192304711097
4438.630011701264,-0.00011802836423010483,-9.376997528341406,251.63805958858498,116.09460833849639
4438.7831310751,-0.0001180019985451366,-9.377015598751068,251.4851148988753,116.08729639396498
4439.309324528277,-0.00011791150535767612,-9.377077666816811,250.95952073981417,116.06219001951507
4439.835517981454,-0.00011782112387596616,-9.377139687295012,250.4339250240572,116.03711625522028
4439.98863735529,-0.0001177948326614982,-9.377157725979638,250.2809792965501,116.0298260507922
4440.1417567291255,-0.00011776854136629289,-9.377175760636844,250.1280334375771,116.02253860499714
4440.667950182303,-0.00011767816212808791,-9.37723770589915,249.60243526570895,115.99751637874797
4441.19414363548,-0.00011758766137755195,-9.377299603572517,249.0768355454348,115.97252669835692
4441.347263009315,-0.0001175612890741259,-9.377317606503754,248.92388865419082,115.96526094980048
4441.50038238315,-0.00011753489494845065,-9.377335605393142,248.7709416321819,115.95799795442603
4442.0265758363275,-0.00011744399030522216,-9.377397427586294,248.24533946889025,115.93305971028049
4442.552769289505,-0.00011735268387906343,-9.377459201840297,247.71973576546236,115.9081539474624
4442.70588866334,-0.00011732602189810125,-9.377477168770248,247.56678771669564,115.90091260630618
4442.859008037176,-0.00011729931244262526,-9.377495131611706,247.41383953786428,115.89367401283977
4443.385201490353,-0.0001172071225994193,-9.37755682951899,246.8882334044994,115.86881958370738
4443.9113949435305,-0.0001171142062627353,-9.377618478725436,246.36262573927237,115.8439975706219
4444.064514317366,-0.00011708701247827388,-9.37763640909966,246.20967653919928,115.8367805878533
4444.217633691202,-0.00011705974199992361,-9.377654335301422,246.05672720976327,115.82956634719415
4444.743827144379,-0.00011696539613541791,-9.377715906597063,245.53111712770777,115.80479556359184
4445.270020597556,-0.00011686995897755849,-9.377777427961403,245.0055055220962,115.78005712940791
4445.423139971392,-0.00011684196097030565,-9.377795320875624,244.85255517695595,115.77286445502753
4445.576259345227,-0.00011681385376200821,-9.377813209491471,244.69960470315849,115.76567451703413
4446.102452798405,-0.00011671637940465323,-9.377874650596905,244.17399069390137,115.74098720548203
4446.628646251582,-0.00011661741073654085,-9.377936040018815,243.64837516945704,115.7163321746993
4446.781765625417,-0.00011658830732107174,-9.377953894178969,243.49542368553455,115.70916375721872
4446.934884999253,-0.0001165590590979055,-9.37797174386852,243.3424720736673,115.70199807020056
4447.46107845243,-0.00011645738741368733,-9.378033049817507,242.81685415888538,115.67739405142929
4447.9872719056075,-0.00011635378494669648,-9.378094301759527,242.29123473738125,115.65282224201563
4448.140391279442,-0.00011632324953501506,-9.378112115444427,242.13828212103232,115.64567802790245
4448.293510653278,-0.00011629253129107121,-9.378129924436374,241.9853293774608,115.63853653805955
4448.819704106455,-0.00011618551455549233,-9.37819108875406,241.45970757910712,115.61401562504221
4449.345897559632,-0.00011607610748189356,-9.37825219613134,240.9340842826281,115.58952684640462
4449.499016933468,-0.0001160437956792697,-9.37826996716301,240.78113054030615,115.58240677948153
4449.652136307303,-0.00011601126154365094,-9.37828773322661,240.62817667149648,115.57528943029905
4450.178329760481,-0.00011589770141076781,-9.378348747841146,240.1025510118937,115.55085142613916
4450.704523213658,-0.00011578127897193021,-9.37840970194801,239.5769238629314,115.52644547696936
4450.8576425874935,-0.00011574683663234172,-9.378427427673156,239.4239690012152,115.5193494977802
4451.010761961329,-0.00011571213177947895,-9.378445148100907,239.271014013762,115.51225622939174
4451.536955414506,-0.00011559080465462563,-9.378506003292697,238.74538451569867,115.48790092511723
4452.063148867684,-0.0001154661397413041,-9.37856679376478,238.21975353724815,115.46357759116226
4452.216268241519,-0.0001154292096961291,-9.37858447104605,238.0667975628699,115.45650563632009
4452.369387615355,-0.00011539197717697557,-9.378602142646026,237.91384146352445,115.44943638485444
4452.895581068532,-0.00011526165976256195,-9.378662827029656,237.3882081503517,115.425163557165
4453.421774521709,-0.00011512753907633863,-9.378723441840478,236.8625733660074,115.4009226089688
4453.574893895545,-0.00011508777104264524,-9.378741067058577,236.70961628588088,115.39387461049854
4453.72801326938,-0.00011504766213730542,-9.378758686158088,236.55665908157908,115.38682930742293
4454.254206722558,-0.00011490717030117468,-9.378819186707771,236.0310219773052,115.36263871644006
4454.780400175735,-0.00011476243669926016,-9.378879612215565,235.50538341135464,115.33847990711257
4454.93351954957,-0.00011471949995006439,-9.378897181287144,235.35242523260158,115.33145579180713
4455.086638923405,-0.00011467618687945421,-9.378914743752539,235.19946693049025,115.32443436328612
4455.612832376582,-0.0001145244186754414,-9.378975045885001,234.67382605987078,115.30032575037592
4456.13902582976,-0.00011436801174665928,-9.379035266937588,234.1481837373812,115.27624881346523
4456.292145203595,-0.00011432160619286947,-9.379052775349724,233.9952244673563,115.26924850227718
4456.445264577431,-0.00011427479288035614,-9.379070276622524,233.84226507481776,115.26225086856978
4456.971458030608,-0.00011411076295267844,-9.37913036433313,233.31662046343658,115.23822395431573
4457.497651483785,-0.00011394175093926479,-9.379190364421484,232.7909744103322,115.21422860185702
4457.650770857621,-0.00011389161623626073,-9.379207807279442,232.63801405664455,115.20725200934645
4457.8038902314565,-0.00011384104746089553,-9.37922524242555,232.4850535813178,115.20027808426138
4458.330083684634,-0.00011366391970649046,-9.379285098468245,231.95940525565732,115.17633256665192
4458.856277137811,-0.0001134815342899871,-9.379344859924192,231.43375549878434,115.15241848745406
4459.009396511647,-0.00011342746040655627,-9.37936223201246,231.28079406931565,115.14546552130997
4459.162515885482,-0.00011337293246853424,-9.379379595784782,231.1278325191139,115.13851521173657
4459.6887093386595,-0.00011318205712020123,-9.37943920190001,230.60218050661118,115.11465076462852
4460.214902791837,-0.00011298572972354925,-9.379498706143453,230.07652707378804,115.0908176228625
4460.368022165672,-0.00011292756708664781,-9.379516002001246,229.9235645767058,115.083888183517
4460.521141539508,-0.00011286893768636655,-9.379533288916713,229.7706019598292,115.07696138905087
4461.047334992685,-0.00011266388243015313,-9.379592626107105,229.2449462889158,115.05317766097558
4461.573528445862,-0.00011245327005867632,-9.379651853936695,228.7192892089656,115.02942509512945
4461.726647819697,-0.00011239093591488601,-9.379669067944953,228.5663256527311,115.02251907548269
4461.879767193533,-0.00011232813001026499,-9.379686272372446,228.41336197767444,115.0156156881642
4462.40596064671,-0.00011210869628181208,-9.37974532121101,227.8877026777971,114.9919123015321
4462.932154099887,-0.00011188369271187552,-9.379804253119564,227.36204198056132,114.96823992377952
4463.085273473723,-0.00011181717357959863,-9.379821379593714,227.2090773739322,114.96135720904729
4463.238392847558,-0.00011175018553776494,-9.379838495847201,227.0561126494864,114.95447711322315
4463.764586300736,-0.00011151641395738338,-9.379897236799419,226.53044975110856,114.93085366395783
4464.290779753913,-0.00011127715246322623,-9.379955853298174,226.00478546744029,114.90726105996191
4464.443899127748,-0.00011120650447887539,-9.379972886582678,225.8518198194674,114.90040152765064
4464.597018501584,-0.00011113539820587851,-9.379989909015796,225.69885405471592,114.89354459996346
4465.123211954761,-0.00011088756747793367,-9.380048322764557,225.173187589299,114.87000065757582
4465.6494054079385,-0.00011063441722699559,-9.380106604706855,224.647519751037,114.84648738673377
4465.802524781774,-0.00011055976460533644,-9.38012353926899,224.4945530710553,114.8396509067436
4465.95564415561,-0.00011048467176089635,-9.380140462368553,224.34158627536408,114.83281701624925
4466.481837608787,-0.00011022329054623741,-9.38019853013306,223.81591627532976,114.80935212434954
4467.008031061964,-0.00010995684461842671,-9.380256459027962,223.2902449152534,114.78591772047109
4467.1611504358,-0.00010987837529855204,-9.380273289547784,223.1372772128673,114.77910415532415
4467.314269809635,-0.00010979949050462698,-9.380290108023056,222.98430939587007,114.77229316373364
4467.840463262813,-0.00010952527709939969,-9.380347811859213,222.4586358945441,114.74890684096577
4468.36665671599,-0.00010924632617765138,-9.38040537015964,221.93296104631068,114.72555081336205
4468.5197760898245,-0.0001091642830393789,-9.380422091611083,221.77999233137493,114.7187600185475
4468.67289546366,-0.00010908185466742287,-9.380438800473497,221.62702350295325,114.71197178058432
4469.199088916837,-0.00010879570241141724,-9.380496123536448,221.10134653449344,114.68866352194462
4469.725282370015,-0.00010850519706031372,-9.380553294882661,220.57566823256067,114.66538535687991
4469.87840174385,-0.000108419866624959,-9.380569902600577,220.4226985151568,114.65861718129997
4470.031521117686,-0.00010833418542935497,-9.380586497229078,220.269728685416,114.65185154515613
4470.557714570863,-0.00010803712396795508,-9.380643423984429,219.74404828472706,114.62862082363404
4471.08390802404,-0.00010773613738830435,-9.380700193395288,219.2183665642638,114.6054199860724
4471.237027397876,-0.00010764783944719967,-9.380716683127455,219.06539585467328,114.59867427256879
4471.390146771711,-0.00010755922838090142,-9.380733159318927,218.91242503391558,114.59193108043931
4471.916340224889,-0.00010725239003811683,-9.380789675704587,218.3867412365542,114.56877734891063
4472.442533678066,-0.00010694208490662349,-9.38084602972181,217.86105613334263,114.54565328448962
4472.5956530519015,-0.00010685116264785268,-9.380862397667652,217.70808444201796,114.53892987043184
4472.748772425737,-0.00010675996677138442,-9.38087875167409,217.55511264071336,114.53220895910871
4473.274965878914,-0.00010644454934844516,-9.380934845215714,217.02942548278673,114.50913165241774
4473.801159332092,-0.00010612613679556096,-9.38099077199874,216.50373703311928,114.48608378958582
4473.954278705926,-0.00010603294416579597,-9.381007014832768,216.3507643706538,114.47938250750198
4474.107398079762,-0.000105939517832344,-9.381023243382796,216.19779159940958,114.47268370900834
4474.633591532939,-0.0001056167397514634,-9.381078903252444,215.67210111747045,114.44968224616929
4475.159784986116,-0.00010529143520380684,-9.381134392613665,215.1464093580437,114.42670999841195
4475.312904359952,-0.00010519632455917081,-9.3811505074914,214.99343573514093,114.42003067663937
4475.466023733788,-0.0001051010193718014,-9.381166607794347,214.84046200467105,114.41335381888106
4475.992217186965,-0.00010477208181235758,-9.381221824811092,214.3147682356125,114.39042760531892
4476.518410640142,-0.0001044410730620606,-9.381276868198116,213.78907320342418,114.36753037339507
4476.671530013978,-0.000104344387080789,-9.381292852747906,213.63609863086762,114.36087283672882
4476.824649387813,-0.00010424754424328513,-9.381308822484412,213.48312395196274,114.35421774414152
4477.3508428409905,-0.00010391360734101258,-9.381363589073837,212.95742693291652,114.33136617390348
4477.877036294168,-0.00010357803220775638,-9.38141817951683,212.4317286651643,114.30854334803236
4478.030155668003,-0.00010348009721626332,-9.381434031822373,212.27875315378859,114.30190741835624
4478.183275041839,-0.00010338204070597159,-9.381449869125843,212.12577753728738,114.29527391253367
4478.709468495016,-0.00010304419834395032,-9.381504179247926,211.60007730552687,114.27249637042452
4479.235661948193,-0.00010270511758298142,-9.381558311273745,211.07437583951446,114.24974733237978
4479.388781322029,-0.00010260623547339115,-9.381574029846364,210.92139940017853,114.24313282926674
4479.541900695865,-0.00010250726401805201,-9.38158973327406,210.76842285694113,114.23652072955683
4480.068094149042,-0.00010216651742589998,-9.381643582314519,210.2427194497914,114.21381659315199
4480.594287602219,-0.00010182489196724955,-9.381697251825118,209.71701482284146,114.19114071821409
4480.747406976054,-0.00010172533460091141,-9.381712835566233,209.56403746640385,114.18454745948206
4480.900526349889,-0.00010162571658000686,-9.381728404060917,209.41106000728743,114.177956583537
4481.426719803067,-0.00010128296149226075,-9.381781788694498,208.8853534620439,114.15532522502704
4481.952913256244,-0.00010093964586033824,-9.38183499282511,208.3596457114208,114.13272188375456
4482.106032630079,-0.00010083965414331599,-9.381850440984472,208.20666744871784,114.12614968596773
4482.259152003915,-0.00010073962692294537,-9.381865873832501,208.05368908455497,114.11957985023895
4482.785345457092,-0.00010039565175843389,-9.381918791878451,207.52797943841193,114.09702063808145
4483.3115389102695,-0.0001000513909588154,-9.381971528851766,207.0022686012536,114.0744891978866
4483.464658284105,-9.995117331504005e-05,-9.381986840984693,206.84928944308032,114.06793787679952
4483.617777657941,-9.98509414824649e-05,-9.38200213777298,206.6963101846604,114.0613888969751
4484.143971111118,-9.950641940911248e-05,-9.382054588044584,206.17059747464893,114.03890119734723
4484.670164564295,-9.91618397283988e-05,-9.382106857015762,205.64488358790877,114.01644102386841
4484.823283938131,-9.906156949091605e-05,-9.38212203293709,205.4919035450029,114.00991039480999
4484.976403311966,-9.896130240459133e-05,-9.38213719350672,205.33892340305619,114.0033820861916
4485.502596765144,-9.861678518527007e-05,-9.382189175649332,204.8132076659924,113.98096526423072
4486.028790218321,-9.827239303011447e-05,-9.382240976542134,204.28749076639173,113.95857572248731
4486.181909592156,-9.817220931990011e-05,-9.38225601627855,204.1345098494202,113.9520656006805
4486.335028965992,-9.807204250949375e-05,-9.382271040677265,203.981528834605,113.945557778496
4486.861222419169,-9.772796936776274e-05,-9.38232255500772,203.4558101070486,113.92321119931886
4487.3874158723465,-9.738416397571913e-05,-9.382373888359576,202.93009023103852,113.90089165464742
4487.540535246181,-9.728417566510423e-05,-9.382388792105884,202.77710845058743,113.89440185546663
4487.693654620017,-9.718421471008281e-05,-9.382403680544927,202.62412657348028,113.88791433512068
4488.219848073194,-9.684092354899545e-05,-9.382454727907378,202.0984048917022,113.86563736463553
4488.746041526371,-9.649800422934235e-05,-9.38250559473009,201.5726820754353,113.8433871834275
4488.899160900207,-9.639829116861033e-05,-9.382520362809297,201.41969944200198,113.83691752259956
4489.0522802740425,-9.629861267299947e-05,-9.382535115623664,201.2667167130899,113.83045011986856
4489.57847372722,-9.595634190203895e-05,-9.382585697253662,200.74099211304892,113.80824212539842
4490.104667180397,-9.56145095999187e-05,-9.38263609889837,200.2152663923583,113.78606067565222
4490.257786554233,-9.551512341686792e-05,-9.382650731722535,200.06228291634622,113.77961096940375
4490.410905928068,-9.541577605743857e-05,-9.38266534933201,199.90929934602178,113.77316350057723
4490.937099381245,-9.507467141186104e-05,-9.382715466724392,199.3835718633488,113.75102385130089
4491.463292834423,-9.473404107983703e-05,-9.382765404754526,198.857843273736,113.72891050299478
4491.616412208258,-9.463500992944327e-05,-9.38277990278916,198.70485896545148,113.72248056814831
4491.769531582094,-9.453601960136883e-05,-9.382794385663434,198.55187456400992,113.71605285011965
4492.295725035271,-9.419615385958705e-05,-9.38284404045916,198.02614423399993,113.69398091734386
4492.821918488448,-9.385677426758436e-05,-9.382893516547657,197.50041281062897,113.67193504265119
4492.975037862284,-9.375810803936258e-05,-9.382907880283767,197.34742768027994,113.66552469667785
4493.1281572361195,-9.36594826960782e-05,-9.382922228915236,197.19444245791803,113.65911654699286
4493.654350689297,-9.332086863897555e-05,-9.38297142281275,196.66870931552785,113.63711170428867
4494.180544142474,-9.298273037891464e-05,-9.383020438658937,196.14297509322483,113.61513267766942
4494.333663516309,-9.2884422233658e-05,-9.383034668589513,195.98998915092093,113.60874173870761
4494.486782890144,-9.278615324598238e-05,-9.383048883470005,195.83700311773754,113.60235297557932
4495.0129763433215,-9.24487477601074e-05,-9.38309761814654,195.31126719758794,113.5804145988065
4495.539169796499,-9.21117886692726e-05,-9.383146175399954,194.78553021084522,113.55850179699058
4495.692289170334,-9.201381727829035e-05,-9.383160271998358,194.63254346659957,113.55213008383352
4495.84540854417,-9.191588202136079e-05,-9.383174353597926,194.479556632597,113.54576052612688
4496.371601997347,-9.157959877757495e-05,-9.383222630640471,193.95381796897965,113.52388799335631
4496.897795450524,-9.124372153872507e-05,-9.383270730839783,193.4280782519638,113.50204079523219
4497.05091482436,-9.114605695175273e-05,-9.383284694543857,193.27509071569546,113.49568812728972
4497.204034198196,-9.104842479485138e-05,-9.383298643295737,193.12210309078233,113.48933759448079
4497.730227651373,-9.071315399474206e-05,-9.383346464156405,192.59636171766925,113.46753028583896
4498.25642110455,-9.037824204390569e-05,-9.383394108694176,192.07061930423183,113.44574807227661
4498.409540478386,-9.02808491198529e-05,-9.38340793989745,191.9176309857689,113.43941426952058
4498.562659852221,-9.018348435040648e-05,-9.383421756189751,191.76464257976338,113.43308258164058
4499.0888533053985,-8.984909878785234e-05,-9.383469122159688,191.23889853081891,113.41133987910791
4499.615046758576,-8.951501811448788e-05,-9.38351631225834,190.7131534545081,113.38962203274458
4499.768166132411,-8.941785660450116e-05,-9.38353001130311,190.56016436359153,113.38330691564403
4499.921285506247,-8.932071847569787e-05,-9.383543695471952,190.4071751862249,113.37699389321345
4500.447478959424,-8.898707466911668e-05,-9.383590607657803,189.881428494818,113.35531518039
4500.973672412601,-8.86536783974156e-05,-9.383637344347587,189.35568078889233,113.33366108538341
4501.126791786436,-8.855670529186564e-05,-9.38365091151904,189.20269093517965,113.32736447483065
4501.279911160272,-8.845975081186986e-05,-9.383664463843068,189.0497009961003,113.32106993878463
4501.806104613449,-8.812670225545008e-05,-9.38371092315236,188.52395169531871,113.29945460062778
4502.332298066626,-8.779384696049831e-05,-9.383757207264521,187.99820139276054,113.27786364238848
4502.485417440462,-8.76970213214811e-05,-9.383770642790456,187.84521078582998,113.27158535962079
4502.638536814297,-8.760020988204275e-05,-9.383784063491229,187.6922200946075,113.26530913123065
4503.164730267475,-8.72676196464647e-05,-9.383830070638524,187.16646821727136,113.24375655378711
4503.690923720652,-8.693517183553371e-05,-9.383875902816476,186.6407153508009,113.22222811871494
4503.8440430944875,-8.683845534586001e-05,-9.383889206871014,186.48772400015534,113.21596798523899
4503.997162468323,-8.674174883227242e-05,-9.383902496116798,186.33473256628426,113.20970988603737
4504.5233559215,-8.640948703713755e-05,-9.383948051636072,185.80897814495918,113.18821945619031
4505.049549374678,-8.607731862269387e-05,-9.383993432345923,185.28322274704664,113.16675293142752
4505.202668748513,-8.598067436290033e-05,-9.384006605052088,185.13023066211704,113.16051076894868
4505.355788122349,-8.588403609382341e-05,-9.384019762960293,184.97723849502057,113.15427062065903
4505.881981575526,-8.55519790715468e-05,-9.384064867212524,184.4514815620299,113.13284172588835
4506.408175028703,-8.521997181830244e-05,-9.384109796751611,183.9257236649081,113.11143649908423
4506.561294402539,-8.512336672858027e-05,-9.384122838184378,183.77273085505735,113.1052121294389
4506.714413776374,-8.502676432164305e-05,-9.384135864824993,183.61973796409075,113.09898975390844
4507.240607229552,-8.469480658501186e-05,-9.384180518014077,183.09397855152727,113.07762178206508
4507.766800682729,-8.436286386157832e-05,-9.384224996533113,182.56821818720243,113.05627724116007
4507.919920056564,-8.426627146343945e-05,-9.384237906727023,182.41522466172813,113.05007048625504
4508.073039430399,-8.416967909005417e-05,-9.384250802130563,182.2622310561819,113.04386570539533
4508.599232883576,-8.383773641713087e-05,-9.384295004332241,181.73646919591795,113.02255804450722
4509.125426336754,-8.350577980896535e-05,-9.384339031864183,181.21070639617946,113.0012735775541
4509.278545710589,-8.340917814541852e-05,-9.384351810821224,181.0577121643167,112.99508425931764
4509.431665084425,-8.331257420436268e-05,-9.384364574986336,180.90471785341896,112.98889689505671
4509.957858537602,-8.298057452330432e-05,-9.384408326171142,180.37895357711503,112.96764893317197
4510.484051990779,-8.264853567711943e-05,-9.384451902649577,179.8531883735434,112.94642392819014
4510.637171364615,-8.255190562597916e-05,-9.384464550343768,179.70019344446703,112.94025186853112
4510.7902907384505,-8.245527143704909e-05,-9.38447718324159,179.54719843738602,112.9340817427734
4511.316484191628,-8.212315469226597e-05,-9.384520483289265,179.02143177649825,112.91289286782754
4511.842677644805,-8.179098115217798e-05,-9.384563608564333,178.4956642004722,112.89172671267791
4511.995797018641,-8.169430909971126e-05,-9.384576124947074,178.34266858329886,112.88557173345097
4512.148916392476,-8.159763177925306e-05,-9.384588626526984,178.18967288914484,112.87941866804336
4512.675109845653,-8.126535937684007e-05,-9.384631475249769,177.6639038749315,112.85828826775031
4513.201303298831,-8.093302025669842e-05,-9.38467414911543,177.13813395763407,112.83718035003993
4513.354422672666,-8.083629845775434e-05,-9.384686534123917,176.98513766142386,112.83104227302067
4513.507542046502,-8.073957071480502e-05,-9.384698904321926,176.8321412892506,112.82490608972876
4514.033735499679,-8.040712029271938e-05,-9.384741301492067,176.3063699527769,112.80383355150903
4514.559928952856,-8.007459616392096e-05,-9.38478352370957,175.78059772519967,112.78278325853228
4514.713048326691,-7.997781928316301e-05,-9.384795777272483,175.62760075895721,112.77666190540225
4514.866167700527,-7.988103592547329e-05,-9.384808016016466,175.47460371776305,112.77054242589637
4515.392361153704,-7.954839046958424e-05,-9.384849961380114,174.9488300899052,112.74952713683399
4515.918554606881,-7.92156665999341e-05,-9.384891731687262,174.42305558285193,112.72853385553586
4516.071673980717,-7.91188309664036e-05,-9.384903853726904,174.27005795552734,112.72242904787271
4516.224793354552,-7.902198870311053e-05,-9.384915960938649,174.11706025425644,112.71632609371835
4516.7509868077295,-7.868914057822043e-05,-9.384957454223889,173.59128436570447,112.6953674405303
4517.277180260907,-7.835621548348761e-05,-9.384998772346366,173.06550760979394,112.67443055748079
4517.430299634742,-7.8259321906966e-05,-9.385010762782928,172.91250933028383,112.66834211675203
4517.583419008578,-7.81624220297702e-05,-9.385022738382771,172.7595109778267,112.66225550940428
4518.109612461755,-7.782937908834194e-05,-9.38506377931817,172.2337328590872,112.64135287842775
4518.6358059149325,-7.749626440343103e-05,-9.385104644989669,171.70795388475543,112.62047177981943
4518.788925288768,-7.739931669724671e-05,-9.385116503746906,171.55495496190326,112.61439952738368
4518.942044662604,-7.730236312734637e-05,-9.385128347659169,171.40195596709742,112.6083290881893
4519.468238115781,-7.696913880573546e-05,-9.385168935989286,170.87617564849512,112.5874818653945
4519.994431568958,-7.663584725535568e-05,-9.38520934896125,170.3503944859965,112.56665593706185
4520.147550942794,-7.6538848866276e-05,-9.385221075968072,170.19739492859296,112.56059969417545
4520.300670316629,-7.644184498809563e-05,-9.3852327881222,170.0443953002232,112.5545452443796
4520.826863769807,-7.610845074474743e-05,-9.38527292360835,169.51861281190168,112.53375281539344
4521.353057222984,-7.577499500271655e-05,-9.385312883648442,168.99282949131018,112.51298144283636
4521.5061765968185,-7.567795012541433e-05,-9.385324478838525,168.83982930809358,112.50694103065979
4521.659295970654,-7.558090043078171e-05,-9.38533605916887,168.68682905489226,112.50090239141264
4522.185489423831,-7.524735453375845e-05,-9.385375741591302,168.1610444268155,112.48016414154152
4522.711682877009,-7.491375690326186e-05,-9.385415248490446,167.63525897802555,112.45944670995054
4522.864802250844,-7.481667271964697e-05,-9.385426711805259,167.48225817768196,112.4534219495567
4523.01792162468,-7.471958458980861e-05,-9.385438160254383,167.32925730832935,112.44739894192202
4523.544115077857,-7.43859133558261e-05,-9.385477389424658,166.8034705702821,112.42671425618596
4524.070308531034,-7.405220003505283e-05,-9.385516443008234,166.27768302300916,112.40605015048246
4524.22342790487,-7.395508384735391e-05,-9.385527774399549,166.12468161417266,112.40004086286942
4524.376547278705,-7.385796439201395e-05,-9.38553909092031,165.9716801372969,112.39403330783773
4524.902740731883,-7.352419004760422e-05,-9.385577866684267,165.44589131888503,112.37340157101683
4525.42893418506,-7.319038007907602e-05,-9.385616466808969,164.92010170266582,112.35279017589971
4525.5820535588955,-7.309323687432369e-05,-9.385627666236886,164.76709969391834,112.3467961820038
4525.735172932731,-7.299609093633994e-05,-9.385638850790155,164.61409761809557,112.34080390050516
4526.261366385908,-7.266222983871302e-05,-9.385677173018788,164.08830674874656,112.32022449718042
4526.787559839086,-7.232834059271046e-05,-9.385715319564486,163.5625150929397,112.29966519716226
4526.94067921292,-7.223117588914287e-05,-9.385726386995788,163.40951249281153,112.29368631786787
4527.093798586756,-7.213400919767743e-05,-9.385737439549217,163.25650982656623,112.28770913078137
4527.619992039933,-7.180008285993161e-05,-9.385775308138513,162.73071693552993,112.26718144536709
4528.14618549311,-7.14661376683973e-05,-9.385813001012988,162.20492326931654,112.24667362480756
4528.299304866946,-7.136895840773944e-05,-9.385823936423195,162.05192008628643,112.24070968095741
4528.4524242407815,-7.127177786375219e-05,-9.385834856953336,161.89891683809145,112.23474740912182
4528.978617693959,-7.093780891957096e-05,-9.38587227183066,161.37312195444068,112.2142708259046
4529.504811147136,-7.060382748811061e-05,-9.38590951097242,160.84732630682527,112.19381386905212
4529.657930520972,-7.050663861927055e-05,-9.38592031434551,160.69432254932045,112.18786468145964
4529.811049894807,-7.04094488235284e-05,-9.385931102837073,160.54131872759737,112.18191714568574
4530.337243347984,-7.007545015407189e-05,-9.385968063954547,160.01552188022853,112.16149104886439
4530.863436801162,-6.974144207066527e-05,-9.386004849321623,159.48972428003944,112.14108433989132
4531.016556174997,-6.964424599895631e-05,-9.386015520646245,159.33671995643607,112.13514972934952
4531.169675548833,-6.954704931354029e-05,-9.386026177088265,159.18371556955526,112.1292167504284
4531.69586900201,-6.921302969453514e-05,-9.386062684411034,158.65791678718946,112.10884052413887
4532.222062455187,-6.887900562530348e-05,-9.386099015973684,158.13211726308032,112.08848344716135
4532.375181829023,-6.87818059730697e-05,-9.386109555242287,157.97911238170377,112.08256323444812
4532.5283012028585,-6.868460618843236e-05,-9.38612007962778,157.82610743798492,112.07664463315632
4533.054494656036,-6.835057979076433e-05,-9.386156133136604,157.30030674916947,112.05631766148971
4533.580688109213,-6.801655426748554e-05,-9.386192010883146,156.77450532962055,112.03600960058793
4533.733807483048,-6.791935506577429e-05,-9.386202418093777,156.6214998987459,112.03010360647254
4533.886926856883,-6.782215603826013e-05,-9.386212810421364,156.46849440645843,112.02419920357877
4534.413120310061,-6.748813392430601e-05,-9.386248410115636,155.94269183956803,112.00392087060607
4534.939313763238,-6.715411401368182e-05,-9.386283834050229,155.41688855288757,111.98366120984919
4535.092433137073,-6.70569164550542e-05,-9.386294109204691,155.26388258073987,111.97776925509922
4535.245552510909,-6.695971905279111e-05,-9.38630436947635,155.11087654810325,111.97187887137112
4535.771745964086,-6.662570209178938e-05,-9.386339515363286,154.58507213134135,111.9516485611624
4536.2979394172635,-6.629168724379276e-05,-9.386374485493228,154.05926700566707,111.93143668462162
4536.451058791099,-6.619449125019968e-05,-9.386384628593554,153.90626050042192,111.92555859000541
4536.604178164935,-6.609729553045834e-05,-9.38639475681134,153.7532539356062,111.91968204621148
4537.130371618112,-6.576328573388813e-05,-9.386429448898431,153.2274476970072,111.89949914283966
4537.656565071289,-6.542928071884938e-05,-9.386463965233004,152.70164076030838,111.87933443458971
4537.809684445125,-6.533208818679562e-05,-9.386473976282437,152.54863373009258,111.87347002087694
4537.96280381896,-6.523489616435923e-05,-9.386483972449872,152.39562664121905,111.86760713778708
4538.488997272138,-6.490090086245361e-05,-9.3865182107518,151.86981860865004,111.84747102533252
4539.015190725315,-6.456691205348076e-05,-9.38655227330929,151.34400988872954,111.8273528694598
4539.16831009915,-6.446972435966613e-05,-9.386562152313758,151.19100234162158,111.8215019574244
4539.321429472986,-6.437253714668327e-05,-9.386572016436943,151.03799473676332,111.81565255581324
4539.847622926163,-6.403855737069447e-05,-9.38660580097539,150.51218493792598,111.79556261837527
4540.3738163793405,-6.370458176893134e-05,-9.386639409776956,149.986374462422,111.77549039898784
4540.526935753175,-6.360739733876556e-05,-9.386649156742212,149.8333664064525,111.76965280941032
4540.680055127011,-6.35102131644438e-05,-9.386658888826675,149.68035829363478,111.76381671005898
4541.206248580188,-6.317624225974377e-05,-9.386692219618281,149.15454675606753,111.74377233175765
4541.732442033365,-6.284227413180587e-05,-9.386725374677306,148.62873455245588,111.72374543298096
4541.885561407201,-6.27450918086588e-05,-9.386734989606706,148.4757259956084,111.71792098664595
4542.038680781036,-6.264790976622463e-05,-9.386744589655647,148.32271738280957,111.71209801033943
4542.564874234214,-6.231394687562032e-05,-9.38677746671091,147.79690413389,111.69209857530579
4543.091067687391,-6.197998793611379e-05,-9.386810168038116,147.27109022948665,111.672116381274
4543.2441870612265,-6.188280852774474e-05,-9.386819650935012,147.1180811796985,111.66630489896858
4543.397306435062,-6.178562944591488e-05,-9.386829118951887,146.96507207485064,111.66049486649425
4543.923499888239,-6.145167679159212e-05,-9.386861542283636,146.43925714179778,111.64053975886839
4544.449693341417,-6.111772691721698e-05,-9.386893789892406,145.91344156376093,111.6206016537259
4544.602812715252,-6.102054968868548e-05,-9.386903140760621,145.76043202892365,111.61480295624038
4544.755932089088,-6.092337251943272e-05,-9.386912476749115,145.60742243991314,111.60900568838895
4545.282125542265,-6.058942375908652e-05,-9.386944446368117,145.0816058497897,111.589094292322
4545.808318995442,-6.025547367224321e-05,-9.38697624026511,144.55578862512203,111.5691996602223
4545.961438369278,-6.015829561865899e-05,-9.38698545910559,144.402778613082,111.56341356834893
4546.114557743113,-6.0061117366648145e-05,-9.386994663066217,144.24976854775028,111.55762888591245
4546.640751196291,-5.97271634023069e-05,-9.387026178970883,143.72395032746496,111.53776058555616
4547.166944649468,-5.939320699067502e-05,-9.387057519150508,143.19813148301648,111.51790881064676
4547.320064023303,-5.9296027107137033e-05,-9.387066605961097,143.04512100157584,111.51213514517475
4547.473183397138,-5.919884705526997e-05,-9.387075677891566,142.89211046772016,111.50636286894198
4547.9993768503155,-5.8864887542752865e-05,-9.38710674007375,142.3662906440306,111.48653704843412
4548.525570303493,-5.8530926274110456e-05,-9.387137626528151,141.84047020650098,111.46672751484618
4548.678689677328,-5.8433745051493144e-05,-9.387146581306759,141.6874592634184,111.46096609655996
4548.831809051164,-5.833656362213537e-05,-9.38715552120502,141.5344482687925,111.45520604731476
4549.358002504341,-5.800259856539963e-05,-9.387186129657948,141.00862686830746,111.43542209077691
4549.884195957518,-5.7668629445282914e-05,-9.387216562379573,140.48280486424827,111.41565418262604
4550.037315331354,-5.7571445307004455e-05,-9.387225385123624,140.32979346723945,111.40990483230544
4550.19043470519,-5.747426066878039e-05,-9.387234192986861,140.17678201955425,111.40415683082705
4550.716628158367,-5.714028214183553e-05,-9.387264347698201,139.65095906873572,111.38441412236332
4551.242821611544,-5.6806296710392304e-05,-9.387294326670402,139.1251355245529,111.36468722374386
4551.39594098538,-5.6709107469169274e-05,-9.387303017374204,138.9721236812914,111.35894976216156
4551.549060359215,-5.661191767414987e-05,-9.387311693196429,138.81911178821568,111.35321362922166
4552.0752538123925,-5.627792171385352e-05,-9.38734139414388,138.29328731338165,111.33351155290634
4552.60144726557,-5.5943920301336104e-05,-9.3873709193434,137.76746225533807,111.31382504787837
4552.754566639405,-5.5846726871502604e-05,-9.38737947800033,137.61444997345586,111.30809929579657
4552.907686013241,-5.574953308362738e-05,-9.387388021775058,137.46143764261703,111.30237485215613
4553.433879466418,-5.5415525090002624e-05,-9.387417268938139,136.93561166994377,111.28271279202737
4553.960072919595,-5.5081513497269326e-05,-9.387446340347443,136.40978512416143,111.26306606461686
4554.11319229343,-5.498431730998836e-05,-9.387454766952981,136.25677241124973,111.25735184278851
4554.266311667266,-5.4887120782160225e-05,-9.38746317867588,136.10375965023437,111.2516389091996
4554.792505120443,-5.455310280676881e-05,-9.38749197204069,135.57793220575846,111.23201624926725
4555.31869857362,-5.421907973241725e-05,-9.38752058964608,135.05210419822023,111.21240868347473
4555.471817947456,-5.412187980528231e-05,-9.387528884196024,134.89909106182986,111.20670581264562
4555.624937321291,-5.402467940517951e-05,-9.387537163862756,134.74607787818437,111.20100420985324
4556.151130774469,-5.36906473470195e-05,-9.38756550341285,134.22024898780458,111.18142033410214
4556.677324227646,-5.335661033374976e-05,-9.38759366719615,133.6944195443565,111.16185131390128
4556.830443601481,-5.325940663024043e-05,-9.38760182968501,133.54140599199872,111.15615961480896
4556.983562975317,-5.316220265673273e-05,-9.387609977290117,133.38839239322985,111.15046916354964
4557.509756428494,-5.282816052614397e-05,-9.387637863007777,132.8625620827095,111.13092345593489
4558.0359498816715,-5.249411724279719e-05,-9.387665572954342,132.33673122906308,111.11139236527026
4558.189069255507,-5.239691250078409e-05,-9.387673603378714,132.18371726821005,111.1057116586443
4558.342188629343,-5.2299707786562055e-05,-9.387681618919183,132.03070326178562,111.10003217964694
4558.86838208252,-5.196566519076272e-05,-9.387709050797477,131.50487155675455,111.08052402410075
4559.394575535697,-5.1631623432162164e-05,-9.387736306904957,130.97903931848828,111.06103024690017
4559.547694909533,-5.153441927607259e-05,-9.387744205264877,130.82602495657358,111.05536035346641
4559.700814283368,-5.1437215146407074e-05,-9.38775208874097,130.6730105499229,111.04969166745677
4560.227007736546,-5.110317386717637e-05,-9.387779066781677,130.14717747587906,111.03022044790411
4560.753201189723,-5.076913236314445e-05,-9.387805869051983,129.6213438784403,111.01076336809153
4560.9063205635575,-5.067192808361139e-05,-9.3878136353478,129.46832912285953,111.00510410857515
4561.059439937393,-5.0574723833688396e-05,-9.38782138675979,129.31531432337388,110.99944603627827
4561.58563339057,-5.0240682684819774e-05,-9.387847910963153,128.7894799056853,110.98001113664088
4562.111826843748,-4.9906643503565226e-05,-9.38787425939676,128.26364497439232,110.96059013813635
4562.264946217583,-4.98094405653849e-05,-9.387881893628904,128.11062983250366,110.95494133326123
4562.418065591419,-4.9712237993152124e-05,-9.387889512977464,127.95761464753713,110.94929369540085
4562.944259044596,-4.937820566804468e-05,-9.387915583348546,127.43177891144406,110.92989449959767
4563.470452497773,-4.904417986077968e-05,-9.387941477955714,126.90594267148816,110.91050896632223
4563.623571871609,-4.8946981633775156e-05,-9.387948980128323,126.75292715061298,110.90487043681357
4563.776691245444,-4.8849784069168816e-05,-9.387956467418078,126.59991158748272,110.89923305411547
4564.302884698622,-4.851577071486382e-05,-9.387982083976471,126.0740745580993,110.87986894607707
4564.829078151799,-4.818176549349968e-05,-9.388007524781358,125.54823703454616,110.86051826197097
4564.982197525635,-4.8084573350853864e-05,-9.3880148949021,125.3952211419693,110.85488982856097
4565.13531689947,-4.798738189943771e-05,-9.38802225014092,125.24220520795619,110.84926252175839
4565.661510352647,-4.765338951249591e-05,-9.388047412914414,124.71636691027199,110.82993288544418
4566.187703805825,-4.731940618119357e-05,-9.388072399945674,124.19052812806348,110.81061643447991
4566.34082317966,-4.7222220766870343e-05,-9.388079638023,124.03751187103403,110.80499791791053
4566.493942553496,-4.7125036325252715e-05,-9.38808686121948,123.88449557338306,110.79938050774656
4567.020136006673,-4.679107094159664e-05,-9.38811157023923,123.35865603226506,110.78008472715068
4567.54632945985,-4.6457120344962375e-05,-9.388136103532466,122.83281601622116,110.76080189333817
4567.699448833685,-4.6359945761359244e-05,-9.38814320957793,122.67979940195279,110.755193114363
4567.852568207521,-4.626277273635791e-05,-9.388150300744257,122.5267827478737,110.74958542159294
4568.378761660698,-4.592885134232218e-05,-9.388174556057834,122.000941988068,110.73032288075677
4568.904955113875,-4.5594951438005066e-05,-9.388198635669806,121.4751007628883,110.7110730481631
4569.058074487711,-4.549779273948278e-05,-9.388205609701725,121.32208379855977,110.7054738275546
4569.211193861546,-4.5400636034272775e-05,-9.388212568856957,121.1690667952274,110.69987567295365
4569.7373873147235,-4.506677334051144e-05,-9.388236370535141,120.64322484136028,110.68064575599483
4570.263580767901,-4.473293551212989e-05,-9.388259996543493,120.11738243162497,110.66142830877499
4570.416700141736,-4.463579538383972e-05,-9.388266838585501,119.96436512438031,110.65583846733324
4570.569819515572,-4.453865752205231e-05,-9.388273665753697,119.8113477789348,110.65024967170491
4571.096012968749,-4.4204861888760014e-05,-9.388297013881855,119.28550465551409,110.6310517628438
4571.622206421926,-4.3871096112544776e-05,-9.388320186376783,118.75966108568544,110.61186608526263
4571.775325795762,-4.377397815547536e-05,-9.388326896456151,118.60664344263454,110.60628544382087
4571.928445169598,-4.367686309238266e-05,-9.388333591665177,118.45362576218194,110.60070582800252
4572.454638622775,-4.3343151311618185e-05,-9.388356486344417,117.92778149359833,110.58153931158053
4572.980832075952,-4.300947833987558e-05,-9.388379205436905,117.40193678802211,110.5623847880336
4573.133951449788,-4.291238914946408e-05,-9.388385783588086,117.248918816241,110.55681316746522
4573.287070823623,-4.281530358164411e-05,-9.38839234687337,117.0959008078536,110.55124255233551
4573.8132642768005,-4.248169852364969e-05,-9.388414788233415,116.57005541838186,110.53210681284557
4574.339457729978,-4.214813910905261e-05,-9.388437054064664,116.04420960128819,110.51298282789553
4574.492577103812,-4.205108397016416e-05,-9.388443500330743,115.89119130781935,110.50742004912561
4574.645696477648,-4.195403281661362e-05,-9.388449931736144,115.73817297853579,110.50185825561611
4575.171889930825,-4.162054793727859e-05,-9.388471919932657,115.21232649233562,110.48275267774248
4575.6980833840025,-4.1287111233887694e-05,-9.38849373266428,114.68647958783977,110.46365861615534
4575.851202757838,-4.1190092197633206e-05,-9.388500047093078,114.53346097969235,110.45810450017008
4576.004322131674,-4.1093077390817036e-05,-9.38850634666675,114.38044233651803,110.45255134927416
4576.530515584851,-4.0759719637367696e-05,-9.38852788186741,113.85459477763513,110.43347531791751
4577.056709038028,-4.042641446271531e-05,-9.388549241671225,113.32874680973919,110.41441056468186
4577.209828411864,-4.03294347084304e-05,-9.38855542431366,113.17572789388942,110.40886493253316
4577.362947785699,-4.023245964550942e-05,-9.38856159210702,113.02270894379703,110.40332024531041
4577.889141238877,-3.989924231415591e-05,-9.388582674492975,112.49686033616493,110.3842731456035
4578.415334692054,-3.956608272157907e-05,-9.388603581557334,111.97101132875933,110.36523708594765
4578.5684540658895,-3.946914615117584e-05,-9.388609632469624,111.8179921121512,110.35969975875884
4578.721573439725,-3.9372214518042315e-05,-9.388615668539437,111.66497286208097,110.35416335634113
4579.247766892902,-3.903914750003631e-05,-9.388636298309603,111.13912322952231,110.33514457367136
4579.77396034608,-3.870613780481081e-05,-9.388656752837157,110.61327320638723,110.31613659308688
4579.927079719915,-3.860924438686426e-05,-9.388662672078555,110.46025369593262,110.3106073920593
4580.080199093751,-3.85123556165071e-05,-9.388668576484033,110.30723415279296,110.30507909565684
4580.606392546928,-3.8179432952974194e-05,-9.388688753840254,109.7813835190212,110.2860880156825
4581.132586000105,-3.78465630006362e-05,-9.38870875602861,109.2555325038284,110.26710749993138
4581.28570537394,-3.774970937107563e-05,-9.388714543655503,109.10251270640794,110.26158624634431
4581.4388247477755,-3.765286005795829e-05,-9.388720316452545,108.94949287707594,110.25606587724484
4581.965018200953,-3.732007080912125e-05,-9.38874004158307,108.42364126569788,110.23710188588629
4582.49121165413,-3.6987331146047835e-05,-9.38875959161511,107.89778928201356,110.21814822098501
4582.644331027966,-3.6890514890106206e-05,-9.388765247679821,107.74476920447734,110.21263473619032
4582.797450401801,-3.679370264346311e-05,-9.388770888920359,107.5917490957997,110.20712211575359
4583.323643854978,-3.646103828623097e-05,-9.388790162000982,107.06589653031828,110.18818459917435
4583.849837308156,-3.612841787280976e-05,-9.388809260047351,106.54004360160607,110.16925717137624
4584.002956681991,-3.6031634922040576e-05,-9.38881478459838,106.38702325077449,110.16375127679352
4584.156076055827,-3.593485520093074e-05,-9.388820294330232,106.23400286956837,110.15824622644632
4584.682269509004,-3.560229543538041e-05,-9.388839115519046,105.70814937338567,110.139334571035
4585.208462962181,-3.526976651207413e-05,-9.388857761725195,105.18229552300933,110.12043276680721
4585.361582336017,-3.517300735246029e-05,-9.388863154801928,105.02927490567404,110.11493428391562
4585.5147017098525,-3.507625011681655e-05,-9.38886853306301,104.87625425872791,110.10943662514285
4586.04089516303,-3.474375731251651e-05,-9.388886902477752,104.3503998551486,110.09055021747471
4586.567088616207,-3.441127968982559e-05,-9.388905096940945,103.82454510637635,110.07167342344775
4586.720207990042,-3.4314532575254544e-05,-9.388910358567651,103.6715242293015,110.066182173769
4586.873327363877,-3.421778611651724e-05,-9.388915605380445,103.5185033233765,110.06069172809585
4587.3995208170545,-3.388532094611214e-05,-9.388933523084983,102.99264803561248,110.04182995486647
4587.925714270232,-3.35528558903535e-05,-9.388951265848549,102.46679241162155,110.02297755776284
4588.078833644067,-3.3456109508047134e-05,-9.388956396034018,102.31377128154521,110.01749336284009
4588.231953017903,-3.3359362345542273e-05,-9.388961511405542,102.16075012337656,110.01200995181084
4588.75814647108,-3.3026883206653414e-05,-9.388978977410325,101.63489397455167,109.99317219976336
4589.284339924257,-3.269438389498822e-05,-9.388996268461447,101.10903749843321,109.97434358632438
4589.437459298093,-3.2597623283965774e-05,-9.389001267197191,100.95601612206873,109.9688662677007
4589.590578671929,-3.2500859829808404e-05,-9.389006251116607,100.802994718367,109.96338971285672
4590.116772125106,-3.2168307677230455e-05,-9.38902326536499,100.27713773152216,109.94457536870263
4590.642965578283,-3.183570770852772e-05,-9.389040104614018,99.75128042628634,109.92576992560015
4590.796084952119,-3.173891237695379e-05,-9.389044971867191,99.5982588103239,109.9202993047905
4590.949204325954,-3.1642111788386836e-05,-9.389049824298526,99.44523716777694,109.91482942764137
4591.4753977791315,-3.130941366755666e-05,-9.38906638664213,98.91937936587595,109.8960378779521
4592.001591232309,-3.0976639863640645e-05,-9.389082773902242,98.39352125445869,109.87725499166838
4592.154710606144,-3.08797888196831e-05,-9.38908750961124,98.24049940556745,109.87179089012284
4592.30782997998,-3.0782930208515004e-05,-9.38909223048969,98.08747753084204,109.86632751210885
4592.834023433157,-3.0450015265071892e-05,-9.38910834068175,97.5616189367786,109.84755814318441
4593.3602168863345,-3.011699673200807e-05,-9.389124275668882,97.0357600420482,109.82879719987866
4593.513336260169,-3.00200690610928e-05,-9.389128879744039,96.88273796687807,109.82333943894372
4593.666455634005,-2.99231312620133e-05,-9.38913346897668,96.72971586662213,109.81788238139731
4594.192649087182,-2.9589923815599184e-05,-9.38914912667268,96.20385650322653,109.79913457913406
4594.718842540359,-2.925657921239997e-05,-9.389164609001007,95.67799684799058,109.78039496450964
4594.871961914195,-2.9159549975463706e-05,-9.389169081321862,95.52497455317433,109.77494336538902
4595.02508128803,-2.9062507538067513e-05,-9.389173538784394,95.37195223401883,109.769492449495
4595.551274741208,-2.8728916364750513e-05,-9.38918874352649,94.84609212406511,109.75076559924446
4596.077468194385,-2.839515108239929e-05,-9.389203772689276,94.320231731078,109.73204669839818
4596.2305875682205,-2.8297992572313587e-05,-9.389208113098931,94.1672092232335,109.72660108210694
4596.383706942056,-2.8200817893760315e-05,-9.389212438630265,94.0141866917948,109.721156128856
4596.909900395233,-2.7866750296655897e-05,-9.389227189832994,93.48832585800871,109.70244961525889
4597.436093848411,-2.7532475938143768e-05,-9.389241765197134,92.96246474997967,109.68375081251011
4597.589213222246,-2.7435163418651994e-05,-9.389245973502735,92.8094420357123,109.67831099982463
4597.742332596082,-2.7337832111509935e-05,-9.38925016690625,92.65641929859447,109.6728718299633
4598.268526049259,-2.7003206703027628e-05,-9.389264463866088,92.13055776366151,109.6541850367809
4598.794719502436,-2.6668344052918692e-05,-9.389278584685801,91.60469596326254,109.63550571550888
4598.947838876272,-2.6570854584692194e-05,-9.389282660662557,91.45167304916728,109.63007152692101
4599.100958250107,-2.6473343698395664e-05,-9.389286721709931,91.29865011296432,109.62463796090638
4599.627151703285,-2.6138080605742488e-05,-9.389300563615246,90.7727878995372,109.60597027086874
4600.153345156462,-2.5802548518019835e-05,-9.389314229036536,90.2469254294102,109.58730981336456
4600.306464530297,-2.570485830167696e-05,-9.389318172427883,90.09390232207389,109.58188106903879
4600.459583904132,-2.5607144112980698e-05,-9.389322100858958,89.9408791933718,109.57645292699576
4600.985777357309,-2.5271163511164758e-05,-9.389335486788086,89.41501632407773,109.55780372165376
4601.511970810487,-2.493488795517204e-05,-9.38934869584881,88.88915320684193,109.53916150897216
4601.665090184322,-2.4836977130357913e-05,-9.389352506367608,88.73612991284529,109.53373802870261
4601.818209558158,-2.4739040663857154e-05,-9.389356301892308,88.58310659822425,109.52831513038113
4602.344403011335,-2.4402285165731023e-05,-9.38936923082781,88.05724309567191,109.50968378996346
4602.870596464512,-2.4065221020334973e-05,-9.389381982483563,87.53137935393053,109.49105920179005
4603.023715838348,-2.3967078788987585e-05,-9.389385659821754,87.37835587985006,109.48564080496466
4603.1768352121835,-2.3868910195271013e-05,-9.38938932213043,87.22533238588616,109.48022296970545
4603.703028665361,-2.3531352714002213e-05,-9.38940179299817,86.69946827267155,109.46160887301384
4604.229222118538,-2.3193482243320753e-05,-9.389414086163018,86.17360392901675,109.44300128758155
4604.382341492374,-2.309510498999572e-05,-9.389417630003091,86.02058028142595,109.4375877931618
4604.535460866209,-2.2996701367602215e-05,-9.389421158777747,85.86755661469246,109.43217483987777
4605.061654319386,-2.2658336972111817e-05,-9.38943317048238,85.34169191340263,109.41357736423558
4605.587847772564,-2.2319664922971803e-05,-9.389445004060935,84.81582699041869,109.39498615829099
4605.740967146399,-2.22210561981452e-05,-9.389448414084862,84.66280317588904,109.38957738480524
4605.894086520235,-2.2122422302759954e-05,-9.389451809008158,84.50977934295719,109.3841691319762
4606.420279973412,-2.1783278279828988e-05,-9.389463360466653,83.98391407617261,109.36558765322096
4606.946473426589,-2.144385173122861e-05,-9.389474733395444,83.45804859643762,109.34701220203635
4607.099592800424,-2.134502948539707e-05,-9.389478009298928,83.30502462153875,109.3416079675876
4607.25271217426,-2.1246185206469894e-05,-9.389481270069492,83.15200062897794,109.3362042332704
4607.778905627437,-2.0906345258590627e-05,-9.389492360272556,82.62613481927255,109.31763812580833
4608.305099080614,-2.056627096103141e-05,-9.389503271592398,82.10026880535722,109.29907780327164
4608.45821845445,-2.0467270448984245e-05,-9.389506413107474,81.94724467665641,109.2936779255712
4608.611337828285,-2.0368252834767176e-05,-9.389509539462862,81.79422053103356,109.28827852743666
4609.1375312814625,-2.0027857206737308e-05,-9.389520167554501,81.26835420097143,109.26972716439707
4609.66372473464,-1.9687294748109752e-05,-9.389530616488287,80.7424876754343,109.25118134320742
4609.816844108475,-1.9588165913494206e-05,-9.3895336234051,80.58946339949473,109.24578563963941
4609.969963482311,-1.948902656383095e-05,-9.389536615143253,80.43643910737242,109.24039039504024
4610.496156935488,-1.9148265468467796e-05,-9.389546780491674,79.91057227950076,109.22185314853286
4611.0223503886655,-1.8807427807766644e-05,-9.389556766513683,79.38470526487997,109.20332120049491
4611.175469762501,-1.8708237414544707e-05,-9.38955963870089,79.23168084825811,109.19792948820863
4611.328589136337,-1.860904545942468e-05,-9.389562495700922,79.07865641619189,109.19253821427517
4611.854782589514,-1.8268176089026934e-05,-9.389572197975212,78.55278911303071,109.17401445574409
4612.380976042691,-1.7927352080863426e-05,-9.389581720898198,78.02692163183205,109.15549575216501
4612.534095416527,-1.7828190367232868e-05,-9.389584458330685,77.87389708107403,109.15010784819945
4612.687214790362,-1.7729038733183916e-05,-9.389587180581499,77.72087251560846,109.1447203619681
4613.21340824354,-1.7388400764041243e-05,-9.389596419856243,77.19500475963609,109.12620946266887
4613.739601696717,-1.7047959783105034e-05,-9.389605479941338,76.66913683431655,109.10770337489195
4613.8927210705515,-1.694893947452704e-05,-9.38960808273238,76.51611215595278,109.10231909634203
4614.045840444387,-1.6849943149821826e-05,-9.389610670364654,76.36308746361613,109.09693521492663
4614.572033897564,-1.6509947910196463e-05,-9.389619447226428,75.83721927724922,109.07843654655105
4615.098227350742,-1.617032589696139e-05,-9.389628045283121,75.31135093019536,109.05994244663451
4615.251346724577,-1.6071578389849692e-05,-9.389630513712,75.15832613073401,109.05456161085834
4615.404466098413,-1.5972870920399586e-05,-9.389632967025326,75.00530131803144,109.04918115166144
4615.93065955159,-1.5633994486960536e-05,-9.389641282662797,74.47943272360085,109.03069408709511
4616.456853004767,-1.5295696370870627e-05,-9.389649420137854,73.95356397710283,109.01221134861689
4616.609972378603,-1.5197374446319934e-05,-9.389651754676228,73.80053906302194,109.00683377347869
4616.763091752438,-1.509911131791238e-05,-9.389654074165879,73.64751413642755,109.00145655443876
4617.289285205616,-1.476190935346624e-05,-9.38966193046692,73.12164515614964,108.98298046864214
4617.815478658793,-1.4425522759781047e-05,-9.389669609549008,72.5957760323708,108.96450846763403
4617.9685980326285,-1.4327803211880774e-05,-9.389671810892683,72.44275101010902,108.95913397178636
4618.121717406464,-1.4230163624659272e-05,-9.389673997281667,72.28972597605637,108.95375981166484
4618.647910859641,-1.3895269194822991e-05,-9.389681396943795,71.76385663199953,108.93529408269806
4619.174104312819,-1.356145085843685e-05,-9.389688620669773,71.23798715294073,108.9168321987274
4619.327223686654,-1.3464528666848761e-05,-9.389690689767985,71.08496202888668,108.91146060193655
4619.48034306049,-1.3367709224964463e-05,-9.389692744035472,70.93193689375805,108.90608932064735
4620.006536513667,-1.3035808990702678e-05,-9.389699690655346,70.40606720780421,108.8876333308341
4620.532729966844,-1.2705262090093226e-05,-9.389706462987538,69.88019739526403,108.86918094821169
4620.685849340679,-1.2609344870643804e-05,-9.389708401063231,69.72717217574444,108.86381207171631
4620.8389687145145,-1.2513554611522866e-05,-9.389710324464062,69.57414694585876,108.85844349068789
4621.365162167692,-1.2185378458225612e-05,-9.389716822600212,69.04827693966149,108.83999662788062
4621.891355620869,-1.1858851007667268e-05,-9.389723148485979,68.5224068151933,108.82155313695785
4622.044474994705,-1.1764159883705589e-05,-9.389724957053211,68.36938150646027,108.81618680385232
4622.19759436854,-1.1669621345105023e-05,-9.389726751135365,68.21635618806037,108.81082074641341
4622.723787821717,-1.1345944194400065e-05,-9.389732806369551,67.69048588300032,108.79238240534055
4623.249981274895,-1.102422306919558e-05,-9.389738691801558,67.16461546786635,108.77394720388882
4623.40310064873,-1.0930988547595318e-05,-9.389740372682246,67.0115900760838,108.76858323953059
4623.556220022566,-1.0837932625647655e-05,-9.389742039302865,66.85856467532282,108.76321953132009
4624.082413475743,-1.0519548743622597e-05,-9.38974765828719,66.33269409246019,108.74478911501161
4624.60860692892,-1.020342520203816e-05,-9.389753110334683,65.80682340758351,108.72636160966833
4624.761726302756,-1.0111876173717569e-05,-9.38975466566407,65.65379793881313,108.7209998421012
4624.9148456765915,-1.0020531004972078e-05,-9.38975620699332,65.50077246174034,108.71563831149228
4625.441039129769,-9.708217226211268e-06,-9.389761397450467,64.97490162176632,108.69721523273901
4625.967232582946,-9.398456173399978e-06,-9.389766424241756,64.4490306876824,108.67879484046239
4626.120351956782,-9.308812821954158e-06,-9.389767856460427,64.29600514786961,108.67343510083782
4626.273471330617,-9.219397516332769e-06,-9.389769274972489,64.14297960041647,108.66807557935788
4626.7996647837945,-8.91389869302645e-06,-9.389774045659248,63.61710852360578,108.64965926214245
4627.325858236972,-8.611230431186715e-06,-9.389778656339232,63.09123736041556,108.63124541162182
4627.478977610806,-8.523702166543042e-06,-9.3897799681801,62.93821175537604,108.62588753460496
4627.632096984642,-8.436424453820079e-06,-9.389781266639739,62.7851861433428,108.6205298573395
4628.158290437819,-8.138440036090626e-06,-9.38978562729723,62.25931484950799,108.60211973820886
4628.6844838909965,-7.843536708703694e-06,-9.38978983196789,61.73344347683346,108.5837118712084
4628.837603264832,-7.758313056209071e-06,-9.3897910264363,61.58041781224036,108.57835569536292
4628.990722638668,-7.673359447893285e-06,-9.389792207877543,61.42739214128342,108.57299970133731
4629.516916091845,-7.383504898432878e-06,-9.389796169145063,60.90152064973242,108.55459523068691
4630.043109545022,-7.0969389968263e-06,-9.389799978758244,60.375649086675764,108.53619280327887
4630.196228918858,-7.014177820413062e-06,-9.389801059096586,60.22262336804833,108.53083817141469
4630.349348292693,-6.9317021956712606e-06,-9.389802126785646,60.06959764366891,108.5254837039364
4630.875541745871,-6.650475277096093e-06,-9.389805700060883,59.54372597316786,108.50708434714005
4631.401735199048,-6.372696535662875e-06,-9.389809126263554,59.01785423827697,108.48868683075727
4631.554854572883,-6.2925196956823675e-06,-9.38981009590423,58.864828470970906,108.48333359022129
4631.707973946719,-6.2126398596621785e-06,-9.389811053291833,58.71180269850582,108.47798049716324
4632.234167399896,-5.940414425472691e-06,-9.389814250564628,58.18593086724925,108.45958573549093
4632.7603608530735,-5.671746861732059e-06,-9.389817305530237,57.66005897849088,108.44119261775667
4632.913480226909,-5.5942389393444346e-06,-9.389818168046377,57.50703316769121,108.4358406206572
4633.066599600745,-5.517034895251647e-06,-9.389819018718201,57.35400735230593,108.43048875467503
4633.592793053922,-5.254049670088012e-06,-9.389821852397066,56.82813537789468,108.41209808598109
4634.118986507099,-4.994672992276163e-06,-9.389824548644214,56.30226335263582,108.39370887130369
4634.272105880934,-4.919874646417895e-06,-9.389825307694887,56.149237503352055,108.38835797466572
4634.425225254769,-4.845381720665244e-06,-9.38982605531578,55.99621165003612,108.3830071933441
4634.951418707947,-4.591716155065035e-06,-9.38982853802774,55.47033954946423,108.36462013250348
4635.477612161124,-4.3416447870144606e-06,-9.389830888208154,54.944467404462436,108.34623434240443
4635.6307315349595,-4.269547992961563e-06,-9.389831547474676,54.791441521526515,108.34088440824377
4635.783850908795,-4.197752801087328e-06,-9.38983219572434,54.63841563509185,108.33553457416103
4636.310044361972,-3.953320908232168e-06,-9.389834340090793,54.112543424743244,108.317150653215
4636.83623781515,-3.71240926525824e-06,-9.389836356764945,53.58667117614756,108.2987678263567
4636.989357188985,-3.642960906638156e-06,-9.389836919886399,53.4336452642148,108.29341872166572
4637.142476562821,-3.573805575749695e-06,-9.389837472395456,53.28061934929711,108.28806970236992
4637.668670015998,-3.3383729005028314e-06,-9.389839290818264,52.75474704495271,108.26968847037044
4638.194863469175,-3.106331965298985e-06,-9.389840986250288,52.22887470831454,108.25130816229034
4638.347982843011,-3.039437794439199e-06,-9.389841456765481,52.07584877186765,108.24595975894069
4638.501102216846,-2.972823509315533e-06,-9.389841917057977,51.92282283293049,108.24061142684336
4639.027295670024,-2.746015635325931e-06,-9.389843421525082,51.39695044978485,108.22223244942188
4639.553489123201,-2.5224177803168796e-06,-9.389844807491906,50.871078040078075,108.20385423200001
4639.706608497036,-2.4579435078469107e-06,-9.389845188784207,50.71805208343345,108.19850640656898
4639.859727870871,-2.3937316767543876e-06,-9.389845560222671,50.56502612477507,108.193158638763
4640.3859213240485,-2.175040188530163e-06,-9.38984676212084,50.039153677461876,108.17478149744049
4640.912114777226,-1.959330715222914e-06,-9.389847849729529,49.51328120911166,108.15640495811216
4641.065234151061,-1.8971068940750391e-06,-9.389848144974998,49.36025523642855,108.15105759163555
4641.218353524897,-1.8351247272778345e-06,-9.389848430709378,49.20722926219116,108.14571026964035
4641.744546978074,-1.6239323349344588e-06,-9.38984934065665,48.6813567648171,108.12733456089339
4642.270740431251,-1.4154611542016025e-06,-9.389850140191802,48.155484251736716,108.10895930163123
4642.423859805087,-1.3552931284780754e-06,-9.389850352318096,48.00245826702839,108.10361227929246
4642.576979178923,-1.2953436220690092e-06,-9.38985055524613,47.849432281209566,108.09826528873691
4643.1031726321,-1.0909566353161224e-06,-9.389851182967085,47.3235597473951,108.07989062286426
4643.629366085277,-8.890060886941969e-07,-9.389851703781957,46.79768720302869,108.06151625898322
4643.782485459113,-8.306808757057706e-07,-9.389851835439263,46.64466121017519,108.05616946975533
4643.935604832948,-7.725492840036605e-07,-9.389851958178449,46.49163521664086,108.05082270001527
4644.4617982861255,-5.742169602215408e-07,-9.389852312414652,45.96576265956574,108.03244869986099
4644.987991739303,-3.7801899749154996e-07,-9.389852562851221,45.439890096935464,108.01407485869703
4645.141111113138,-3.21310313157525e-07,-9.389852616390643,45.28686409969765,108.00872819495042
4645.294230486974,-2.647693117351902e-07,-9.389852661257441,45.13383810219615,108.0033815387533
4645.820423940151,-7.170412225839989e-08,-9.389852749702408,44.60796553464868,107.98500783832492
4646.346617393328,1.1953443693948946e-07,-9.389852737038309,44.08209296640498,107.96663415782197
4646.499736767163,1.7485768484255726e-07,-9.389852714499055,43.92906696843927,107.96128751490836
4646.652856140999,2.300390963242826e-07,-9.389852683497377,43.77604097061619,107.95594086791527
4647.179049594176,4.1862850958804085e-07,-9.389852512768183,43.25016840504457,107.93756711093624
4647.705243047353,6.056928297693248e-07,-9.389852243205715,42.72429584351783,107.91919323818846
4647.858362421189,6.598575125294005e-07,-9.389852146315178,42.571269848391275,107.9138465140161
4648.011481795024,7.139054381823412e-07,-9.389852041137775,42.41824385380452,107.90849977439699
4648.537675248202,8.987895508453767e-07,-9.389851616788873,41.892371302368446,107.89012561285077
4649.063868701379,1.0824390855553307e-06,-9.389851095479964,41.36649875962025,107.87175120265668
4649.216988075214,1.1356639592395496e-06,-9.389850925662552,41.21347277082535,107.86640429727225
4649.37010744905,1.188796076328264e-06,-9.389850747700457,41.060446782959914,107.8610573652894
4649.896300902227,1.3707143705162593e-06,-9.389850074259579,40.534574257580914,107.84268245799946
4650.4224943554045,1.5516733868861999e-06,-9.389849305346859,40.00870174545358,107.82430717146241
4650.57561372924,1.6041659854295435e-06,-9.389849063736863,39.85567576642255,107.81895998664801
4650.728733103076,1.6565882056400556e-06,-9.389848814092769,39.70264978870472,107.81361276425486
4651.254926556253,1.8362345168377153e-06,-9.389847895111508,39.17677730111432,107.79523677552282
4651.78112000943,2.015172960493914e-06,-9.389846881787765,38.65090483127816,107.7768602787177
4651.934239383266,2.067123269010118e-06,-9.389846569248675,38.497878865396444,107.77151271760907
4652.087358757101,2.1190232768308336e-06,-9.389846248757193,38.34485290120717,107.76616510807156
4652.613552210279,2.297024289905435e-06,-9.389845086888275,37.818980462992144,107.74778770640087
4653.139745663456,2.4745403783636214e-06,-9.389843831483962,37.29310804698909,107.72940966914145
4653.2928650372905,2.526117103106725e-06,-9.389843448635544,37.14008209760776,107.72406163587797
4653.445984411126,2.5776612373723483e-06,-9.389843057890785,36.987056150294976,107.71871354342866
4653.972177864303,2.7545707660889176e-06,-9.389841654985327,36.461183772938284,107.70033440036923
4654.498371317481,2.931191232831526e-06,-9.38984015906728,35.9353114222211,107.68195449510412
4654.651490691316,2.9825426591145062e-06,-9.389839706314117,35.78228549266793,107.67660589451758
4654.804610065152,3.033876940699657e-06,-9.389839245698136,35.62925956555741,107.67125722404872
4655.330803518329,3.210179567434796e-06,-9.389837602902007,35.103387260474555,107.65287601317462
4655.856996971506,3.3863612225792867e-06,-9.38983586736841,34.577514986441344,107.63449391401541
4656.010116345342,3.4376148564373363e-06,-9.389835344927445,34.42448908003053,107.62914465135638
4656.1632357191775,3.4888642507207673e-06,-9.389834814637878,34.27146317643547,107.62379530815052
4656.689429172355,3.664969240721188e-06,-9.38983293248838,33.745590955006236,107.60541170416711
4657.215622625532,3.841089547894565e-06,-9.38983095766955,33.219718769030465,107.5870270860474
4657.368741999368,3.8923491536266315e-06,-9.389830365600421,33.066692889071014,107.58167706675059
4657.521861373203,3.943614758128308e-06,-9.389829765681212,32.91366701230025,107.5763269562507
4658.04805482638,4.119849395592527e-06,-9.389827644215538,32.38779488589568,107.55794063424085
4658.574248279558,4.2962059568452885e-06,-9.389825429984267,31.86192279935111,107.53955317221981
4658.727367653393,4.347552843872657e-06,-9.389824768221317,31.708896949153658,107.53420230171243
4658.880487027229,4.398913685836563e-06,-9.389824098594497,31.555871102518406,107.52885132933501
4659.406680480406,4.575533026869044e-06,-9.389821737455899,31.02999908252255,107.51046196415368
4659.932873933583,4.752356436898864e-06,-9.38981928332766,30.504127106803082,107.49207133286525
4660.085993307418,4.8038533248609924e-06,-9.38981855170774,30.35110128968539,107.48671951641636
4660.239112681254,4.855370145769706e-06,-9.389817812200706,30.19807547650448,107.48136758740505
4660.765306134431,5.032567896035635e-06,-9.38981521072808,29.672203574331533,107.46297485320702
4661.291499587608,5.210027956691348e-06,-9.38981251594614,29.146331720866748,107.44458072643323
4661.444618961444,5.261719651193247e-06,-9.389811714232884,28.99330594015792,107.43922786903799
4661.597738335279,5.313435154981768e-06,-9.389810904602566,28.84028016376195,107.43387488835157
4662.1239317884565,5.4913418053265085e-06,-9.389808061914112,28.314408390869357,107.41547845823465
4662.650125241634,5.669544706837396e-06,-9.38980512553439,27.7885366711361,107.39708050859332
4662.803244615469,5.721457711403343e-06,-9.38980425344322,27.635510930179652,107.39172651489051
4662.956363989305,5.773396556556469e-06,-9.389803373401078,27.48248519391389,107.38637238712403
4663.482557442482,5.952083542395486e-06,-9.389800288479318,26.956613561811427,107.36797193288774
4664.008750895659,6.131082238198691e-06,-9.38979710945162,26.430741987341328,107.34956983163477
4664.161870269495,6.183228889994601e-06,-9.389796166672179,26.277716289497118,107.3442146058571
4664.314989643331,6.235402123200283e-06,-9.389795215906032,26.124690596723322,107.33885923519584
4664.841183096508,6.414898577363233e-06,-9.389791887667114,25.59881911697845,107.32045442720681
4665.367376549685,6.594709290673155e-06,-9.389788464895647,25.072947699362125,107.30204784413588
4665.520495923521,6.647092029976813e-06,-9.389787451107795,24.91992204800735,107.29669129008663
4665.673615297356,6.699501030371726e-06,-9.389786429297212,24.766896402104713,107.29133458028504
4666.1998087505335,6.879803358617294e-06,-9.38978285663999,24.241025086345175,107.27292508742192
4666.726002203711,7.060409167779381e-06,-9.38977918902901,23.715153837233956,107.25451369083414
4666.879121577545,7.1130204887853005e-06,-9.389778103915914,23.562128235763513,107.24915571188265
4667.032240951381,7.16565662128378e-06,-9.38977701074528,23.409102640128914,107.24379756626179
4667.558434404558,7.3467266734888684e-06,-9.38977319259707,22.88323150004319,107.22538305592234
4668.0846278577355,7.528077804564172e-06,-9.389769279097024,22.357360431148702,107.20696651265756
4668.237747231571,7.580901322976122e-06,-9.389768122358493,22.204334882974905,107.2016070117531
4668.390866605407,7.633747479242347e-06,-9.38976695753014,22.05130934102258,107.19624733321658
4668.917060058584,7.815521882029363e-06,-9.389762892889058,21.52543838835813,107.17782747138654
4669.443253511761,7.997549656804128e-06,-9.389758732532805,20.99956751144983,107.15940544691296
4669.596372885597,8.050564727728848e-06,-9.389757503894332,20.84654202000159,107.15404432661397
4669.749492259432,8.103600007562083e-06,-9.389756267136915,20.69351653516225,107.14868301767855
4670.27568571261,8.286005606381443e-06,-9.389751955095129,20.167645781722197,107.13025746904611
4670.801879165787,8.468634591843818e-06,-9.38974754701393,19.64177510862372,107.11182962758492
4670.9549985396225,8.521818796105723e-06,-9.389746246230233,19.488749677345414,107.1064667900969
4671.108117913458,8.575020499236968e-06,-9.389744937301927,19.335724253065095,107.10110375293081
4671.634311366635,8.757976645723918e-06,-9.38974037705541,18.809853710704232,107.08267218102121
4672.160504819813,8.94112184605081e-06,-9.389735720488819,18.283983253289193,107.06423818568646
4672.313624193648,8.994449585075342e-06,-9.389734347347124,18.130957885639408,107.05887353290358
4672.466743567484,9.047791791393674e-06,-9.38973296603909,17.97793252537821,107.05350866936871
4672.992937020661,9.231207239618143e-06,-9.389728156900985,17.452062205998438,107.03507073669375
4673.519130473838,9.414775516511533e-06,-9.389723251210654,16.926191976185603,107.016630249649
4673.672249847673,9.468219608609136e-06,-9.389721805534462,16.773166675635693,107.01126368320084
4673.8253692215085,9.521675191610508e-06,-9.389720351674326,16.620141382866326,107.00589689490026
4674.351562674686,9.705457979650014e-06,-9.389715293083768,16.094271298411485,106.98745226312505
4674.877756127863,9.889360233706403e-06,-9.389710137756472,15.568401308159551,106.96900494575307
4675.030875501699,9.942895460719024e-06,-9.389708619405168,15.415376078192105,106.96363636705458
4675.183994875534,9.996439497372522e-06,-9.389707092856154,15.262350856398319,106.95826755538187
4675.710188328711,1.0180506187593673e-05,-9.389701784371676,14.736481018849037,106.93981588549279
4676.236381781889,1.036466132475472e-05,-9.38969637900923,14.21061128015156,106.92136139855945
4676.389501155724,1.0418264326034807e-05,-9.389694787874902,14.057586124258966,106.91599070885715
4676.54262052956,1.0471873494175847e-05,-9.389693188532684,13.904560976934178,106.91061977504268
4677.068813982737,1.0656143722564112e-05,-9.389687629823028,13.378691398303072,106.89216072750251
4677.595007435914,1.0840471163399379e-05,-9.389681974136524,12.852821923183855,106.87369873130766
4677.74812680975,1.0894118473171743e-05,-9.389680310143065,12.699796844866976,106.86832583172328
4677.9012461835855,1.0947769386968287e-05,-9.38967863793511,12.54677177551292,106.8629526768774
4678.427439636763,1.11321638058644e-05,-9.389672828778235,12.0209024678401,106.84448591177387
4678.95363308994,1.131658710041592e-05,-9.389666922586617,11.495033268348685,106.82601606629947
4679.106752463776,1.1370257264649394e-05,-9.389665185688825,11.342008271115551,106.82064085787293
4679.259871837611,1.142392887578907e-05,-9.389663440573164,11.188983283240983,106.81526538302882
4679.786065290788,1.1608378905961558e-05,-9.389657380848666,10.663114258589623,106.79679056021936
4680.312258743966,1.1792835304385891e-05,-9.389651224066084,10.13724534679707,106.77831252526882
4680.4653781178,1.1846511161026787e-05,-9.389649414245026,9.984220434161696,106.7729349089972
4680.618497491636,1.1900186724370906e-05,-9.389647596205341,9.831195531281244,106.76755701514926
4681.144690944813,1.20846374212878e-05,-9.389641285876039,9.305326801733841,106.74907379438704
4681.67088439799,1.22690747273808e-05,-9.389634878493501,8.779458189729308,106.73058722970164
4681.824003771826,1.2322741363508982e-05,-9.38963299575165,8.626433365210756,106.7252071065715
4681.977123145662,1.2376406069278683e-05,-9.389631104792693,8.473408550844013,106.71982669470678
4682.503316598839,1.2560807043754387e-05,-9.389624543892166,7.947540128499429,106.70133473574374
4683.029510052016,1.2745176266792067e-05,-9.389617885969399,7.421671828387405,106.68283930110016
4683.182629425852,1.2798819804936406e-05,-9.38961593032894,7.268647095509027,106.67745657211498
4683.335748799687,1.2852460033348434e-05,-9.38961396647498,7.11562237317977,106.67207354324056
4683.8619422528645,1.3036766996838766e-05,-9.389607155102121,6.589754270150629,106.65357250592014
4684.388135706042,1.322102880162847e-05,-9.389600246760015,6.0638862940484515,106.6350678612198
4684.541255079877,1.3274638924240067e-05,-9.389598218259886,5.910861656337159,106.62968242742534
4684.694374453713,1.3328244872707144e-05,-9.3895961815514,5.757837029572674,106.62429668259301
4685.22056790689,1.351242839122525e-05,-9.389589119855815,5.231969257983204,106.60578622693022
4685.7467613600675,1.3696559123441218e-05,-9.389581961257948,4.706101618019198,106.5872720322708
4685.899880733903,1.375012988104019e-05,-9.389579859947935,4.553077079005016,106.58188379477397
4686.053000107739,1.380369591694507e-05,-9.38957775043562,4.400052551335658,106.57649523509826
4686.579193560916,1.3987738261997527e-05,-9.389570438597685,3.8741851233203937,106.55797502133464
4687.105387014093,1.4171721798921755e-05,-9.389563029933338,3.3483178316329187,106.53945093705512
4687.258506387928,1.4225248629407806e-05,-9.389560855870073,3.1952933948487505,106.53405979703541
4687.411625761763,1.4278770281456425e-05,-9.38955867361125,3.0422689698077447,106.52866832370458
4687.937819214941,1.446265677163434e-05,-9.389551111833125,2.516401897510972,106.51013801234248
4688.464012668118,1.464648043424331e-05,-9.389543453311653,1.9905349662479987,106.49160369905364
4688.6171320419535,1.4699960201245954e-05,-9.389541206557258,1.8375106352295218,106.48620955777157
4688.770251415789,1.4753434650716351e-05,-9.389538951614487,1.6844863163528554,106.48081507205569
4689.296444868966,1.4937158640150695e-05,-9.389531140113887,1.1586196119283234,106.4622743238844
4689.822638322144,1.5120821057403945e-05,-9.389523231955117,0.632753053247289,106.44372944249085
4689.975757695979,1.51742544587536e-05,-9.389520912573557,0.479728831532952,106.43833220129335
4690.128877069815,1.5227682857402012e-05,-9.389518585010673,0.32670462235939535,106.43293460454912
4690.655070522992,1.5411251607659206e-05,-9.38951052400483,-0.19916170202944372,106.41438308065612
4691.181263976169,1.5594763754264585e-05,-9.3895023664212,-0.7250278759610804,106.39582729235863
4691.334383350005,1.564815441714511e-05,-9.389499974473113,-0.878051984829836,106.39042685267799
4691.48750272384,1.5701540494550345e-05,-9.38949757435021,-1.031076080758479,106.38502604634685
4692.013696177018,1.5884966903572493e-05,-9.389489264041242,-1.5569420129374183,106.36646340810591
4692.539889630195,1.6068341489842927e-05,-9.389480857228126,-2.0828077899409014,106.34789637438304
4692.6930090040305,1.6121693018747007e-05,-9.389478392769115,-2.235831782419239,106.34249263773053
4692.846128377866,1.6175040402344603e-05,-9.389475920141233,-2.3888557615577217,106.33708852333228
4693.372321831043,1.635833733103293e-05,-9.38946736071406,-2.914721289340362,106.31851443238065
4693.898515284221,1.6541588825563618e-05,-9.389458704849186,-3.440586657224174,106.29993581496531
4694.051634658055,1.6594905919722773e-05,-9.389456167929497,-3.5936105297634366,106.29452868292448
4694.204754031891,1.6648219565095543e-05,-9.389453622846133,-3.7466343885626427,106.28912116205036
4694.730947485068,1.6831406534663723e-05,-9.389444814464554,-4.27249949974888,106.27053528026387
4695.257140938245,1.7014558159865773e-05,-9.389435909700481,-4.798364446307126,106.2519447411154
4695.410260312081,1.706784824232778e-05,-9.389433300362116,-4.951388195354333,106.24653411533316
4695.5633796859165,1.7121135786099454e-05,-9.38943068286414,-5.104411930260755,106.24112308963637
4696.089573139094,1.7304240032040812e-05,-9.389421625659349,-5.630276612634871,106.22252507909313
4696.615766592271,1.7487319031895815e-05,-9.389412472112936,-6.156141125645158,106.20392228035513
4696.768885966107,1.7540589744943243e-05,-9.389409790387203,-6.309164747642355,106.19850806252839
4696.922005339942,1.7593858657474935e-05,-9.389407100504785,-6.462188355097437,106.19309343371062
4697.448198793119,1.7776904108081685e-05,-9.389397794572119,-6.988052596425748,106.17448295664282
4697.974392246297,1.795993198979872e-05,-9.38938839232675,-7.513916663646833,106.15586756059487
4698.127511620132,1.801318918973726e-05,-9.389385638235856,-7.666940155030424,106.15044965245686
4698.280630993968,1.8066445218176087e-05,-9.389382875990293,-7.819963631469891,106.14503132225464
4698.806824447145,1.8249451195119984e-05,-9.389373321396404,-8.345827419498567,106.1264080410046
4699.333017900322,1.843244747155498e-05,-9.389363670508509,-8.871691028668286,106.10777971002163
4699.486137274157,1.8485697032987864e-05,-9.389360844066937,-9.02471438586844,106.10235801333073
4699.639256647993,1.853894614293041e-05,-9.389358009471815,-9.177737727721727,106.09693588350457
4700.16545010117,1.872193411784775e-05,-9.389348206256143,-9.703601050174834,106.07829946048786
4700.691643554347,1.8904920944851948e-05,-9.389338306753691,-10.229464189008153,106.05965785700353
4700.844762928183,1.8958169289519046e-05,-9.389335407967376,-10.382487408448242,106.05423227353225
4700.997882302018,1.9011417788772834e-05,-9.38933250102767,-10.535510612137914,106.04880624585569
4701.524075755196,1.919440776491603e-05,-9.389322449200204,-11.06137345671539,106.03015634352208
4702.050269208373,1.9377401571731557e-05,-9.389312301083594,-11.58723611290237,106.01150112998934
4702.203388582208,1.9430652624766883e-05,-9.389309329951118,-11.740259190998376,106.00607156151325
4702.356507956044,1.9483904081182845e-05,-9.38930635066484,-11.893282252939553,106.00064153776157
4702.882701409221,1.9666905553602804e-05,-9.389296050215227,-12.41914460731531,105.98197781855994
4703.4088948623985,1.9849912501944766e-05,-9.389285653469987,-12.945006768519407,105.96330865742141
4703.562014236234,1.9903167608975384e-05,-9.389282609986617,-13.098029701679467,105.95787500571173
4703.71513361007,1.9956423242953695e-05,-9.38927955834882,-13.251052618279392,105.95244088765547
4704.241327063247,2.0139440086115036e-05,-9.389269009258756,-13.776914470100015,105.93376301401527
4704.767520516424,2.032246430449521e-05,-9.38925836386448,-14.30277612395697,105.91507956769064
4704.92063989026,2.0375724855286058e-05,-9.389255248023865,-14.455798908581105,105.90964173451137
4705.073759264095,2.0428986118046932e-05,-9.38925212402798,-14.608821676238856,105.9042034239136
4705.599952717273,2.0612023755228967e-05,-9.389241326273016,-15.134683013122647,105.88551105823656
4706.12614617045,2.079507020586769e-05,-9.38923043220252,-15.66054414723955,105.86681298911435
4706.2792655442845,2.0848337344266336e-05,-9.389227243996272,-15.813566779719359,105.86137087621974
4706.43238491812,2.0901605163881902e-05,-9.389224047633768,-15.966589394825572,105.85592827483346
4706.958578371297,2.108466452438492e-05,-9.389213001183945,-16.49245020436158,105.8372210794846
4707.484771824475,2.1267730510801916e-05,-9.389201858407734,-17.018310806315938,105.81850804991468
4707.63789119831,2.132100274769345e-05,-9.389198597827628,-17.171333283034365,105.8130615590476
4707.791010572146,2.1374275396544408e-05,-9.389195329090514,-17.324355741971004,105.80761456861447
4708.317204025323,2.1557349037840772e-05,-9.389184033920811,-17.85021601171835,105.78889220592129
4708.8433974785,2.1740426067097177e-05,-9.389172642418057,-18.376076069057596,105.7701638782194
4708.996516852336,2.1793700974588145e-05,-9.389169309458902,-18.529098386388824,105.76471291111372
4709.149636226171,2.1846976102180563e-05,-9.389165968342333,-18.68212068552907,105.75926143336689
4709.675829679349,2.2030057220556737e-05,-9.3891544244386,-19.207980403016695,105.74052356563139
4710.202023132526,2.221314070458184e-05,-9.389142784198151,-19.733839903258062,105.7217796020933
4710.3551425063615,2.226641740927353e-05,-9.389139378857099,-19.886862057567463,105.71632406047804
4710.508261880197,2.231969428746854e-05,-9.389135965358358,-20.039884193275697,105.71086799714615
4711.034455333374,2.250278104676052e-05,-9.389124172711874,-20.56574334600215,105.69211428665668
4711.560648786552,2.2685868952374408e-05,-9.389112283726027,-21.09160227663228,105.6733543495669
4711.713768160387,2.2739146594784008e-05,-9.389108806001037,-21.244624264276283,105.66789413516801
4711.866887534223,2.2792424209271678e-05,-9.389105320118244,-21.397646232907924,105.66243338797679
4712.3930809874,2.297551160679416e-05,-9.389093278724067,-21.923504808340883,105.64366349701307
4712.919274440577,2.315859705034994e-05,-9.389081140991005,-22.4493631568154,105.62488724864994
4713.072393814412,2.3211873362193118e-05,-9.38907759088228,-22.602384974141394,105.61942226319232
4713.2255131882475,2.3265149410087165e-05,-9.389074032615964,-22.755406772042804,105.61395673386669
4713.751706641425,2.344822976020526e-05,-9.389061742478663,-23.281264757618747,105.59517032470882
4714.277900094602,2.3631306503936592e-05,-9.38904935600662,-23.807122511361996,105.57637742735626
4714.431019468438,2.3684580147572776e-05,-9.389045733517136,-23.960144154708253,105.57090757256742
4714.584138842273,2.3737853524134806e-05,-9.389042102870453,-24.113165778216665,105.5654371628354
4715.1103322954505,2.3920925219900455e-05,-9.389029564001671,-24.639023161340667,105.54663389777662
4715.636525748628,2.4103994495938596e-05,-9.38901692880239,-25.164880307745445,105.52782401373449
4715.789645122463,2.4157266259348932e-05,-9.389013233935367,-25.317901773441022,105.52234919134678
4715.942764496299,2.4210537852658966e-05,-9.389009530911428,-25.470923218884444,105.51687380294123
4716.468957949476,2.4393603994885074e-05,-9.388996743320721,-25.996779986929646,105.49805334429116
4716.995151402653,2.457666801283904e-05,-9.388983859402357,-26.522636513356506,105.47922613587413
4717.148270776489,2.462993818996762e-05,-9.388980092159972,-26.675657797721016,105.47374624762386
4717.301390150325,2.4683208156722152e-05,-9.388976316760925,-26.828679061417976,105.4682657822815
4717.827583603502,2.4866268176254704e-05,-9.388963280455783,-27.354535201724804,105.44942779236182
4718.353777056679,2.504932551487286e-05,-9.388950147826355,-27.880391095501306,105.43058292189617
4718.506896430515,2.5102593694351105e-05,-9.388946308211107,-28.033412194844704,105.4250978695231
4718.66001580435,2.515586169683727e-05,-9.388942460439482,-28.18643327310407,105.41961222898402
4719.1862092575275,2.5338915587769572e-05,-9.38892917542884,-28.712288772979548,105.40075637012892
4719.712402710705,2.5521968745758696e-05,-9.388915794096626,-29.23814402139964,105.38189349995389
4719.865522084539,2.557523625961605e-05,-9.388911882110609,-29.39116493202206,105.37640318520143
4720.018641458375,2.5628503879073614e-05,-9.388907961968286,-29.54418582114285,105.37091227120945
4720.544834911552,2.5811558967629223e-05,-9.388894428256272,-30.07004066785996,105.3520382057644
4721.0710283647295,2.5994617044004903e-05,-9.388880798221072,-30.59589525818315,105.33315699822697
4721.224147738565,2.60478866553425e-05,-9.388876813863286,-30.74891597637462,105.32766132283993
4721.377267112401,2.6101156617304262e-05,-9.38887282134886,-30.90193667264569,105.32216503713974
4721.903460565578,2.62842213136889e-05,-9.388859038927624,-31.42779085344226,105.30327242744919
4722.429654018755,2.6467290876898125e-05,-9.388845160177652,-31.95364477289242,105.2843725448891
4722.582773392591,2.652056408340959e-05,-9.388841103444065,-32.10666529493252,105.2788714106091
4722.735892766426,2.657383776092526e-05,-9.388837038553278,-32.25968579463225,105.27336965494167
4723.262086219604,2.6756916029210976e-05,-9.388823007406826,-32.78553929670975,105.25445816333436
4723.788279672781,2.694000091807724e-05,-9.388808879924035,-33.31139253247403,105.23553926807199
4723.941399046616,2.699327900931325e-05,-9.388804750809017,-33.46441285463159,105.23003257663437
4724.094518420452,2.704655781806516e-05,-9.38880061353602,-33.61743315402757,105.2245252527342
4724.620711873629,2.7229656070339538e-05,-9.388786333642296,-34.143285964550216,105.20559454151486
4725.1469053268065,2.7412765230309374e-05,-9.388771957400593,-34.6691385037781,105.1866562958427
4725.300024700642,2.746605131085824e-05,-9.388767755895604,-34.82215862231087,105.18114394897387
4725.453144074478,2.7519338516267547e-05,-9.388763546231377,-34.97517871765963,105.17563095856607
4725.979337527655,2.770246874633362e-05,-9.388749017555314,-35.50103082375321,105.15668069000283
4726.505530980832,2.7885614022712644e-05,-9.388734392513356,-36.02688265355525,105.13772275616955
4726.658650354667,2.7938911258997225e-05,-9.388730118605196,-36.17990256470959,105.1322046555816
4726.811769728502,2.7992209853586896e-05,-9.388725836536087,-36.33292245225615,105.12668590037626
4727.33796318168,2.8175380592147252e-05,-9.38871105902764,-36.85877384100667,105.10771573668036
4727.864156634857,2.8358568055742106e-05,-9.38869618513154,-37.384624948453116,105.08873777687037
4728.0172760086925,2.8411877800354746e-05,-9.38869183880399,-37.5376446484636,105.08321382425554
4728.170395382528,2.8465189025605823e-05,-9.38868748431357,-37.69066432444112,105.07768920594242
4728.696588835705,2.864840409103763e-05,-9.388672457915,-38.2165149828936,105.05869880925253
4729.222782288883,2.8831637839191958e-05,-9.38865733510494,-38.74236535501332,105.03970048557414
4729.375901662718,2.8884961519591357e-05,-9.388652916340185,-38.895384840102324,105.03417058260194
4729.529021036554,2.89382869248621e-05,-9.3886484894104,-39.04840430073187,105.02864000284792
4730.055214489731,2.9121552962652363e-05,-9.388633214057554,-39.57425421588931,105.00962903522189
4730.581407942908,2.930484114641457e-05,-9.388617842265486,-40.10010383966878,104.99061000969876
4730.734527316744,2.935818131566659e-05,-9.388613351042876,-40.25312310604631,104.98507405801323
4730.8876466905795,2.9411523442479872e-05,-9.388608851652709,-40.40614234753645,104.97953741845917
4731.413840143757,2.9594848380796382e-05,-9.38859332727046,-40.931991506358806,104.960505541862
4731.940033596934,2.9778196599848385e-05,-9.388577706417694,-41.45784036874097,104.94146547641925
4732.09315297077,2.983155424715197e-05,-9.388573142713843,-41.610859412604285,104.93592337763475
4732.246272344605,2.9884913804370166e-05,-9.388568570839777,-41.76387843115082,104.93038057989152
4732.772465797782,3.006829781048165e-05,-9.388552797347005,-42.28972682055384,104.91132745618236
4733.29865925096,3.0251703439941993e-05,-9.388536927353073,-42.815574908437085,104.89226601263726
4733.451778624794,3.0305077412726066e-05,-9.388532291144893,-42.96859372597043,104.88671766833666
4733.60489799863,3.0358453141499163e-05,-9.388527646764011,-43.12161251775613,104.88116861398366
4734.131091451807,3.054189161215765e-05,-9.38851162408355,-43.647460124610596,104.86209390491501
4734.657284904984,3.072535031373514e-05,-9.388495504873635,-44.17330742484825,104.84301074498066
4734.81040427882,3.077873952978755e-05,-9.388490796139777,-44.3263260122227,104.8374560567171
4734.963523652656,3.0832130409602515e-05,-9.3884860792309,-44.479344573417166,104.83190064730432
4735.489717105833,3.1015620334978095e-05,-9.38846980729095,-45.005191384548596,104.81280401452938
4736.01591055901,3.119912877750279e-05,-9.38845343879492,-45.531037883948486,104.7936987998223
4736.169029932846,3.1252532002083816e-05,-9.388448657515317,-45.68405623732186,104.78813766912131
4736.322149306681,3.130593658898744e-05,-9.388443868058594,-45.837074564081405,104.78257580617125
4736.8483427598585,3.1489470736949986e-05,-9.38842734679305,-46.36292056626956,104.76345691125046
4737.374536213036,3.167301773611573e-05,-9.38841072894965,-46.88876625159364,104.74432930329827
4737.527655586871,3.172643089048812e-05,-9.388405875107681,-47.04178436711042,104.73876163166047
4737.680774960707,3.1779844790650095e-05,-9.388401013087138,-47.194802455578,104.73319321667134
4738.206968413884,3.1963405816669825e-05,-9.388384242446772,-47.72064763555673,104.71405172108696
4738.733161867061,3.214697156190079e-05,-9.388367375216546,-48.24649249352117,104.69490138134918
4738.886281240897,3.2200388608203556e-05,-9.388362448802756,-48.39951036731252,104.68932707025766
4739.039400614733,3.2253805713224604e-05,-9.38835751420985,-48.55252821361783,104.68375200471122
4739.56559406791,3.2437372669958045e-05,-9.388340494172448,-49.078372558075564,104.66458756989809
4740.091787521087,3.2620936545084346e-05,-9.388323377544117,-49.604216575351394,104.64541415980135
4740.244906894922,3.2674351595700605e-05,-9.38831837855725,-49.75723420353542,104.63983311073241
4740.398026268757,3.272776601511589e-05,-9.38831337139164,-49.91025180379508,104.63425129610494
4740.924219721935,3.291131828028893e-05,-9.388296101962874,-50.436095299375495,104.61506358348831
4741.450413175112,3.309485786581126e-05,-9.388278735953437,-50.96193846258931,104.59586676446453
4741.603532548947,3.314826383212604e-05,-9.388273664400701,-51.11495584127119,104.59027887889887
4741.756651922783,3.3201668176853835e-05,-9.388268584670715,-51.26797319158898,104.5846902166723
4742.28284537596,3.338517765978411e-05,-9.388251065888397,-51.793815824891844,104.56547888770753
4742.8090388291375,3.356866097775174e-05,-9.388233450551468,-52.31965812062667,104.54625832123676
4742.962158202973,3.362204787917108e-05,-9.38822830645173,-52.47267524589905,104.54066350067275
4743.115277576809,3.367543194527675e-05,-9.388223154177759,-52.62569234236621,104.53506789234856
4743.641471029986,3.385886229473663e-05,-9.38820538612424,-53.15153409994862,104.51583260857298
4744.167664483163,3.404225211570986e-05,-9.388187521561525,-53.67737551474547,104.49658795624157
4744.320783856999,3.4095609162824395e-05,-9.388182304948083,-53.830392382688885,104.49098610221341
4744.473903230834,3.414896221158546e-05,-9.388177080165066,-53.983409221384626,104.48538344933107
4745.000096684012,3.4332277395040446e-05,-9.38815906297274,-54.50925008976275,104.46612387242959
4745.526290137189,3.4515538801379446e-05,-9.388140949335304,-55.03509061012246,104.44685479599778
4745.6794095110245,3.456885599872984e-05,-9.38813566025554,-55.18810721680588,104.44124581009508
4745.83252888486,3.462216803594704e-05,-9.388130363012397,-55.341123793797884,104.43563601425163
4746.358722338037,3.4805333139378317e-05,-9.388112096861093,-55.86696375944877,104.41635180612319
4746.884915791215,3.498842949131266e-05,-9.38809373434759,-56.392803371833736,104.39705796758997
4747.038035165049,3.504169569419856e-05,-9.388088372862976,-56.54581971331505,104.39144175147659
4747.191154538885,3.509495537544218e-05,-9.388083003222905,-56.69883602466002,104.38582471434552
4747.717347992062,3.5277929844993396e-05,-9.38806448834343,-57.22467507402344,104.36651553716854
4748.243541445239,3.5460819096894575e-05,-9.3880458772064,-57.75051376485947,104.34719659884021
4748.396660819075,3.5514021966371483e-05,-9.388040443394615,-57.90352983718613,104.34157305427479
4748.5497801929105,3.556721699216852e-05,-9.38803500143716,-58.056545878930365,104.33594867762682
4749.075973646088,3.5749959494653414e-05,-9.388016238117132,-58.58238399841085,104.31661419393343
4749.602167099265,3.593260279047688e-05,-9.387997378665286,-59.108221754089485,104.29726981849959
4749.755286473101,3.598573167849959e-05,-9.387991872619946,-59.2612375532991,104.29163884735782
4749.908405846936,3.6038851703020654e-05,-9.387986358440317,-59.41425332147913,104.28600703308311
4750.434599300113,3.6221329209173964e-05,-9.38796734701844,-59.9400904974482,104.26664690583382
4750.960792753291,3.640369676670297e-05,-9.387948239607013,-60.46592730432866,104.24727675643814
4751.113912127126,3.645674349214114e-05,-9.387942661434343,-60.61894282644956,104.24163826073243
4751.267031500962,3.650978048433989e-05,-9.387937075140021,-60.7719583170927,104.23599891085975
4751.793224954139,3.669196602243065e-05,-9.387917815994882,-61.297794535890574,104.21661280350476
4752.319418407316,3.6874031673162465e-05,-9.387898461016439,-61.82363038030129,104.19721654380092
4752.472537781151,3.692698874045521e-05,-9.387892810833241,-61.97664562135292,104.19157042569557
4752.625657154987,3.6979935327490677e-05,-9.387887152542152,-62.12966083047766,104.18592344240727
4753.151850608164,3.7161804764478966e-05,-9.38786764608748,-62.655496078414515,104.16651101893697
4753.678044061341,3.7343547514982094e-05,-9.387848043967626,-63.181330946654356,104.14708831313679
4753.831163435177,3.7396409644360756e-05,-9.38784232189974,-63.33434590264769,104.14143447496184
4753.984282809012,3.7449260991307776e-05,-9.387836591738475,-63.487360826264016,104.13577976060724
4754.5104762621895,3.7630801807423676e-05,-9.387816838414178,-64.01319508962108,104.1163406855952
4755.036669715367,3.781221609815339e-05,-9.38779698959757,-64.53902896796016,104.0968911985056
4755.189789089202,3.786498309484293e-05,-9.38779119577476,-64.6920436348978,104.09122954276584
4755.342908463038,3.791773961684472e-05,-9.38778539387307,-64.84505826900738,104.08556699986964
4755.869101916215,3.8098957725376124e-05,-9.38776539412356,-65.37089153403718,104.0661009384946
4756.395295369392,3.828005549552501e-05,-9.387745299049921,-65.89672440871679,104.04662433552751
4756.548414743228,3.833273179193844e-05,-9.387739433598806,-66.04973878259285,104.04095476490318
4756.701534117064,3.8385398312277786e-05,-9.387733560082607,-66.20275312318884,104.03528429616489
4757.227727570241,3.856631293642598e-05,-9.387713314334466,-66.72858537611438,104.01579091420088
4757.753921023418,3.8747117854593496e-05,-9.387692973419089,-67.25441723334558,103.99628686135243
4757.907040397254,3.879971123761235e-05,-9.387687036458058,-67.4074313101453,103.99060927869111
4758.060159771089,3.88522960291657e-05,-9.387681091444497,-67.56044535321189,103.98493078697635
4758.5863532242665,3.903293973130264e-05,-9.387660600089909,-68.08627658022473,103.96540975075716
4759.112546677444,3.9213491892622106e-05,-9.387640013705864,-68.61210740618627,103.94587791456323
4759.2656660512785,3.926601565696376e-05,-9.387634005339324,-68.76512118188522,103.94019222286515
4759.418785425114,3.931853278078345e-05,-9.387627988930696,-68.91813492339688,103.93450561119002
4759.944978878291,3.949896023311853e-05,-9.387607252303496,-69.44396511065443,103.91495658754788
4760.471172331469,3.967932398480761e-05,-9.387586420753305,-69.96979489148937,103.89539663500864
4760.624291705304,3.9731798641529926e-05,-9.387580341062673,-70.12280836205255,103.88970273740203
4760.77741107914,3.978426934119812e-05,-9.387574253337213,-70.27582179797287,103.88400790890684
4761.303604532317,3.996455858896168e-05,-9.387553271680368,-70.80165093159404,103.86443056507109
4761.829797985494,4.014481881592897e-05,-9.387532195164127,-71.32747965340485,103.84484216353324
4761.98291735933,4.0197270168399616e-05,-9.387526044199063,-71.4804928147849,103.83913996323658
4762.136036733165,4.024972074154132e-05,-9.387519885202448,-71.6335059410651,103.83343682114716
4762.662230186343,4.042996577866266e-05,-9.387498658641546,-72.1593340071244,103.81383082460192
4763.18842363952,4.0610222676585266e-05,-9.387477337233756,-72.68516165596665,103.794213641603
4763.3415430133555,4.066268115692777e-05,-9.387471115005875,-72.83817450410207,103.78850304187768
4763.494662387191,4.0715142673438485e-05,-9.387464884744995,-72.9911873166789,103.78279148945691
4764.020855840368,4.0895455596020715e-05,-9.387443413266443,-73.5170143011995,103.76315650776715
4764.547049293546,4.107583016025323e-05,-9.387421846892185,-74.04284086307418,103.74351021084969
4764.700168667381,4.112833277119744e-05,-9.387415553367495,-74.19585339388703,103.73779111494366
4764.853288041217,4.1180843025523124e-05,-9.387409251802637,-74.34886588868054,103.73207105543374
4765.379481494394,4.1361359834695466e-05,-9.38738753522452,-74.8746917776257,103.7124067560376
4765.905674947571,4.15419965176675e-05,-9.387365723628093,-75.40051723847039,103.69273101252551
4766.058794321406,4.159458668785959e-05,-9.387359358717688,-75.55352944786351,103.68700332360486
4766.2119136952415,4.164718963864014e-05,-9.38735298575328,-75.70654162077416,103.68127466015775
4766.738107148419,4.1828064723754846e-05,-9.387331023695111,-76.23236640003739,103.6615807101166
4767.264300601596,4.200912226152715e-05,-9.387308966413647,-76.75819074571552,103.64187518685036
4767.417419975432,4.206184684741273e-05,-9.387302529967034,-76.91120262956937,103.63613880791978
4767.570539349267,4.2114589672244935e-05,-9.387296085445382,-77.06421447647487,103.63040144351667
4768.096732802444,4.229598756686014e-05,-9.387273877309754,-77.59003813186854,103.61067750923172
4768.622926255622,4.2477634706447014e-05,-9.387251573658158,-78.11586134815776,103.59094187227625
4768.776045629457,4.2530543694593634e-05,-9.387245065459187,-78.26887290232689,103.58519670609272
4768.929165003293,4.2583476799614583e-05,-9.387238549156459,-78.42188441907871,103.57945054345699
4769.45535845647,4.2765574265040226e-05,-9.387216094114601,-78.94770693632171,103.55969629036545
4769.981551909647,4.2947993051485844e-05,-9.387193543169701,-79.47352900890131,103.53993020469827
4770.134671283483,4.3001140370520075e-05,-9.387186962931604,-79.62654022921076,103.53417615367863
4770.2877906573185,4.3054318032659633e-05,-9.387180374552772,-79.77955141163031,103.52842109518261
4770.813984110496,4.323730374789619e-05,-9.387157671526868,-80.3053727763351,103.50863618743166
4771.340177563673,4.342068434210112e-05,-9.387134872111181,-80.83119369077257,103.48883931660782
4771.493296937509,4.347412525688622e-05,-9.387128219472485,-80.98420457301381,103.48307628272977
4771.646416311344,4.352760260013071e-05,-9.387121558647655,-81.13721541688852,103.47731223029525
4772.172609764521,4.37116641272138e-05,-9.387098606302528,-81.66303561454706,103.45749633039614
4772.698803217699,4.3896190323783705e-05,-9.38707555698317,-82.18885535628382,103.43766833620003
4772.851922591533,4.394997744668602e-05,-9.387068831508845,-82.34186589621066,103.43189622090074
4773.005041965369,4.4003806693604743e-05,-9.387062097794978,-82.4948763972898,103.42612307589792
4773.531235418546,4.418912039499214e-05,-9.387038894547773,-83.02069541325949,103.40627584438163
4774.0574288717235,4.437496356534455e-05,-9.387015593650403,-83.5465139675973,103.38641638648889
4774.210548245559,4.442914579157324e-05,-9.387008794836417,-83.69952416092181,103.38063509056832
4774.363667619395,4.44833753517157e-05,-9.387001987722051,-83.85253431491259,103.37485275371954
4774.889861072572,4.4670103812769725e-05,-9.38697853175926,-84.37835213440295,103.35497384881185
4775.416054525749,4.485741918491589e-05,-9.38695497738675,-84.90416948649057,103.33508258447357
4775.569173899585,4.491204001911973e-05,-9.3869481046659,-85.05717932887947,103.32929200800433
4775.72229327342,4.4966712488968685e-05,-9.38694122357729,-85.21018913144324,103.32350037929514
4776.248486726598,4.5154994025153464e-05,-9.386917512878911,-85.73600573950333,103.30358945661825
4776.774680179775,4.534390488181568e-05,-9.38689370294244,-86.26182187432465,103.28366604037743
4776.92779955361,4.539899689864954e-05,-9.386886755695096,-86.41483136139585,103.27786608262548
4777.080918927446,4.545414325894531e-05,-9.386879800007794,-86.56784080814488,103.27206506122695
4777.607112380623,4.564407129769954e-05,-9.38685583239427,-87.09365618965245,103.25212177354793
4778.1333058338005,4.583464970376516e-05,-9.386831764670736,-87.61947109201655,103.23216585701505
4778.286425207636,4.58902296422685e-05,-9.386824742243423,-87.77248021933653,103.22635641638051
4778.439544581472,4.594586468454259e-05,-9.386817711301566,-87.92548930583139,103.22054590059287
4778.965738034649,4.6137474879204586e-05,-9.386793484504722,-88.451303445485,103.20056989765318
4779.491931487826,4.6329731918956076e-05,-9.386769156713656,-88.97711710001983,103.18058112937487
4779.645050861661,4.6385798191289774e-05,-9.38676205844231,-89.1301258631021,103.17476210336139
4779.798170235496,4.644191804727974e-05,-9.386754951582304,-89.28313458485023,103.16894199058709
4780.324363688674,4.663517908310471e-05,-9.386730463329606,-89.80894746716537,103.14893291903824
4780.850557141851,4.682905294480246e-05,-9.386705873222972,-90.33475985831548,103.12891094447856
4781.0036765156865,4.688558135137424e-05,-9.386698698460338,-90.48776825262019,103.12308222969695
4781.156795889522,4.694215883400438e-05,-9.386691515038915,-90.64077660507583,103.1172524164485
4781.682989342699,4.7136953085668666e-05,-9.386666763156166,-91.16658821438577,103.09720991991283
4782.209182795877,4.733228626225235e-05,-9.386641908632159,-91.69239932641536,103.07715438157099
4782.362302169712,4.738922302816204e-05,-9.386634656783224,-91.84540734735066,103.071315873785
4782.515421543548,4.744620071472785e-05,-9.386627396213933,-91.99841532591631,103.06547625573627
4783.041614996725,4.7642302280537124e-05,-9.386602378758473,-92.52422564637904,103.04539997502764
4783.567808449902,4.78388236816409e-05,-9.386577258005186,-93.05003546338165,103.02531051273145
4783.720927823738,4.7896081258403e-05,-9.38656992857067,-93.20304310630713,103.0194621069576
4783.874047197573,4.7953367653636654e-05,-9.386562590367966,-93.35605070633719,103.01361257905037
4784.400240650751,4.815043175427661e-05,-9.386537305784008,-93.8818597219499,102.99350215259228
4784.926434103928,4.834774843302139e-05,-9.38651191743975,-94.40766822786615,102.97337840399933
4785.0795534777635,4.8405203213658217e-05,-9.386504510063503,-94.56067548809851,102.96751999466875
4785.232672851599,4.846267042560785e-05,-9.386497093890528,-94.71368270490541,102.96166045128177
4785.758866304776,4.866022405689137e-05,-9.386471541176284,-95.23949039952751,102.94151551574475
4786.285059757954,4.8857808860481554e-05,-9.386445884502404,-95.76529757817178,102.92135711706914
4786.438179131788,4.891529685396891e-05,-9.386438399022996,-95.91830445099338,102.9154885982563
4786.591298505624,4.8972776006749756e-05,-9.38643090474384,-96.0713112798562,102.9096189334419
4787.117491958801,4.917020062694184e-05,-9.386405083636983,-96.59711763724181,102.88943912461895
4787.643685411978,4.936737502780187e-05,-9.386379158712408,-97.12292347233837,102.86924571160654
4787.796804785814,4.942468736769462e-05,-9.386371595221432,-97.2759299530084,102.8633669773324
4787.9499241596495,4.948196448452041e-05,-9.38636402296007,-97.42893638918466,102.85748708512872
4788.476117612827,4.967848574614962e-05,-9.386337934144276,-97.95474139302554,102.83727203907773
4789.002311066004,4.9874415545798343e-05,-9.386311742075886,-98.48054586825597,102.81704324825832
4789.15543043984,4.993129835463709e-05,-9.38630410097945,-98.63355195202517,102.81115419287559
4789.308549813675,4.998811458107501e-05,-9.38629645118123,-98.78655799076576,102.80526396770125
4789.8347432668525,5.0182805344852575e-05,-9.386270096496661,-99.31236162474549,102.78501332217283
4790.36093672003,5.037650538532606e-05,-9.386243639627734,-99.83816472380734,102.76474879239802
4790.514056093865,5.0432661129561213e-05,-9.386235921706604,-99.9911704059359,102.75884931105932
4790.667175467701,5.048871402485616e-05,-9.386228195198223,-100.14417604250329,102.75294864819054
4791.193368920878,5.06804972635474e-05,-9.386201577846396,-100.6699782903631,102.73266204433757
4791.719562374055,5.087083216022106e-05,-9.386174859960532,-101.19577999703999,102.71236141859784
4791.872681747891,5.092591949417091e-05,-9.386167066429449,-101.34878527281866,102.70645140780444
4792.0258011217265,5.098086285529886e-05,-9.386159264478263,-101.5017905025086,102.70054020393302
4792.551994574904,5.116851211833663e-05,-9.386132389226116,-102.02759134812418,102.68021728829748
4793.078188028081,5.135420075502392e-05,-9.386105415749983,-102.55339164636706,102.6598802158158
4793.231307401916,5.1407837031918174e-05,-9.386097548316132,-102.70639651114175,102.65395957404688
4793.384426775751,5.146128397719654e-05,-9.386089672688163,-102.85940132930808,102.64803772791834
4793.910620228929,5.16434387226338e-05,-9.386062546062732,-103.38520075677795,102.62767815469087
4794.436813682106,5.1823075840729376e-05,-9.38603532425104,-103.91099963079769,102.60730429328231
4794.589933055941,5.187484436777991e-05,-9.386027385165553,-104.06400407999715,102.60137292169958
4794.743052429777,5.1926374897303526e-05,-9.38601943817592,-104.21700848207975,102.59544033482551
4795.269245882954,5.2101568031813455e-05,-9.385992068628356,-104.74280647582393,102.5750437683507
4795.7954393361315,5.2273652574729164e-05,-9.385964607713163,-105.26860391019338,102.55463278700982
4795.948558709967,5.232311070985657e-05,-9.38595659981177,-105.42160793935942,102.54869059022494
4796.101678083803,5.2372279717197395e-05,-9.38594858436408,-105.57461192091498,102.54274716765634
4796.62787153698,5.253896391487635e-05,-9.385920982396037,-106.10040846578204,102.52231328513446
4797.154064990157,5.270192482120896e-05,-9.38589329369944,-106.62620444554616,102.50186486680006
4797.307184363993,5.274861163431885e-05,-9.385885220432705,-106.77920805036638,102.49591175368975
4797.460303737828,5.2794956812649046e-05,-9.385877140048086,-106.93221160710091,102.489957404837
4797.986497191006,5.2951534879445824e-05,-9.385849318301739,-107.45800668848209,102.46948589917346
4798.512690644183,5.310376762952464e-05,-9.385821415308268,-107.98380119927403,102.44899974362072
4798.665810018018,5.314721593004281e-05,-9.385813280758892,-108.13680437561564,102.44303562817507
4798.818929391854,5.319027034236364e-05,-9.385805139591413,-108.28980750341893,102.4370702676585
4799.345122845031,5.333514238374627e-05,-9.38577711288681,-108.81560110736663,102.41656085040229
4799.8713162982085,5.347506061157099e-05,-9.385749011254811,-109.34139413552708,102.3960366771939
4800.024435672043,5.351481248151984e-05,-9.38574082013573,-109.49439687947206,102.39006147937577
4800.177555045879,5.3554120216306754e-05,-9.385732622968144,-109.64739957445242,102.38408502788441
4800.703748499056,5.368573733905436e-05,-9.385704408270206,-110.17319168780011,102.36353743217053
4801.229941952233,5.3811825105931655e-05,-9.38567612577095,-110.69898322049676,102.34297498357441
4801.383061326069,5.384744660347165e-05,-9.385667883402474,-110.85198552837635,102.33698863016147
4801.536180699904,5.388257727310299e-05,-9.385659635621122,-111.00498778689511,102.3310010152918
4802.062374153082,5.399948990579798e-05,-9.38563125193697,-111.5307783973747,102.31041499869052
4802.588567606259,5.411034941951717e-05,-9.385602808326702,-112.05656842271785,102.28981404246858
4802.7416869800945,5.414144467649791e-05,-9.3855945205946,-112.20957029114554,102.2838164678517
4802.89480635393,5.4172007730605634e-05,-9.38558622814529,-112.36257210985012,102.27781762489907
4803.420999807107,5.427291726208372e-05,-9.385557696355379,-112.88836120620334,102.25719297208144
4803.947193260285,5.436732425907442e-05,-9.385529113178322,-113.41414971335364,102.2365533040587
4804.10031263412,5.439355229019052e-05,-9.385520786470906,-113.56715113925615,102.23054445096923
4804.253432007956,5.441921401097384e-05,-9.385512455793446,-113.72015251511019,102.22453432364567
4804.779625461133,5.450303218920378e-05,-9.385483798406428,-114.24594008719006,102.20387084876916
4805.30581891431,5.4579995180566413e-05,-9.385455098718401,-114.7717270664552,102.18319229508246
4805.458938288146,5.460108677677148e-05,-9.385446739840264,-114.92472804709928,102.17717211521867
4805.612057661981,5.462158693219771e-05,-9.38543837777965,-115.07772897740938,102.1711506562655
4806.138251115159,5.468749033066392e-05,-9.385409618608177,-115.60351501626731,102.1504482049725
4806.664444568336,5.474629988284504e-05,-9.385380826625129,-116.12930045918233,102.12973062389122
4806.817563942171,5.476207080741449e-05,-9.385372442690121,-116.28230099219705,102.12369907841241
4806.970683316006,5.477723535928189e-05,-9.385364056387544,-116.43530147463412,102.11766625007841
4807.4968767691835,5.482470542961115e-05,-9.385335220159721,-116.96108597258888,102.09692470100849
4808.023070222361,5.486496951038364e-05,-9.385306360849322,-117.4868698719772,102.07616798423733
4808.176189596196,5.487533006921315e-05,-9.385297959158352,-117.63986995536986,102.07012504410238
4808.329308970032,5.488508047271447e-05,-9.385289555927523,-117.79286998798459,102.06408081846313
4808.855502423209,5.4913933721879126e-05,-9.385260667851394,-118.3186529386695,102.04330008420443
4809.381695876386,5.493560520878927e-05,-9.385231766482365,-118.84443528868121,102.02250415760183
4809.534815250222,5.494056777078753e-05,-9.385223354389591,-118.99743492084703,102.0164498037332
4809.687934624058,5.494492824350253e-05,-9.385214941581824,-119.15043450207845,102.01039416283466
4810.214128077235,5.4955339307221e-05,-9.385186026873594,-119.67621590046483,101.98957419025841
4810.740321530412,5.4958735714842473e-05,-9.385157108532656,-120.20199669659,101.96873901392
4810.893440904248,5.495841975015944e-05,-9.385148693303073,-120.35499587631384,101.96267323718
4811.046560278083,5.4957521951792635e-05,-9.385140278164126,-120.50799500499059,101.95660617299318
4811.5727537312605,5.4950036640081954e-05,-9.385111361551274,-121.03377484738502,101.9357469429291
4812.098947184438,5.493584739174051e-05,-9.385082450640919,-121.55955408644081,101.9148725106006
4812.252066558272,5.49304803022865e-05,-9.385074039303628,-121.71255281289166,101.90879531157077
4812.405185932108,5.4924563533606435e-05,-9.385065628826933,-121.86555148822514,101.90271682574857
4812.931379385285,5.4900094111763636e-05,-9.385036734044638,-122.39132977223966,101.88181835197847
4813.4575728384625,5.486936753203616e-05,-9.385007853784224,-122.91710745232966,101.8609046897856
4813.610692212298,5.485927932476626e-05,-9.384999452988774,-123.0701057250467,101.85481607834812
4813.763811586134,5.48486846002193e-05,-9.38499105377259,-123.22310394661658,101.84872618178483
4814.290005039311,5.48084852402576e-05,-9.384962203080796,-123.74888067111168,101.82778850936359
4814.816198492488,5.476259906811597e-05,-9.384933375037818,-124.27465679155894,101.80683567388283
4814.969317866324,5.4748213135449006e-05,-9.384924990920837,-124.42765461043011,101.8007356686131
4815.122437240159,5.47333737512069e-05,-9.384916609036297,-124.58065237816196,101.79463438081682
4815.648630693337,5.46790074317202e-05,-9.384887822777472,-125.10642754316379,101.77365758376389
4816.174824146514,5.461963551764787e-05,-9.384859066442795,-125.63220210441841,101.75266565948627
4816.327943520349,5.460145907034866e-05,-9.38485070450768,-125.78519946965197,101.74655428687342
4816.481062894185,5.458289104546421e-05,-9.384842345379974,-125.93819678378797,101.74044163516818
4817.007256347362,5.451619646717611e-05,-9.384813641581756,-126.46397039038189,101.71942581358952
4817.5334498005395,5.444527320685173e-05,-9.38478497399033,-126.9897433939061,101.69839490983819
4817.686569174375,5.4423886060609735e-05,-9.384776639000478,-127.1427403059955,101.69227220335104
4817.839688548211,5.4402176409980176e-05,-9.38476830730382,-127.29573716705877,101.68614822192686
4818.365882001388,5.432522285697942e-05,-9.384739701332846,-127.82150921726156,101.66509349863017
4818.892075454565,5.4244890878372894e-05,-9.38471113674317,-128.34728066539444,101.64402374600058
4819.0451948284,5.422092894400611e-05,-9.384702832634039,-128.50027712507764,101.637889745021
4819.198314202235,5.419671875454849e-05,-9.384694532206295,-128.65327353383094,101.63175447385362
4819.724507655413,5.4111745434363315e-05,-9.384666036495213,-129.17904403044463,101.61066099054116
4820.25070110859,5.402429329755946e-05,-9.384637586148697,-129.70481392624995,101.58955253695872
4820.4038204824255,5.3998430563689323e-05,-9.38462931596399,-129.85780993446423,101.58340728561119
4820.556939856261,5.397239710986542e-05,-9.384621049745569,-130.01080589186415,101.57726076928253
4821.083133309438,5.3881754032084684e-05,-9.384592673603493,-130.536574838316,101.55612868243
4821.609326762616,5.378956098760503e-05,-9.384564345564995,-131.06234318541783,101.53498168893724
4821.762446136451,5.376249422264847e-05,-9.384556111415616,-131.21533874325098,101.52882523484827
4821.915565510287,5.37353358801369e-05,-9.384547881410779,-131.3683342503992,101.52266752129937
4822.441758963464,5.364143247657952e-05,-9.384519630907596,-131.89410165057157,101.50149699782922
4822.967952416641,5.3546915130424746e-05,-9.384491429977286,-132.4198684529814,101.48031163420568
4823.121071790477,5.35193474928482e-05,-9.384483233021024,-132.57286356162123,101.4741440272211
4823.2741911643125,5.349176689748161e-05,-9.38447504028012,-132.72585861971365,101.46797516646673
4823.80038461749,5.339701018594442e-05,-9.384446918206015,-133.251624477768,101.44676637931356
4824.326578070667,5.3302555640127624e-05,-9.384418845912764,-133.77738973970773,101.42554281962879
4824.479697444503,5.327517648857458e-05,-9.38441068635909,-133.93038440039032,101.41936411051991
4824.632816818338,5.3247860178130344e-05,-9.384402530986446,-134.08337901066517,101.41318415335563
4825.159010271515,5.315458436922499e-05,-9.384374536903007,-134.6091433308649,101.3919372770379
4825.685203724693,5.3062481148092086e-05,-9.384346591592175,-135.13490705659038,101.37067569525956
4825.838323098527,5.303594656282943e-05,-9.384338468734596,-135.28790127054899,101.36448593445482
4825.991442472363,5.300954581187403e-05,-9.3843303499238,-135.44089543423615,101.35829493119391
4826.51763592554,5.291994969458218e-05,-9.384302480306905,-135.96665822077267,101.3370101375182
4827.043829378717,5.283232891633407e-05,-9.384274657315187,-136.49242041440263,101.31571070330013
4827.196948752553,5.2807245058074464e-05,-9.384266569587835,-136.64541418281866,101.30950993967754
4827.350068126389,5.2782359250230107e-05,-9.384258485680913,-136.7984079010907,101.30330793895217
4827.876261579566,5.2698447577949335e-05,-9.38423073414363,-137.3241691579187,101.28198539296692
4828.402455032743,5.26172202243566e-05,-9.384203026053875,-137.8499298232744,101.26064826772819
4828.555574406579,5.2594123962304226e-05,-9.384194971111967,-138.0029231472315,101.25443654750043
4828.708693780414,5.257128078167067e-05,-9.384186919682849,-138.15591642115857,101.24822359515937
4829.2348872335915,5.2494792923771716e-05,-9.38415927728618,-138.68167615184385,101.22686345146845
4829.761080686769,5.242157522223194e-05,-9.384131674276546,-139.20743529230376,101.20548878488064
4829.914200060604,5.2400912145837784e-05,-9.384123649105442,-139.36042817274708,101.19926615060824
4830.06731943444,5.2380545593839154e-05,-9.38411562707234,-139.51342100325635,101.19304228874701
4830.593512887617,5.2312881164699465e-05,-9.384088082737012,-140.0391792108429,101.17164468831344
4831.119706340794,5.224892353729758e-05,-9.384060573031006,-140.5649368292181,101.15023261533082
4831.27282571463,5.223102818645743e-05,-9.384052574084114,-140.7179292669197,101.1439991051035
4831.425945088466,5.2213459193066475e-05,-9.384044577850437,-140.87092165476204,101.13776437126702
4831.952138541643,5.21556143180172e-05,-9.384017118862944,-141.3966783416629,101.11632943884142
4832.47833199482,5.210173986296044e-05,-9.383989689268434,-141.92243444009924,101.0948800774043
4832.631451368655,5.208681781623111e-05,-9.38398171263007,-142.07542643563178,101.0886357242267
4832.78457074249,5.2072236151357474e-05,-9.38397373825007,-142.22841838135614,101.08239015082007
4833.310764195668,5.202473874915768e-05,-9.383946350853575,-142.7541735492742,101.06091799311363
4833.836957648845,5.1981274366576885e-05,-9.383918987388821,-143.27992812918575,101.03943144264105
4833.99007702268,5.1969381381449205e-05,-9.383911028963308,-143.43291968290566,101.0331762740569
4834.143196396516,5.195782458741976e-05,-9.383903072334357,-143.58591118684362,101.02691988799883
4834.669389849693,5.192066091626777e-05,-9.383875742414439,-144.11166483672716,101.00541059272126
4835.195583302871,5.1887364463728355e-05,-9.383848431032341,-144.63741789876653,100.98388693351966
4835.348702676706,5.187838581544057e-05,-9.383840486761931,-144.79040901080828,100.97762097151212
4835.501822050542,5.186971888708855e-05,-9.383832543845566,-144.9434000730696,100.97135379416888
4836.028015503719,5.184226765938112e-05,-9.383805257712789,-145.4691522051082,100.94980743006413
4836.554208956896,5.181826885271308e-05,-9.383777985116339,-145.99490374918003,100.92824672378322
4836.707328330732,5.181190353838727e-05,-9.383770051224184,-146.1478944194634,100.92196998498912
4836.860447704567,5.1805803658773e-05,-9.383762118291449,-146.30088503994492,100.91569203242594
4837.386641157745,5.178678677222792e-05,-9.383734863541507,-146.82663565361148,100.89410865042578
4837.912834610922,5.177054063511949e-05,-9.383707618069144,-147.35238567893322,100.87251094167094
4838.0659539847575,5.176628792179626e-05,-9.383699691321453,-147.50537590718474,100.86622343793785
4838.219073358593,5.176223100540188e-05,-9.383691765217137,-147.65836608559323,100.85993472151635
4838.74526681177,5.174966684873155e-05,-9.383664531654802,-148.18411517973612,100.83831435710495
4839.271460264948,5.173890771037263e-05,-9.383637304228742,-148.70986368495085,100.81667967629386
4839.424579638782,5.1736054139519135e-05,-9.383629382215267,-148.86285347074042,100.81038141560579
4839.577699012618,5.173330220110027e-05,-9.383621460640304,-149.01584320663142,100.80408194295265
4840.103892465795,5.1724466009926673e-05,-9.383594241264108,-149.541590779621,100.78242461982774
4840.630085918972,5.17161761534758e-05,-9.383567026393711,-150.06733776296576,100.76075298737423
4840.783205292808,5.171378843820537e-05,-9.383559107822608,-150.22032710576005,100.75444397516861
4840.9363246666435,5.1711383472784404e-05,-9.383551189629928,-150.3733163985927,100.74813375153764
4841.462518119821,5.170279493123183e-05,-9.383523981654207,-150.8990624485254,100.72643948663784
4841.988711572998,5.169320514662959e-05,-9.383496778461138,-151.42480790805828,100.70473091851744
4842.141830946834,5.1690132685842126e-05,-9.383488863456884,-151.57779680729092,100.69841115940596
4842.294950320669,5.16869000918188e-05,-9.383480948948895,-151.73078565650042,100.69209018944434
4842.821143773846,5.167434079754763e-05,-9.383453754820843,-152.2565301814621,100.67035899936508
4843.347337227024,5.165895540773463e-05,-9.383426568044937,-152.78227411534846,100.64861351406249
4843.500456600859,5.16538387500167e-05,-9.383418658438373,-152.9352625705076,100.64228301395191
4843.653575974695,5.164839641358875e-05,-9.383410749655633,-153.08825097559466,100.63595130386518
4844.179769427872,5.1626946106714745e-05,-9.383383578035936,-153.61399397398225,100.61418321263326
4844.705962881049,5.160058926492338e-05,-9.383356418994133,-154.1397363808384,100.59240083942684
4844.859082254885,5.1591875905217146e-05,-9.383348518596652,-154.29272439157103,100.58605960802372
4845.0122016287205,5.1582651207359746e-05,-9.38334061958952,-154.44571235220783,100.57971716812224
4845.538395081898,5.1546756784435395e-05,-9.383313486264043,-154.97145382310745,100.55791221625961
4846.064588535075,5.1503659938338316e-05,-9.383286373720903,-155.4971947023994,100.53609300475352
4846.21770790891,5.148963362503239e-05,-9.383278488568653,-155.65018226863097,100.52974105842299
4846.370827282745,5.147489449480257e-05,-9.383270605636847,-155.8031697847825,100.52338790601738
4846.8970207359225,5.1418490368669635e-05,-9.383243534300775,-156.3289097283989,100.50154616076384
4847.4232141891,5.135243204607467e-05,-9.383216495184163,-156.8546490808896,100.47969019150504
4847.576333562935,5.133125678487013e-05,-9.38320863373199,-157.00763620295717,100.47332755642915
4847.729452936771,5.1309157044712276e-05,-9.383200775611702,-157.16062327501595,100.46696371901764
4848.255646389948,5.122583013294938e-05,-9.383173798457772,-157.68636169314425,100.44508528549161
4848.781839843125,5.1130315006107496e-05,-9.38314686835659,-158.21209952137852,100.42319268141596
4848.934959216961,5.1100089789230286e-05,-9.383139041604792,-158.36508620017446,100.41681939697122
4849.088078590797,5.106872522253988e-05,-9.383131219586963,-158.51807282910465,100.41044491563578
4849.614272043974,5.095191840023884e-05,-9.383104377644475,-159.04380972563266,100.38852994863021
4850.140465497151,5.082039964807306e-05,-9.383077601035627,-159.5695460344475,100.36660088700702
4850.293584870987,5.077922712813946e-05,-9.383069822573548,-159.72253227156875,100.36021700925973
4850.446704244822,5.073670603351662e-05,-9.383062050536735,-159.87551845905625,100.35383194216698
4850.9728976979995,5.057997623717502e-05,-9.383035393699108,-160.40125384048136,100.33188065820215
4851.499091151177,5.0406138458737997e-05,-9.383008823832721,-160.92698863752332,100.30991538266423
4851.652210525012,5.035221204271817e-05,-9.383001109776727,-161.07997443542192,100.30352098785598
4851.805329898848,5.029674436073714e-05,-9.38299340411164,-161.23296018402408,100.29712541373206
4852.331523352025,5.009408350325979e-05,-9.382966990769829,-161.7586940599652,100.27513810288806
4852.8577168052025,4.987218351933573e-05,-9.382940689128574,-162.28442735619367,100.25313693502542
4853.010836179037,4.980388975305683e-05,-9.38293305793052,-162.43741271832064,100.246732122889
4853.163955552873,4.9733890783242524e-05,-9.382925437332737,-162.5903980316096,100.24032614430465
4853.69014900605,4.9480091542097776e-05,-9.382899333539966,-163.1161304152884,100.21830318124468
4854.216342459227,4.920533890822028e-05,-9.382873368807454,-163.64186222543793,100.19626653113707
4854.369461833063,4.9121371009917435e-05,-9.382865840916503,-163.7948471563739,100.18985142785422
4854.522581206898,4.903557631703392e-05,-9.382858326030776,-163.94783203906462,100.18343517412947
4855.048774660076,4.872663791530894e-05,-9.382832604143998,-164.47356294772837,100.16137702764011
4855.574968113253,4.839561862160417e-05,-9.382807050627985,-164.99929329069977,100.13930540262585
4855.7280874870885,4.8295103334067415e-05,-9.382799647989428,-165.15227779626213,100.1328801632177
4855.881206860924,4.819269717944525e-05,-9.382792260888973,-165.3052622543164,100.1264537927337
4856.407400314101,4.782627930106673e-05,-9.382766997626844,-165.83099170956905,100.10436103303255
4856.933593767279,4.7437427142572756e-05,-9.382741933073781,-166.3567206087158,100.08225504393087
4857.086713141114,4.732006480120692e-05,-9.382734678446031,-166.5097046960327,100.07581985384637
4857.23983251495,4.7200821254268416e-05,-9.382727441928072,-166.66268873672888,100.06938355552776
4857.766025968127,4.6776734945757716e-05,-9.382702715783847,-167.18841676473457,100.04725685850262
4858.292219421304,4.6330828090517183e-05,-9.382678218531968,-167.7141442480063,100.02511722242463
4858.44533879514,4.619703751242542e-05,-9.382671134608898,-167.86712792554636,100.01867229807064
4858.598458168975,4.606146543308358e-05,-9.382664071294858,-168.02011155750313,100.01222629177965
4859.124651622153,4.558217121466428e-05,-9.382639959274982,-168.54583818902273,99.99006643925942
4859.65084507533,4.508282959821241e-05,-9.382616104730982,-169.07156428892606,99.9678939780954
4859.803964449165,4.4933892586848825e-05,-9.382609213067518,-169.22454756647184,99.96143956604183
4859.957083823,4.4783380008786836e-05,-9.38260234430652,-169.37753079961476,99.95498410161727
4860.483277276177,4.4254483149683103e-05,-9.382578917994037,-169.90325606983444,99.93279197675695
4861.009470729355,4.370866135074443e-05,-9.382555774436506,-170.4289808231704,99.91058761042378
4861.16259010319,4.354686547945911e-05,-9.3825490941788,-170.581963711724,99.90412398501725
4861.315709477026,4.338382192431438e-05,-9.382542438756081,-170.73494655718264,99.8976593396925
4861.841902930203,4.281455693661223e-05,-9.382519759706504,-171.26067050529466,99.87543591656028
4862.36809638338,4.2233016633892784e-05,-9.382497383430024,-171.78639395263252,99.85320065010166
4862.521215757216,4.206178953540315e-05,-9.38249092985603,-171.93937646424155,99.84672810922588
4862.6743351310515,4.188977849609456e-05,-9.382484502513195,-172.09235893416587,99.84025458316448
4863.200528584229,4.1293448022340655e-05,-9.382462617017698,-172.61808160266114,99.81800090964289
4863.726722037406,4.069116767912233e-05,-9.382441046872774,-173.1438037875095,99.79573581331879
4863.879841411242,4.051519006017075e-05,-9.38243482976365,-173.29678593500242,99.78925467205563
4864.032960785077,4.0339039153930296e-05,-9.38242863955309,-173.44976804228702,99.78277258176239
4864.559154238254,3.9733369634923974e-05,-9.382407572859305,-173.97548947592418,99.76048975496008
4865.085347691432,3.9129863256946474e-05,-9.382386824295734,-174.50121044356638,99.73819593657399
4865.238467065266,3.895515444472519e-05,-9.382380846171975,-174.6541922401875,99.7317065185581
4865.391586439102,3.878103757473317e-05,-9.382374894680183,-174.80717399809538,99.72521618796321
4865.917779892279,3.818843555899571e-05,-9.382354644795722,-175.33289424251592,99.70290532148412
4866.4439733454565,3.7607965160346583e-05,-9.382334703542767,-175.85861403848165,99.68058389036213
4866.597092719292,3.7441936035080076e-05,-9.382328957805301,-176.0115954974195,99.67408651667185
4866.750212093128,3.7277421939778956e-05,-9.382323237286352,-176.16457691909747,99.66758826573736
4867.276405546305,3.6725104324809484e-05,-9.382303768514552,-176.6902960190655,99.64525044833825
4867.802598999482,3.619674631710125e-05,-9.382284584064962,-177.21601468722184,99.62290247057479
4867.955718373318,3.604820529330757e-05,-9.382279053094146,-177.3689958210252,99.616397446064
4868.108837747153,3.59022572497486e-05,-9.382273544568346,-177.52197691890743,99.60989157682573
4868.635031200331,3.542220009284804e-05,-9.38225478098464,-178.04769491616307,99.58752782223091
4869.161224653508,3.497971562934555e-05,-9.382236260118605,-178.57341249641786,99.56515426708675
4869.314344027343,3.485881604805194e-05,-9.382230913404577,-178.7263933162994,99.55864186414884
4869.467463401179,3.474173272132516e-05,-9.38222558479738,-178.87937410139887,99.55212864419568
4869.993656854356,3.437041854167571e-05,-9.382207403932814,-179.4050910321274,99.52973983216704
4870.5198503075335,3.4051925861659777e-05,-9.382189404554163,-179.93080755775392,99.50734150985875
4870.672969681369,3.3970056868021985e-05,-9.382184196937569,-180.08378807278527,99.50082194971908
4870.826089055205,3.3893356915710646e-05,-9.382179001337514,-180.23676855387646,99.49430159321831
4871.352282508382,3.367133129878705e-05,-9.382161228335828,-180.7624844458123,99.47188840234386
4871.878475961559,3.351878459691915e-05,-9.382143553882885,-181.2881999404205,99.4494658938277
4872.031595335394,3.348840392131158e-05,-9.382138423981985,-181.44118015662644,99.44293932556577
4872.184714709229,3.3464651194391376e-05,-9.382133298094129,-181.5941603393294,99.43641197204778
4872.710908162407,3.3435858772530736e-05,-9.382115700613266,-182.11987520852887,99.41397480507122
4873.237101615584,3.349428096740463e-05,-9.382098095336898,-182.6455896827217,99.3915283847916
4873.3902209894195,3.352867131830742e-05,-9.38209296425203,-182.7985696020867,99.38499486240482
4873.543340363255,3.357122245991959e-05,-9.382087827140321,-182.95154948786464,99.37846055363244
4874.069533816432,3.3782073440721965e-05,-9.382070111339415,-183.4772633351976,99.35599945655758
4874.59572726961,3.409853041025652e-05,-9.382052256805503,-184.0029767829724,99.33352900957748
4874.748846643445,3.4211485544356784e-05,-9.382047027205116,-184.1559564023781,99.32698846753483
4874.901966017281,3.433416992573041e-05,-9.382041779426686,-184.30893598746835,99.32044712292159
4875.428159470458,3.483239898009785e-05,-9.382023587373988,-184.8346487948998,99.29796169960284
4875.954352923635,3.5454806684889395e-05,-9.382005100485419,-185.36036118987093,99.27546663499322
4876.107472297471,3.56602768332124e-05,-9.381999656149732,-185.51334049998746,99.26891886285264
4876.260591671306,3.5877039051225316e-05,-9.381994179352905,-185.66631977428952,99.262370254015
4876.786785124484,3.671045914684103e-05,-9.381975088065317,-186.19203150103579,99.23985957832143
4877.312978577661,3.7686311478216874e-05,-9.38195552076407,-186.7177427925666,99.21733874099529
4877.4660979514965,3.799802852006984e-05,-9.381949726624795,-186.87072177672482,99.21078335773585
4877.619217325332,3.832255118703608e-05,-9.381943883646363,-187.02370072267186,99.20422708283617
4878.145410778509,3.953773751591189e-05,-9.381923405868008,-187.549411301324,99.18168961068308
4878.671604231687,4.091276000880325e-05,-9.381902246614182,-188.07512141066286,99.15914119402073
4878.824723605521,4.134384011844648e-05,-9.381895949318762,-188.2281000437342,99.15257762278151
4878.977842979357,4.178914445865536e-05,-9.381889584809109,-188.38107863517584,99.14601308135808
4879.504036432534,4.34300480777613e-05,-9.381867171629322,-188.9067879678848,99.12344656503402
4880.030229885711,4.5246798971581115e-05,-9.381843848751942,-189.43249678440085,99.10086802677989
4880.183349259547,4.5809334828265884e-05,-9.381836877777218,-189.58547503171363,99.09429547073636
4880.3364686333825,4.6387373450181927e-05,-9.381829819376021,-189.73845323283783,99.08772183975515
4880.86266208656,4.849392885152457e-05,-9.381804864745265,-190.26416118766042,99.06512324709182
4881.388855539737,5.079043620813833e-05,-9.3817787516831,-190.7898685652774,99.04251123108982
4881.541974913573,5.1495109466901744e-05,-9.381770920994292,-190.9428463815976,99.03592865121603
4881.695094287408,5.2216384466828805e-05,-9.38176298104789,-191.09582414592057,99.02934486309013
4882.2212877405855,5.482325598893221e-05,-9.381734828115626,-191.62153055342083,99.00671030402209
4882.747481193763,5.763188031077473e-05,-9.381705250384124,-192.14723630734062,98.98406057027381
4882.900600567598,5.84876571771945e-05,-9.381696360571558,-192.30021363594312,98.97746666569432
4883.053719941434,5.93609278077995e-05,-9.381687338315253,-192.453190905392,98.97087138896525
4883.579913394611,6.249660176486516e-05,-9.38165528724971,-192.97889555557984,98.94819605175583
4884.106106847788,6.584326107990033e-05,-9.381621530703494,-193.5045994593682,98.92550341687526
4884.259226221624,6.685718861581829e-05,-9.38161137146007,-193.6575762312173,98.91889660836533
4884.41234559546,6.788927539437293e-05,-9.381601055526719,-193.81055293532373,98.912288231584
4884.938539048637,7.157543428395372e-05,-9.381564372352438,-194.33625557498553,98.88956633040411
4885.464732501814,7.547902585764782e-05,-9.381525692339649,-194.8619573580633,98.86682461992767
4885.617851875649,7.665606775894458e-05,-9.381514045180618,-195.01493349111354,98.86020303694853
4885.770971249484,7.785169007777145e-05,-9.38150221634531,-195.16790954632864,98.85357965612795
4886.297164702662,8.210265417600125e-05,-9.38146014256769,-195.69360987678223,98.83080439117961
4886.823358155839,8.657452760527006e-05,-9.381415773840063,-196.21930922235177,98.80800640482647
4886.976477529674,8.791742281145624e-05,-9.381402415038076,-196.37228462097735,98.80136787640257
4887.12959690351,8.927906736128766e-05,-9.381388849173128,-196.52525993011588,98.79472728634472
4887.655790356687,9.410145876774595e-05,-9.381340612067806,-197.05095760541425,98.77189081753842
4888.1819838098645,9.914530835251738e-05,-9.381289779186769,-197.57665414884065,98.74902830833028
4888.3351031837,0.00010065459168789081,-9.381274482804669,-197.7296287033977,98.74237035800448
4888.488222557536,0.00010218255473728012,-9.38125895390774,-197.88260315521495,98.73571004771719
4889.014416010713,0.00010757560475288691,-9.381203776839326,-198.40829778080564,98.71280348244427
4889.54060946389,0.00011318796696046008,-9.381145704282973,-198.9339911084447,98.6898671498497
4889.693728837726,0.0001148621381378269,-9.381128245060745,-199.0869646949607,98.68318699468126
4889.846848211561,0.00011655470080450688,-9.381110528116908,-199.23993816385584,98.67650414681543
4890.373041664739,0.0001225108619916328,-9.38104764016268,-199.76562929565924,98.65351754130984
4890.899235117916,0.00012868168448867606,-9.380981561638736,-200.2913189440827,98.63049703758662
4891.052354491751,0.00013051735469530085,-9.380961717648413,-200.4442914240577,98.62379159090897
4891.205473865587,0.00013237092152224326,-9.380941591262856,-200.59726376988598,98.6170830849214
4891.731667318764,0.00013887627303554406,-9.380870236120089,-201.12295091373693,98.59400545817178
4892.2578607719415,0.00014558929447219086,-9.380795403266658,-201.64863636930286,98.57088940691061
4892.410980145776,0.00014758130791469714,-9.380772958407318,-201.80160758960758,98.56415528458196
4892.564099519612,0.00014959054112926605,-9.38075020727946,-201.9545786575892,98.55741770336505
4893.090292972789,0.00015662540705253225,-9.380669651582012,-202.4802612689994,98.53423706275743
4893.616486425966,0.0001638590472739238,-9.380585341887297,-203.00594196772644,98.51101308879602
4893.769605799802,0.0001660007966872428,-9.380560088094585,-203.15891176058574,98.50424661867649
4893.922725173637,0.00016815895086345564,-9.380534505178666,-203.31188138129707,98.49747625836814
4894.448918626815,0.00017569917587050837,-9.380444045496906,-203.83755886548477,98.47417963583794
4894.975112079992,0.000183427904705922,-9.380349568603364,-204.3632341931611,98.45083440491342
4895.1282314538275,0.00018571172810104197,-9.38032130754625,-204.5162023761979,98.4440316390088
4895.281350827663,0.00018801104122446682,-9.380292695689565,-204.66917036562086,98.43722452139218
4895.80754428084,0.00019602922851590587,-9.380191663720927,-205.19484207771234,98.4137980178525
4896.333737734018,0.00020422459482557318,-9.3800863660194,-205.7205113701378,98.39031728360551
4896.486857107853,0.00020664202729448342,-9.380054910340785,-205.87347774644994,98.38347401218394
4896.639976481689,0.00020907395535584345,-9.38002308348589,-206.0264439060507,98.37662589899236
4897.166169934866,0.00021754017401989307,-9.379910849944759,-206.55210915136584,98.35305473484824
4897.692363388043,0.00022617149899232015,-9.379794118095859,-207.07777169465547,98.32942339128881
4897.845482761879,0.0002287134979259316,-9.379759292369107,-207.2307360529057,98.32253515848693
4897.9986021357145,0.00023126895734046788,-9.379724076473297,-207.38370016972615,98.31564156715267
4898.524795588892,0.0002401517546770505,-9.379600053928993,-207.90935820409496,98.29191013744062
4899.050989042069,0.000249187390160761,-9.37947131710366,-208.43501323499072,98.26811227542632
4899.204108415904,0.00025184474167338236,-9.379432958353824,-208.5879753494956,98.26117439589044
4899.357227789739,0.0002545145241685138,-9.37939419184934,-208.74093719623949,98.25423061626059
4899.8834212429165,0.00026378237578613507,-9.37925783580741,-209.26658722628017,98.23032254852778
4900.409614696094,0.00027319106940311877,-9.379116566027557,-209.79223393238837,98.20634151402027
4900.562734069929,0.00027595474656449156,-9.379074523697781,-209.94519356317713,98.19934908987385
4900.715853443765,0.00027872985612682137,-9.37903205740625,-210.09815289826452,98.19235020117095
4901.242046896942,0.00028835209303984847,-9.378882865668963,-210.62379408152668,98.16824841358152
4901.768240350119,0.0002981035731430333,-9.378728576770142,-211.14943160138878,98.14406686531586
4901.921359723955,0.00030096484483213456,-9.37868271237091,-211.30238849420925,98.13701480282874
4902.074479097791,0.0003038365882958245,-9.378636409135535,-211.45534506177594,98.12995569026694
4902.600672550968,0.00031378364748728405,-9.378473920456718,-211.98097650668805,98.10564244826185
4903.126866004145,0.0003238489177046163,-9.378306166599534,-212.50660392964872,98.08124241366505
4903.279985377981,0.0003267994685188878,-9.37825635324524,-212.65955781591418,98.07412543937542
4903.433104751816,0.0003297595913358352,-9.37820608744711,-212.81251134575098,98.06700081020952
4903.9592982049935,0.00034000361799987937,-9.378029879676674,-213.33813211135788,98.04245778106313
4904.485491658171,0.0003503556853600581,-9.37784825314131,-213.86374847721302,98.01782070974731
4904.638611032006,0.00035338783530776153,-9.377794374833224,-214.0166990738818,98.01063338580171
4904.791730405842,0.0003564287359932868,-9.377740031643386,-214.16964928130642,98.00343778455614
4905.317923859019,0.00036694422525587105,-9.377549718916338,-214.69525837676193,97.97864608878311
4905.844117312196,0.00037755848779877154,-9.377353847020748,-215.22086267514484,97.95375290240696
4905.997236686031,0.00038066523733784065,-9.377295797718544,-215.37380968452092,97.94648964075922
4906.150356059867,0.00038377998110586165,-9.377237272165154,-215.52675627016922,97.93921746328762
4906.676549513044,0.0003945435516832702,-9.377032501743109,-216.05235265394737,97.91415772187108
4907.202742966221,0.00040539724095273904,-9.376822043890755,-216.5779438234343,97.88898885976587
4907.355862340057,0.0004085720638487999,-9.37675972671715,-216.73088693288832,97.8816439351684
4907.508981713892,0.0004117541665759267,-9.376696922920553,-216.8838295824271,97.87428944152727
4908.03517516707,0.00042274383356015157,-9.376477372819092,-217.40941216127848,97.84894181932444
4908.561368620247,0.00043381538784855307,-9.376252018482521,-217.93498908826453,97.82347728075015
4908.714487994082,0.00043705208211179724,-9.376185345195843,-218.08792796989286,97.81604484286129
4908.867607367918,0.0004402953711961618,-9.376118175863347,-218.24086635367323,97.80860216933807
4909.393800821095,0.00045149013473478586,-9.375883553256346,-218.76643398139257,97.78294641585671
4909.9199942742725,0.00046275879707942955,-9.375643020595517,-219.29199549880036,97.75716579999971
4910.073113648108,0.00046605135203447355,-9.375571911227128,-219.44492980903948,97.74963988489263
4910.226233021944,0.0004693498207714471,-9.375500297313579,-219.59786358170743,97.74210305546288
4910.752426475121,0.0004807290105975159,-9.375250337562983,-220.12341505776564,97.71611854386894
4911.278619928298,0.0004921738781525083,-9.374994372877593,-220.64895994364292,97.69000108845461
4911.431739302134,0.0004955161320420971,-9.374918755674171,-220.80188932285677,97.68237562981116
4911.584858675969,0.0004988635707592174,-9.37484262637777,-220.95481812293914,97.67473856732984
4912.111052129147,0.0005104053948580577,-9.374577093498246,-221.48035219105884,97.6484043329951
4912.637245582324,0.0005220038119706858,-9.374305472496998,-222.0058791671697,97.62192895329494
4912.790364956159,0.0005253889793636644,-9.374225284452773,-222.15880323924583,97.61419779390327
4912.943484329994,0.0005287785086630957,-9.374144577817583,-222.3117266887507,97.60645433168986
4913.469677783171,0.0005404585482716478,-9.37386326707277,-222.83724203557372,97.57974911281936
4913.995871236349,0.0005521847642271279,-9.373575798218726,-223.36274976614686,97.55289444384336
4914.148990610184,0.0005556050777578442,-9.373490986177375,-223.51566813815165,97.54505134822618
4914.30210998402,0.0005590287983239247,-9.373405650250254,-223.66858584223314,97.53719524286491
4914.828303437197,0.0005708188467344096,-9.373108392521848,-224.19408109624842,97.51009752591463
4915.354496890374,0.0005826428419685249,-9.37280492201585,-224.71956818705033,97.48284197028909
4915.50761626421,0.0005860891937503583,-9.372715444236992,-224.8724804489893,97.47488063914419
4915.6607356380455,0.0005895378175691501,-9.372625438690612,-225.02539199572303,97.46690558516977
4916.186929091223,0.0006014044892432302,-9.372312106511755,-225.55086572661952,97.4393936572922
4916.7131225444,0.00061329039983824,-9.371992525106247,-226.0763307245214,97.41171544108329
4916.866241918236,0.0006167518496043177,-9.371898353408758,-226.2292364492586,97.40362952822123
4917.019361292071,0.0006202141994277327,-9.371803651759528,-226.38214140958289,97.39552917539044
4917.545554745248,0.0006321171945780334,-9.371474167533718,-226.9075921282258,97.36758118649726
4918.071748198426,0.0006440216618500497,-9.371138419642467,-227.4330335214878,97.33945842582736
4918.224867572261,0.0006474849930879413,-9.37103954221627,-227.5859322648913,97.33124155847868
4918.377986946097,0.000650947577346873,-9.37094013470163,-227.738830192783,97.3230095325112
4918.904180399274,0.000662838385831675,-9.370594481051187,-228.2642563520617,97.29460357000306
4919.430373852451,0.000674709488330622,-9.37024257571974,-228.78967257158317,97.26601435138058
4919.583493226286,0.0006781589352656499,-9.370139000417756,-228.94256387296988,97.2576601546701
4919.736612600122,0.0006816056875536743,-9.37003489732991,-229.0954543059269,97.24929008222756
4920.262806053299,0.0006934267663955738,-9.369673128837292,-229.62085430271256,97.2204042607779
4920.788999506476,0.0007052032600488211,-9.369305151900587,-230.14624372447972,97.19132673715619
4920.942118880312,0.0007086202888777437,-9.36919690985001,-230.29912710742423,97.1828288632655
4921.095238254147,0.0007120323499307579,-9.36908814518061,-230.45200956731944,97.1743144016677
4921.6214317073245,0.000723716361494043,-9.368710401174756,-230.97738174575508,97.14492696964008
4922.147625160502,0.0007353269473023507,-9.36832652843658,-231.50274269470862,97.11533947364946
4922.300744534337,0.0007386900578520459,-9.368213677945624,-231.65561766828228,97.10669163607625
4922.453863908173,0.0007420455902718314,-9.36810031332065,-231.80849166265557,97.09802650815779
4922.98005736135,0.0007535149119943246,-9.367706831591132,-232.33383431901095,97.06811597201863
4923.506250814527,0.0007648780303603617,-9.367307342721361,-232.85916507456957,97.03799714762197
4923.659370188363,0.000768162760542509,-9.36718997333621,-233.0120311350782,97.02919316086508
4923.812489562199,0.0007714369809651877,-9.36707210206973,-233.16489615893383,97.02037119527624
4924.338683015376,0.0007826040309474951,-9.366663232713927,-233.69020754824982,96.98991646279842
4924.864876468553,0.0007936284887444245,-9.36624852484506,-234.21550635169467,96.95924541568832
4925.017995842388,0.0007968076477101837,-9.366126761236531,-234.36836298496934,96.95027924034453
4925.171115216223,0.0007999730804782791,-9.366004512180789,-234.52121852313184,96.9412944172356
4925.697308669401,0.0008107413250455398,-9.365580730509143,-235.04649686781534,96.91027495890812
4926.223502122578,0.0008213274901009087,-9.365151330562218,-235.5717619316688,96.87903142452402
4926.3766214964135,0.0008243715365277425,-9.365025335989616,-235.72460861594436,96.86989721737723
4926.529740870249,0.0008273984067982077,-9.364898876939481,-235.87745414600388,96.86074371900848
4927.055934323426,0.000837663828195863,-9.364460794697008,-236.40269764646814,96.82913974582124
4927.582127776604,0.0008477053269868294,-9.364017369770298,-236.92792716593817,96.7973042727843
4927.735247150439,0.000850582915519501,-9.363887348930666,-237.08076337533475,96.78799644118233
4927.888366524275,0.000853439722885649,-9.36375688938643,-237.2335983711968,96.77866870672433
4928.414559977452,0.0008630930215073541,-9.363305263532116,-237.75880521857692,96.74646136155893
4928.940753430629,0.0008724793114147871,-9.362848628424377,-238.28399738506434,96.71401550731329
4929.093872804465,0.0008751581129714194,-9.36271482937785,-238.43682259366435,96.70452876680167
4929.2469921783,0.0008778124819985527,-9.362580622342799,-238.58964652969132,96.69502155024738
4929.773185631478,0.0008867422260176554,-9.36211636018627,-239.11481492056436,96.66219310876602
4930.299379084655,0.0008953620695649464,-9.361647480790694,-239.63996793710805,96.62911964267114
4930.4524984584905,0.0008978098382775378,-9.361510195596267,-239.79278162358187,96.61944907637442
4930.605617832326,0.0009002296091419403,-9.361372538047837,-239.94559397927557,96.60975750599859
4931.131811285503,0.0009083261484174911,-9.360896697560424,-240.4707221321681,96.57629158124557
4931.658004738681,0.0009160717654138677,-9.360416689053546,-240.99583423055466,96.54257468874276
4931.811124112515,0.0009182575880921533,-9.360276252825464,-241.14863588324425,96.5327158065337
4931.964243486351,0.0009204120846309045,-9.360135484579029,-241.30143614837257,96.52283544389753
4932.490436939528,0.0009275720482941784,-9.359649268981668,-241.8265223216914,96.48871718742133
4933.016630392705,0.0009343438382548028,-9.359159387985526,-242.3515917808055,96.45434266763161
4933.169749766541,0.00093623955232512,-9.359016176139896,-242.5043809031305,96.44429146278635
4933.3228691403765,0.0009381010202984488,-9.358872676876633,-242.6571685831601,96.43421835894885
4933.849062593554,0.0009442324172569696,-9.35837742271554,-243.18221109402575,96.39943465014576
4934.375256046731,0.0009499443032000706,-9.357879052625474,-243.70723625885694,96.36439009818362
4934.528375420567,0.0009515260971631187,-9.357733476076223,-243.86001237486337,96.35414309890665
4934.681494794402,0.0009530713242962598,-9.357587660292728,-244.01278699650902,96.34387384519025
4935.207688247579,0.0009580992602138898,-9.357084818161384,-244.537784239802,96.30841345946993
4935.733881700757,0.000962684622533182,-9.356579446802733,-245.06276354034605,96.27268842363574
4935.887001074592,0.0009639348006007637,-9.356431944867692,-245.21552620015896,96.26224273651002
4936.040120448428,0.0009651468961280274,-9.356284254511676,-245.36828731680856,96.251774506841
4936.566313901605,0.0009690197908180674,-9.355775361640376,-245.89323778354557,96.21562825210508
4937.092507354782,0.0009724377814605958,-9.355264550561,-246.4181697526429,96.179214355064
4937.245626728618,0.000973346607622851,-9.355115581399593,-246.57091853753252,96.16856769719148
4937.3987461024535,0.0009742168451791409,-9.354966476026393,-246.72366573424864,96.15789827875489
4937.924939555631,0.0009769127195179074,-9.354453120310723,-247.2485680282207,96.12105908882022
4938.451133008808,0.000979154447884872,-9.353938465527936,-247.77345131719994,96.08395010124362
4938.604252382643,0.00097972192145996,-9.353788494109985,-247.9261858439207,96.07310081771232
4938.757371756478,0.000980251505688778,-9.353638438580132,-248.07891874167404,96.06222862655842
4939.2835652096555,0.000981783988225242,-9.35312221425788,-248.60377159313057,96.0246916000316
4939.809758662833,0.0009828784639917111,-9.352605298791488,-249.12860498400082,95.98688345535358
4939.962878036668,0.0009831160437071983,-9.352454782498869,-249.2813249080298,95.97583051876543
4940.115997410504,0.0009833178332947427,-9.352304232315422,-249.43404316678962,95.9647545971167
4940.642190863681,0.0009837421012858605,-9.351786687563331,-249.9588454418542,95.92651697065328
4941.1683843168585,0.0009837622068039978,-9.351269025898018,-250.48362785469044,95.88800770998941
4941.321503690694,0.0009836945547428877,-9.351118397772415,-250.63633287196433,95.87675069887361
4941.47462306453,0.0009835948043466643,-9.350967782063595,-250.78903619223868,95.86547069095985
4942.000816517707,0.0009830135200214276,-9.350450358481341,-251.3137868966318,95.82653173599323
4942.527009970884,0.0009820817265443658,-9.349933332984895,-251.838517390688,95.78732137230908
4942.68012934472,0.000981748303380258,-9.349782982666605,-251.99120723740415,95.77586042525026
4942.833248718555,0.0009813882202598587,-9.34963268488513,-252.14389535979493,95.76437652851276
4943.359442171733,0.0009799565251639938,-9.349116649422255,-252.66859363535067,95.72473736074095
4943.88563562491,0.0009782493272899792,-9.348601439791837,-253.19327140238352,95.68482765198969
4944.038754998745,0.0009777055756508123,-9.348451692565325,-253.3459458524254,95.67316339459909
4944.191874372581,0.0009771424617616912,-9.348302029355033,-253.49861855476078,95.66147628345607
4944.718067825758,0.0009750716089388843,-9.347788400419734,-254.0232636672631,95.6211395760227
4945.2442612789355,0.0009728227903709279,-9.347275907975831,-254.54788801563808,95.58053369912476
4945.39738065277,0.0009721410326517064,-9.34712700242646,-254.7005468752218,95.56866714167195
4945.550500026606,0.000971449160988621,-9.346978201142546,-254.85320396686544,95.55677786173615
4946.076693479783,0.0009690094201358549,-9.346467670346147,-255.3777952838552,95.51574745537974
4946.60288693296,0.000966512765716607,-9.345958438299178,-255.9023656121286,95.47444957499852
4946.756006306796,0.0009657829516758662,-9.34581050284821,-256.0550087112945,95.46238197904609
4946.909125680631,0.0009650542848274593,-9.345662677982615,-256.20765002425975,95.45029181018062
4947.435319133809,0.0009625771038980753,-9.345155528331718,-256.73218698155705,95.4085722150668
4947.961512586986,0.000960187895309651,-9.344649659011964,-257.25670274031273,95.3665869423682
4948.1146319608215,0.0009595178766885497,-9.344502687700457,-257.4093299209166,95.35431965511279
4948.267751334657,0.0009588622642717525,-9.344355816631397,-257.5619552974444,95.3420299420899
4948.793944787834,0.0009567403165311844,-9.343851839091764,-258.0864373532569,95.29962572767478
4949.320138241012,0.0009548744453164535,-9.343348910734235,-258.61089799416726,95.25695746660536
4949.473257614847,0.0009543895505835468,-9.343202739119905,-258.76350909409337,95.24449172247948
4949.626376988683,0.0009539342371455463,-9.343056638077266,-258.91611837042717,95.23200367292829
4950.15257044186,0.0009526192616873063,-9.342555049656365,-259.4405449462222,95.1889187458478
4950.678763895037,0.0009517504423472193,-9.342054035784718,-259.9649498576503,95.14557092854972
4950.831883268873,0.00095159256632132,-9.34190831777491,-260.11754469107274,95.13290761885332
4950.985002642708,0.0009514812368708016,-9.341762618816071,-260.2701376772691,95.12022206938636
4951.511196095886,0.0009514804650233965,-9.341261984604904,-260.7945080849306,95.07645884328875
4952.037389549063,0.0009521361076910323,-9.340761178099358,-261.3188565137046,95.03243305975651
4952.190508922898,0.000952462387917207,-9.340615364277596,-261.4714348473091,95.01957247199971
4952.343628296733,0.0009528537753804051,-9.34046949382467,-261.62401130300157,95.00668962428884
4952.86982174991,0.0009547245118507682,-9.339967654981914,-262.1483246580478,94.96224808833131
4953.396015203088,0.0009574791890731364,-9.339464599207945,-262.6726156172758,94.91754311817512
4953.549134576923,0.0009584598703710037,-9.33931791746754,-262.8251771424227,94.90448464766511
4953.702253950759,0.0009595255178927903,-9.339171077276228,-262.9777367485315,94.89140377712918
4954.228447403936,0.0009638666666930552,-9.338665088406492,-263.5019918694521,94.84628047341317
4954.754640857113,0.0009693325265968072,-9.338156519344857,-264.0262240325887,94.8008912319443
4954.907760230949,0.0009711479815209175,-9.338007959025608,-264.1787683335079,94.78763306957308
4955.0608796047845,0.0009730691855184755,-9.337859110781572,-264.33131065999936,94.77435221081116
4955.587073057962,0.000980510219405212,-9.337345190683655,-264.8555059541724,94.72853913634499
4956.113266511139,0.0009893252417577088,-9.336826993670545,-265.37967753593114,94.68245555256472
4956.266385884975,0.0009921624380657727,-9.336675294149707,-265.5322040541463,94.66899435426001
4956.41950525881,0.0009951266637643348,-9.336523148604439,-265.6847285240473,94.65550996883611
4956.9456987119875,0.0010063149214063905,-9.335996647188935,-266.20886186099256,94.60899342227107
4957.471892165165,0.00101912951644345,-9.335463830701455,-266.7329704859298,94.56219927038877
4957.625011539,0.0010231779670720135,-9.335307475108195,-266.88547848115866,94.54852981475328
4957.778130912836,0.001027374722156155,-9.335150486420616,-267.03798433107653,94.53483644796296
4958.304324366013,0.0010429605858902494,-9.334605870210243,-267.56205290393166,94.48759584468488
4958.83051781919,0.0010604217776335055,-9.334052559427743,-268.0860954636211,94.4400675541061
4958.983637193025,0.0010658687513904206,-9.333889774358738,-268.23858397142834,94.42618239578191
4959.136756566861,0.0010714847224181268,-9.333726140547986,-268.39107020885734,94.41227233007339
4959.662950020038,0.0010921043709028252,-9.333157000031214,-268.915070385073,94.36427901313064
4960.189143473215,0.0011148378737204602,-9.332576453442238,-269.43904288492007,94.3159844861248
4960.342262847051,0.0011218630809701233,-9.332405215583343,-269.5915106714364,94.30187361370749
4960.495382220886,0.0011290767848195985,-9.3322328859628,-269.74397602916576,94.28773652771466
4961.021575674064,0.0011553336281542766,-9.331631967435948,-270.2679031915213,94.2389526063241
4961.547769127241,0.0011839251638052063,-9.33101661848012,-270.7918005883172,94.18985007634194
4961.700888501076,0.0011926953291988489,-9.330834668573582,-270.9442461023399,94.17550058462126
4961.854007874912,0.001201671697296821,-9.330651358545282,-271.0966889902765,94.161123227648
4962.380201328089,0.0012341179267456484,-9.330010621248794,-271.62053736924764,94.11150047744336
4962.9063947812665,0.0012690950942441121,-9.329352145077268,-272.1443534004081,94.06153744250196
4963.059514155102,0.0012797587543751743,-9.329157009132267,-272.2967747231374,94.04693322903746
4963.212633528938,0.001290643962433649,-9.328960222190705,-272.44919317778675,94.03229912098777
4963.738826982115,0.0013297630364371923,-9.328270919908311,-272.9729556760203,93.98177798011548
4964.265020435292,0.0013715781835646926,-9.327560324097263,-273.4966826811285,93.93089024485536
4964.418139809128,0.0013842607737058043,-9.327349341469924,-273.6490774736941,93.91601174054703
4964.571259182963,0.0013971773619385459,-9.327136398031302,-273.80146910544215,93.90110090690573
4965.097452636141,0.0014433674745335775,-9.326389183813705,-274.3251371147422,93.84960960054272
4965.623646089318,0.001492381581273798,-9.325616921677634,-274.84876584968384,93.79772045884798
4965.7767654631525,0.0015071808322699978,-9.325387279626687,-275.001131298526,93.78254440165212
4965.929884836988,0.0015222231543623654,-9.325155352279333,-275.15349323678055,93.76733315260566
4966.456078290165,0.0015757820351306002,-9.324340404844042,-275.6770564477618,93.71478697668769
4966.982271743343,0.0016322506217516192,-9.323496509542236,-276.2005758915493,93.66180656482767
4967.135391117178,0.0016492327477458416,-9.323245283617199,-276.3529086516744,93.6463058251531
4967.288510491014,0.0016664633211360756,-9.322991438073261,-276.50523748787805,93.63076658727506
4967.814703944191,0.0017275772418125848,-9.322098606503987,-277.0286836922881,93.57706737941385
4968.340897397368,0.0017916420029347564,-9.321172840833288,-277.5520808464688,93.52289222548032
4968.494016771204,0.0018108398032887633,-9.320897039221723,-277.7043769825192,93.50703569022068
4968.647136145039,0.0018302876305171705,-9.320618278940804,-277.85666871096106,93.49113689738863
4969.173329598217,0.0018990272456748244,-9.319637237632088,-278.3799835962687,93.43617271524873
4969.699523051394,0.001970713935670158,-9.318619250622152,-278.9032432762674,93.38068550074017
4969.8526424252295,0.001992126479457016,-9.318315859873744,-279.05549820116977,93.36443801966226
4970.005761799065,0.0020137868426803483,-9.318009171835547,-279.2077481573402,93.34814406655289
4970.531955252242,0.0020901070299351246,-9.316929577896351,-279.730915092588,93.29178908241292
4971.05814870542,0.0021693258838514163,-9.315809062144558,-280.25401970988406,93.2348586210773
4971.211268079255,0.002192918691515757,-9.315475092897955,-280.4062281207531,93.21818101650406
4971.364387453091,0.0022167533808482996,-9.315137493289727,-280.5584309169239,93.20145227539818
4971.890580906268,0.0023004944954835393,-9.313949143267772,-281.0814307288536,93.14356688829487
4972.416774359445,0.0023870431135429174,-9.312715990574565,-281.6043600632047,93.085048322177
4972.56989373328,0.0024127494718248843,-9.312348522518828,-281.756515874323,93.06789746172802
4972.723013107116,0.0024386883713938433,-9.31197710146477,-281.90866533219247,93.05069036224758
4973.249206560293,0.0025295842119385055,-9.310670082698254,-282.431476071218,92.99112152509392
4973.77540001347,0.002623159377843022,-9.309314530213783,-282.95420703258947,92.93085673191236
4973.928519387306,0.0026508844943185475,-9.308910753347746,-283.1063033053558,92.9131856617466
4974.081638761141,0.002678829989382683,-9.308502715525233,-283.2583923856399,92.89545283051956
4974.6078322143185,0.0027765246035030586,-9.307067540154144,-283.78098908111224,92.8340345778271
4975.134025667496,0.0028767406783409485,-9.305580295128628,-284.3034954604964,92.77185276906629
4975.287145041331,0.0029063671472167583,-9.305137544203154,-284.45552433005486,92.7536109004603
4975.440264415167,0.002936199598886582,-9.304690242463124,-284.60754505872137,92.73530135311465
4975.966457868344,0.0030402655846581265,-9.303117956650338,-285.1298994623557,92.67185550033894
4976.492651321521,0.0031466717037806433,-9.301490296315707,-285.6521516703846,92.60757397822363
4976.645770695357,0.003178064244351113,-9.301006078227772,-285.8041042686473,92.58870731798483
4976.798890069193,0.0032096466516634906,-9.300517040260285,-285.9560476595305,92.56976669393704
4977.32508352237,0.003319600945522078,-9.298799310527489,-286.47812797636465,92.50410367624472
4977.851276975547,0.0034316975033156344,-9.297023159942476,-287.00009276952505,92.43752871863661
4978.004396349382,0.0034647080865846547,-9.296495174740173,-287.15195914462544,92.41798013464482
4978.157515723217,0.0034978913968965403,-9.295962123272462,-287.3038151184872,92.39835096604429
4978.683709176395,0.003613215186131985,-9.29409129934238,-287.8255857257829,92.33027078691347
4979.209902629572,0.0037304759283688484,-9.292159283183405,-288.3472259207434,92.26119862933527
4979.363022003407,0.0037649505406816774,-9.291585436896424,-288.4989949530481,92.24090814176972
4979.516141377243,0.0037995804918299013,-9.291006301497443,-288.65075225319765,92.22053014689504
4980.04233483042,0.003919743000489384,-9.288975448738702,-289.1721734074579,92.14982340077013
4980.5685282835975,0.0040416383371654286,-9.286880911353203,-289.693447583344,92.07804127650525
4980.721647657433,0.004077423506991357,-9.286259319536372,-289.84510689791057,92.05694636287052
4980.874767031269,0.00411334700891969,-9.2856322391831,-289.99675300225016,92.03575675196154
4981.400960484446,0.00423782587932526,-9.283435140290196,-290.5177805337863,91.96220567923874
4981.927153937623,0.00436384085013234,-9.281172137287632,-291.0386427218034,91.88749287656944
4982.080273311459,0.0044007884189950115,-9.280501120861247,-291.1901785971299,91.86552877902938
4982.233392685294,0.004437858166654233,-9.279824439053634,-291.34169962648656,91.84346256130169
4982.759586138472,0.004566154443306686,-9.277455572105824,-291.86228462122784,91.76684209939368
4983.285779591649,0.004695802983752798,-9.275018840720989,-292.3826839815845,91.68897100351417
4983.438898965484,0.004733774240607788,-9.27429691595535,-292.53408125468445,91.66607102980538
4983.59201833932,0.004771852844831233,-9.27356917006322,-292.6854618774727,91.64306131317767
4984.118211792497,0.004903505218000829,-9.271023667061725,-293.2055503462049,91.5631401161474
4984.6444052456745,0.005036344228554456,-9.268408577242951,-293.7254308324334,91.48187720986022
4984.797524619509,0.00507521392436725,-9.267634440139297,-293.876672800219,91.4579730203945
4984.950643993345,0.005114177861841557,-9.266854345180743,-294.0278961333932,91.43395129659054
4985.476837446522,0.005248775613441767,-9.26412793178856,-294.5474286680609,91.35049269834764
4986.003030899699,0.005384416592331375,-9.261330419470974,-295.06672867802035,91.26559949716447
4986.156150273535,0.005424076014665277,-9.260502925228815,-295.21779699472216,91.24062137140022
4986.3092696473705,0.005463818550736404,-9.259669352883439,-295.36884450072574,91.21551777963055
4986.835463100548,0.00560101028464538,-9.256758273150545,-295.8877559166265,91.12828067852983
4987.361656553725,0.0057391259514729745,-9.253774760941704,-296.4064079288505,91.03951458043584
4987.514775927561,0.005779484442823176,-9.252892900279022,-296.55728249906934,91.01339165733721
4987.667895301396,0.005819916978097304,-9.252004854986808,-296.7081338783683,90.98713522165254
4988.194088754573,0.005959413974330923,-9.24890578791939,-297.2263528408414,90.89587487195735
4988.720282207751,0.006099739887758404,-9.24573310036041,-297.7442830348949,90.80298991103126
4988.873401581586,0.006140725034495102,-9.244795974740477,-297.89494190191397,90.77565040119258
4989.026520955422,0.006181777184109518,-9.243852568901952,-298.04557498075656,90.74816923939363
4989.552714408599,0.006323352946539406,-9.240562543313956,-298.5630236151982,90.65263794463208
4990.078907861776,0.006465686185636652,-9.237197822197002,-299.0801514749566,90.55538544672751
4990.232027235612,0.006507243319695967,-9.236204619339162,-299.23057070401023,90.52675681616648
4990.3851466094475,0.006548862369468179,-9.2352050489035,-299.3809613171069,90.49797832048023
4990.911340062625,0.006692350590243346,-9.23172136018971,-299.89755480125797,90.39792603078467
4991.437533515802,0.0068365474165818394,-9.228161982481726,-300.4137926999954,90.29605517505144
4991.590652889637,0.00687863887006293,-9.227111952716594,-300.56394625614934,90.26606430200665
4991.743772263472,0.006920788975032214,-9.226055473662509,-300.71406812391876,90.23591529296344
4992.2699657166495,0.007066080090013279,-9.222375603999414,-301.22971426109916,90.13109011184594
4992.796159169827,0.007212050874470253,-9.218619104283986,-301.74496702694177,90.02434840451676
4992.949278543662,0.007254654092423471,-9.21751153852834,-301.89482664715234,89.99292171133237
4993.102397917498,0.00729731419616662,-9.21639744514421,-302.04465124710754,89.96132856706446
4993.628591370675,0.0074443466535172,-9.212518991634436,-302.5592500190477,89.85147717666582
4994.154784823852,0.007592045122663712,-9.20856299538267,-303.0734144798251,89.73961084902623
4994.307904197688,0.007635149234270811,-9.207397206837204,-303.22294953900484,89.70667441326424
4994.461023571524,0.007678309559734862,-9.206224813935918,-303.37244597116097,89.67356317867366
4994.987217024701,0.007827057451442016,-9.202145431712529,-303.88588907052116,89.5584312012859
4995.513410477878,0.007976468562396425,-9.19798760483153,-304.3988535788383,89.44118555288865
4995.666529851714,0.008020071034025305,-9.19676291549183,-304.5480309502987,89.40666520429161
4995.819649225549,0.00806372983313674,-9.195531545422615,-304.6971657970191,89.37196168685138
4996.3458426787265,0.008214192831009964,-9.191248906556384,-305.2093361413126,89.25129400649489
4996.872036131904,0.008365324078099796,-9.186886919231537,-305.72098008179347,89.12841371711508
4997.025155505739,0.008409428376688963,-9.185602650189903,-305.8697639926385,89.09223512699255
4997.178274879575,0.008453589610320812,-9.184311623509483,-306.0185011734932,89.0558649856176
4997.704468332752,0.00860578450530065,-9.179823387687737,-306.52927240227456,88.9294060503292
4998.230661785929,0.008758655935954235,-9.175254889914319,-307.03946568279935,88.80063547960924
4998.383781159764,0.008803268193368576,-9.17391035526611,-307.18781756481604,88.76272424794654
4998.5369005336,0.008847938026187187,-9.172558985167576,-307.3361181870249,88.72461308022834
4999.063093986777,0.009001885427411378,-9.167862784971987,-307.8453541447183,88.59210720396213
4999.589287439954,0.009156515282547665,-9.163085399110342,-308.35395667494095,88.45719069970941
4999.74240681379,0.009201640084641,-9.16167990523443,-308.50183501216895,88.4174724466668
4999.895526187625,0.009246822727727543,-9.160267497447299,-308.64965721791697,88.37754588136387
5000.421719640803,0.009402533725724204,-9.155360942746734,-309.15721142752955,88.23873757091263
5000.94791309398,0.00955892740767992,-9.150372274326514,-309.6640725909669,88.09741981281614
5001.1010324678155,0.009604565173405827,-9.148905124059603,-309.8114327659312,88.05582028241629
5001.254151841651,0.009650260524202854,-9.147430981408357,-309.95873157857733,88.01400408489336
5001.780345294828,0.009807730705782974,-9.142311677258936,-310.4644467133572,87.86863841657828
5002.306538748006,0.009965877045695636,-9.137109335435849,-310.9694048399305,87.72066481631575
5002.459658121841,0.01001202316871435,-9.135579834335484,-311.1161989804386,87.67710999749444
5002.612777495677,0.010058225958554066,-9.134043263149673,-311.2629261514756,87.63333019288983
5003.138970948854,0.010217431814219519,-9.128708832919784,-311.7666335104816,87.48115325232588
5003.665164402031,0.010377298101199849,-9.12329045585361,-312.2695153551278,87.32627041992687
5003.818283775867,0.01042394117858281,-9.121697920110272,-312.4156921832578,87.28068668743218
5003.971403149702,0.010470639126835978,-9.120098238405044,-312.5617960416777,87.23486970397913
5004.49759660288,0.01063153136283111,-9.114546354208708,-313.06331503539514,87.07562909772325
5005.023790056057,0.01079305720773958,-9.108909642870687,-313.5639352697751,86.91358538425578
5005.176909429892,0.010840177561934963,-9.10725340973766,-313.70943995530325,86.86589966266158
5005.330028803727,0.01088735008599171,-9.105589957837987,-313.85486526168575,86.81797249849573
5005.856222256904,0.011049851279179946,-9.09981837816383,-314.354002916128,86.65141794921901
5006.382415710082,0.011212949869283194,-9.093961134252503,-314.8521636421126,86.48196407610456
5006.535535083917,0.01126052065794994,-9.092240572861375,-314.9969376628565,86.43210402938016
5006.688654457753,0.011308140265530075,-9.090512724039545,-315.14162547060283,86.38199444494371
5007.21484791093,0.011472151391947525,-9.08451932819765,-315.6381759575048,86.20787847395582
5007.741041364107,0.011636717232611367,-9.078439484831277,-316.1336662486476,86.0307682471122
5007.894160737943,0.011684706649689085,-9.076654004326453,-316.2776472592209,85.97866249210522
5008.0472801117785,0.011732741051184803,-9.074861172620631,-316.4215347843055,85.9262992260899
5008.573473564956,0.011898147602529642,-9.068643985401357,-316.9152789812669,85.7443779135312
5009.099667018133,0.012064061158829598,-9.062339628946297,-317.4078744553326,85.55936901053136
5009.252786391969,0.012112433563628719,-9.060488684416612,-317.55099616515304,85.50494735088851
5009.405905765804,0.012160846788718163,-9.058630330374994,-317.6940166652402,85.45026035630399
5009.932099218981,0.012327522883336111,-9.052187540520105,-318.18472174900006,85.26029416846369
5010.458292672159,0.012494656117428964,-9.045656926523522,-318.67418417507463,85.06714898976323
5010.611412045994,0.012543374102168336,-9.0437400230541,-318.8163762367047,85.01034266793852
5010.76453141983,0.012592128791613876,-9.04181565744698,-318.9584589006937,84.9532633659593
5011.290724873007,0.012759947278322423,-9.035145627241738,-319.4458779768673,84.75501804108785
5011.816918326184,0.012928176738851369,-9.028387183921591,-319.9319549192717,84.55350461439046
5011.970037700019,0.012977205410843828,-9.026403876237863,-320.07314282741424,84.49424657786054
5012.123157073855,0.013026267210468933,-9.024413059058032,-320.21421267556775,84.43470812523543
5012.649350527032,0.01319511477115225,-9.017514315651463,-320.69808444382943,84.22795560027009
5013.175543980209,0.01336433541328234,-9.01052662760736,-321.18050893953705,84.01784851650423
5013.328663354045,0.01341364593387195,-9.008476514002504,-321.3206139393209,83.95607369134538
5013.48178272788,0.013462986822972867,-9.006418847873281,-321.4605917324773,83.89401125439909
5014.0079761810575,0.013632773723723644,-8.999290057150851,-321.9406401813312,83.67853060874356
5014.534169634235,0.013802906850637132,-8.99207183458183,-322.41913044460887,83.45961196762578
5014.68728900807,0.013852478557179844,-8.989954547221542,-322.55806944738083,83.39525753370457
5014.840408381906,0.013902078954182861,-8.987829667359618,-322.69687160349514,83.33060856348314
5015.366601835083,0.014072746649874093,-8.98046959698136,-323.17280572894964,83.10618696364396
5015.8927952882605,0.014243748786484815,-8.973019634388644,-323.64706487773753,82.87824731556191
5016.045914662096,0.014293572144100819,-8.970834826383738,-323.7847503827405,82.81125297984514
5016.199034035932,0.01434342400903122,-8.968642387214606,-323.9222888990764,82.74395748497632
5016.725227489109,0.014514957031675534,-8.961049856645657,-324.3938024407381,82.5103911180442
5017.251420942286,0.014686832532939089,-8.953366976418177,-324.8635182367066,82.27323038905556
5017.404540316122,0.014736912716948972,-8.951114304143351,-324.9998582559134,82.20353865281567
5017.557659689957,0.01478702299032246,-8.948853961102095,-325.136040633996,82.13353946572985
5018.083853143135,0.014959458894477418,-8.941027775389587,-325.60281181735184,81.89063444577941
5018.610046596312,0.015132266500005981,-8.933110757239797,-326.0676564070736,81.6440628299002
5018.7631659701465,0.015182624574295197,-8.930789859240347,-326.2025543894,81.5716192455285
5018.916285343982,0.015233016089405768,-8.928461247514317,-326.33728355896096,81.49886227801638
5019.442478797159,0.01540644674422009,-8.920400123620494,-326.7989748314456,81.24643551459108
5019.968672250337,0.015580298889626793,-8.912247630758728,-327.25860447766297,80.9902743278823
5020.121791624172,0.015630971398465605,-8.90985810638739,-327.3919592297122,80.91502774484779
5020.274910998008,0.01568168241302102,-8.907460819607927,-327.52513346892493,80.83946223293867
5020.801104451185,0.015856252397621406,-8.899163313742143,-327.981391221607,80.57734226474447
5021.327297904362,0.01603131375106328,-8.8907738210158,-328.4354460177367,80.31142476804101
5021.480417278198,0.01608235234484634,-8.888315209662624,-328.5671516192476,80.23332757045897
5021.633536652033,0.0161334361416648,-8.885848779206519,-328.6986644694768,80.15490631124091
5022.159730105211,0.01630934080523922,-8.877313216171416,-329.14911873838975,79.88293411466597
5022.685923558388,0.016485824291634768,-8.86868494096756,-329.59722230051676,79.60710631542051
5022.8390429322235,0.016537293970333967,-8.866156702398944,-329.7271680128884,79.526114654422
5022.992162306059,0.016588816786129904,-8.863620578030767,-329.8569081863919,79.444794238129
5023.518355759236,0.016766292415600393,-8.854844987690115,-330.30117232891325,79.16282402348615
5024.044549212414,0.016944445483844668,-8.845975832603203,-330.7429314628122,78.87694547317953
5024.197668586249,0.01699641992548978,-8.843377331737512,-330.8710016305671,78.79301949977729
5024.350787960085,0.017048456039671724,-8.84077086710845,-330.9988529113191,78.70876054328741
5024.876981413262,0.0172277614466061,-8.831752940646714,-331.43652326089443,78.41666056370394
5025.403174866439,0.017407845853771475,-8.82264045990131,-331.87152761174536,78.12060518122644
5025.556294240274,0.01746040130144073,-8.819970959083127,-331.9976015600141,78.03370928947379
5025.7094136141095,0.017513026822720667,-8.817293404944772,-332.12344270108883,77.94647668135734
5026.235607067287,0.017694421410695892,-8.808030478894306,-332.554098214734,77.64413009129845
5026.761800520464,0.017876690154956732,-8.798671874211538,-332.98191991775496,77.33778705164782
5026.9149198943,0.01792989844709373,-8.795930534318307,-333.1058718517467,77.24789014380346
5027.068039268135,0.017983184193279093,-8.793181040713005,-333.22957647552755,77.15765331273235
5027.594232721312,0.018166902046776755,-8.783670113063026,-333.65277839788035,76.84495911722794
5028.12042617449,0.018351571010607828,-8.774062264047284,-334.0729717574496,76.528233847411
5028.273545548325,0.018405490830348783,-8.771248156198128,-334.19467067270784,76.43530963346481
5028.426664922161,0.01845949337662953,-8.768425785520307,-334.31610718310765,76.34204285243868
5028.952858375338,0.018645711115142703,-8.758663571370063,-334.7313987618073,76.01891699076451
5029.479051828515,0.01883292523857381,-8.74880310851933,-335.1434999991863,75.6917323180755
5029.632171202351,0.0188875920414665,-8.74591523870784,-335.26280961537196,75.59575966303936
5029.7852905761865,0.018942343563129172,-8.743018991880097,-335.3818411352823,75.49944240290606
5030.311484029364,0.019131144892047914,-8.73300202535597,-335.7887474367471,75.16581901334524
5030.837677482541,0.019320941860083662,-8.722885450859215,-336.1922745609302,74.82811651232578
5030.990796856376,0.019376357141157652,-8.71992279871638,-336.30905329598585,74.72907984455331
5031.143916230211,0.01943185460557758,-8.716951655594142,-336.42553764724306,74.62969718994967
5031.670109683389,0.019623192525016268,-8.706676441496974,-336.8235655355199,74.28553009943899
5032.196303136566,0.01981546454156854,-8.696300300881353,-337.21801840493976,73.93727167889098
5032.349422510401,0.01987158473739751,-8.693261873413471,-337.3321194102919,73.8351614709291
5032.502541884237,0.019927778884841433,-8.690214848200666,-337.44590915723205,73.73270460987433
5033.028735337414,0.02012143898448116,-8.679678065135072,-337.8345475115301,73.37796908488583
5033.5549287905915,0.02031589859807593,-8.669039169043392,-338.21940816653347,73.01913884676814
5033.708048164427,0.0203726257548232,-8.665924068479857,-338.3306794472768,72.91395217696054
5033.861167538263,0.0204294120254296,-8.66280027898528,-338.44162202806496,72.80841897177028
5034.38736099144,0.020624983391645486,-8.651999027467308,-338.82034228338165,72.44311375185369
5034.913554444617,0.02082113693910615,-8.641094714406819,-339.1950756349777,72.07372013492149
5035.066673818453,0.020878311330542382,-8.637902217217222,-339.3033602799518,71.96546133172073
5035.219793192288,0.02093552258295438,-8.634700965009365,-339.4112982506046,71.85685697240568
5035.745986645466,0.021132372751005914,-8.623633051369055,-339.7795553468899,71.48100658420277
5036.272180098643,0.021329494678876505,-8.612461484959931,-340.1436103073561,71.10108478134313
5036.425299472478,0.021386887104501186,-8.609191130906192,-340.24874685412925,70.98976614559021
5036.578418846314,0.021444285887528454,-8.605911991515374,-340.35351827033287,70.8781038803616
5037.104612299491,0.021641534691650734,-8.594576247091588,-340.71075209779457,70.4917612094913
5037.6308057526685,0.021838645135421095,-8.583136748040575,-341.0635632428165,70.10137582979735
5037.783925126503,0.02189595167821373,-8.579788438898264,-341.1653862040599,69.98701842535286
5037.937044500339,0.02195322574250286,-8.576431361247705,-341.26682516731415,69.87232035796703
5038.463237953516,0.02214973701280878,-8.5648279878809,-341.61246259859,69.47556943767029
5038.989431406693,0.022345604420349004,-8.553121380968362,-341.9534524473868,69.07481736021333
5039.142550780529,0.02240244924279432,-8.549695480953975,-342.05179302232125,68.95745185472063
5039.295670154364,0.022459215043421778,-8.546260887345287,-342.1497304132165,68.83974978907365
5039.821863607542,0.022653613278950407,-8.53439179566755,-342.48318799227746,68.43270872658765
5040.348057060719,0.022846775034461708,-8.522420738224808,-342.8117699614009,68.02172204942956
5040.5011764345545,0.022902716515077595,-8.518918167439441,-342.9064569456708,67.90138957400112
5040.65429580839,0.022958525296841576,-8.515407046086992,-343.0007213565261,67.78072587358767
5041.180489261567,0.023149213891259804,-8.503276167028758,-343.32140867835346,67.36354979533078
5041.706682714745,0.023337991231555087,-8.49104545172524,-343.63699073394514,66.94249875285281
5041.85980208858,0.02339252584390375,-8.487467772875927,-343.7278516339764,66.81925174295858
5042.012921462416,0.02344686767931747,-8.48388176394067,-343.8182705064754,66.69568016722779
5042.539114915593,0.02363204734996171,-8.47149533929814,-344.1255943055644,66.26856405223408
5043.06530836877,0.023814576885277296,-8.459012171567181,-344.4275833280982,65.83765976890112
5043.218427742606,0.02386715196380523,-8.455361667239629,-344.5144456828935,65.71156274761078
5043.371547116441,0.02391947016695578,-8.45170313799845,-344.6008466527056,65.58514922586788
5043.897740569619,0.024097201916376744,-8.439069958853084,-344.8942155963404,65.14833048582697
5044.423934022796,0.024271515183820085,-8.426344157816164,-345.1820224295911,64.7078274112608
5044.577053396631,0.02432155439898553,-8.422623880647276,-345.2647153258134,64.57895766650097
5044.730172770466,0.024371271573106174,-8.418895971854065,-345.3469277572689,64.44978095968938
5045.256366223643,0.02453956737126695,-8.406027506657688,-345.6257578621085,64.00354158469094
5045.782559676821,0.024703676676818918,-8.393071586766617,-345.8988029326315,63.55373941907604
5045.935679050656,0.024750602855867002,-8.389285374843604,-345.9771586745422,63.422187518520076
5046.088798424492,0.024797142684758997,-8.38549201269902,-346.0550153451057,63.29033971264313
5046.614991877669,0.024954030165235515,-8.37240242567729,-346.3187358690261,62.835007794511434
5047.141185330846,0.025105984837295894,-8.359231583296191,-346.57645522105713,62.37625273016293
5047.294304704682,0.025149236127243763,-8.35538405091202,-346.6503111103607,62.24212282680804
5047.4474240785175,0.025192040308314435,-8.351529935139048,-346.7236500000551,62.10770961269814
5047.973617531695,0.025335633869668448,-8.338236023433886,-346.97170965794106,61.64366010385409
5048.499810984872,0.025473616715701655,-8.32486802989765,-347.21356124813605,61.176345256497044
5048.652930358708,0.02551268041989177,-8.320964526237287,-347.282761426036,61.03975515004506
5048.806049732543,0.025551244508131496,-8.317055083510855,-347.3514275620854,60.902895855001205
5049.3322431857205,0.02567988223674249,-8.303576071468274,-347.5833008713516,60.43055044318423
5049.858436638898,0.025802355770867934,-8.29003099287445,-347.8087708860086,59.955115350526064
5050.011556012733,0.025836810396117276,-8.286077505780518,-347.87316815898487,59.81619626825469
5050.164675386569,0.02587072489727516,-8.282118787374412,-347.9370154335711,59.6770236034917
5050.690868839746,0.02598309435915482,-8.268475929202925,-348.152208880963,59.19684958315469
5051.217062292923,0.026088894434628147,-8.254775671340312,-348.3608177434281,58.713778669872205
5051.370181666758,0.026118429344848457,-8.250778686473447,-348.42027529472955,58.57267474314551
5051.523301040594,0.026147396349183196,-8.246777224503974,-348.47916815846816,58.431334246181464
5052.049494493771,0.02624257134212041,-8.232993296679407,-348.6772258696336,57.9438423434651
5052.575687946948,0.026330931679940245,-8.219161081310096,-348.8685336558019,57.453662356065635
5052.728807320784,0.026355355580863375,-8.215127427644122,-348.92292656954214,57.31052980264614
5052.881926694619,0.02637919902235441,-8.211090078929463,-348.9767415310066,57.167178988372704
5053.408120147797,0.02645669694276689,-8.19718882701372,-349.1572502271443,56.67292021076571
5053.934313600974,0.026527338655888535,-8.183248600045312,-349.33086128827404,56.17619671833754
5054.087432974809,0.02654661129251899,-8.179185267962202,-349.38007782639954,56.031202760849965
5054.240552348645,0.026565309727627745,-8.175119027455258,-349.4287046961163,55.88601001227208
5054.766745801822,0.026625206844707882,-8.161124484323873,-349.59129770069694,55.38557162970821
5055.2929392549995,0.02667843715927036,-8.14710017773553,-349.7468642189247,54.88290470089362
5055.446058628835,0.02669269105936731,-8.14301409492394,-349.7908067644059,54.736226254815215
5055.599178002671,0.026706395557429086,-8.138925868790812,-349.8341495555038,54.589369488195224
5056.125371455848,0.026749345816065754,-8.124861562705323,-349.97850954969,54.08337028035061
5056.651564909025,0.026786012923254953,-8.110776309551499,-350.11573375763624,53.57538950453783
5056.804684282861,0.026795528653685056,-8.106674118706145,-350.1543193579074,53.427211692605695
5056.957803656696,0.02680453465876504,-8.102570505676578,-350.19229678413836,53.27887685745403
5057.483997109874,0.02683166349474964,-8.088458746472659,-350.31815717498927,52.767961865018385
5058.010190563051,0.026853067217791477,-8.07433421851132,-350.4367922041631,52.25532099261444
5058.1633099368855,0.026858256480909594,-8.070222092976799,-350.46995272260887,52.105835570817206
5058.316429310721,0.026862991306067615,-8.066109202094921,-350.50249830714534,51.95621507114494
5058.842622763898,0.026875890890557294,-8.051970460029374,-350.6096432785306,51.441050148150445
5059.368816217076,0.026883817343804982,-8.037826238701463,-350.7094927032461,50.92442163474951
5059.521935590911,0.02688523674813498,-8.033709694978,-350.7371745900025,50.77382540813957
5059.675054964747,0.02688627272971403,-8.029592956649838,-350.76423639212976,50.62311652127881
5060.201248417924,0.026887027635780276,-8.015445198987074,-350.8524996214043,50.104382935294154
5060.727441871101,0.026883715017037662,-8.001298114250133,-350.9334156431188,49.584452622600615
5060.880561244937,0.026882039315410784,-7.99718182453918,-350.9555793068724,49.432945917933885
5061.033680618772,0.026880059408445043,-7.993065807643589,-350.9771192506262,49.28134927823868
5061.55987407195,0.026871059696402286,-7.978923927436402,-351.0463812794375,48.75973859842675
5062.086067525127,0.02685894203830667,-7.964787603140168,-351.1082616488258,48.237200787055095
5062.2391868989625,0.026854883500639,-7.960675290185204,-351.12488048629723,48.08498605965335
5062.392306272798,0.02685060218523205,-7.956563608369559,-351.14087336010033,47.93270428512816
5062.918499725975,0.02683431819932811,-7.942439188049224,-351.1910579598705,47.40891382723679
5063.444693179153,0.026815901917917648,-7.928323897255624,-351.2338420820719,46.88446699436103
5063.597812552988,0.02681019907217299,-7.924218301791129,-351.2449013041622,46.731747636512885
5063.750931926824,0.02680435971269587,-7.92011358223019,-351.25533356910097,46.57898416215014
5064.277125380001,0.026783392601820374,-7.906014772769868,-351.28640351809634,46.05371317431138
5064.803318833178,0.02676134814257211,-7.891927279512845,-351.31006802701796,45.52805646803793
5064.956438207013,0.026754790550846452,-7.887830104087431,-351.3155633319072,45.37503584805202
5065.109557580849,0.02674818600380235,-7.883733928963875,-351.32043177703764,45.221993991939634
5065.635751034026,0.02672527586147756,-7.869665233646164,-351.33238409506464,44.69594065495435
5066.161944487203,0.026702307757141795,-7.855608608744964,-351.3369378880177,44.16977122828607
5066.315063861039,0.026695664568757025,-7.851520480565743,-351.3368739830986,44.01665197905167
5066.468183234874,0.026689051311272954,-7.847433361723465,-351.3361842373714,43.863534260244776
5066.9943766880515,0.026666668339218363,-7.833395677395831,-351.32904501954266,43.33739357237537
5067.520570141229,0.026644989074514236,-7.81936958569845,-351.31452411990296,42.81140482215192
5067.673689515064,0.026638844955263783,-7.815290195276332,-351.3089132529681,42.65838839510895
5067.8268088889,0.026632779696822696,-7.811211736678153,-351.30267833624833,42.50539611637622
5068.353002342077,0.026612602093608436,-7.797203098900443,-351.27649798479365,41.979858676124344
5068.879195795254,0.02659351634675453,-7.783204791181604,-351.2429612100913,41.45473933411514
5069.03231516909,0.026588178992553644,-7.779133219289332,-351.23182201120613,41.30202578754414
5069.185434542926,0.026582938875070766,-7.77506245650124,-351.2200612252446,41.14935884489947
5069.711627996103,0.026565686718633755,-7.761079278126319,-351.1749110554173,40.625110342713306
5070.23782144928,0.026549598578033434,-7.747104871474405,-351.1224372915001,40.10154415146982
5070.390940823116,0.026545134471108324,-7.743039956501644,-351.10579410947855,39.9493320827869
5070.544060196951,0.026540766999000338,-7.738975717919771,-351.08853242958884,39.79718890752942
5071.0702536501285,0.026526490819860662,-7.725013945244939,-351.02450299822885,39.27490998097961
5071.596447103306,0.026513335437747,-7.711059389724072,-350.95319010171175,38.75357560211796
5071.74956647714,0.02650971516365633,-7.706999962578169,-350.93107277838385,38.602062125319236
5071.902685850976,0.026506187539169543,-7.7029410831536085,-350.90834066316063,38.45063966263543
5072.428879304153,0.02649476713250267,-7.688996752147386,-350.82554133496984,37.93100582123788
5072.9550727573305,0.02648441113952056,-7.675058150440623,-350.7355059448982,37.41257675072535
5073.108192131166,0.026481593124156926,-7.671003090549028,-350.7079497884207,37.26195746863153
5073.261311505002,0.026478860474171678,-7.666948456681399,-350.67978316323814,37.111451148534755
5073.787504958179,0.026470108123114598,-7.653017797061505,-350.57834209897834,36.59513266302942
5074.313698411356,0.026462283817532788,-7.639091498705703,-350.469719689555,36.08027709942314
5074.466817785192,0.026460169864531025,-7.635039772347465,-350.4367655009297,35.93074606059239
5074.619937159027,0.026458123802845113,-7.6309883664718345,-350.40320579242336,35.78134975192731
5075.146130612205,0.02645157726508394,-7.617068025931235,-350.2832701395642,35.269011470272176
5075.672324065382,0.02644568330436357,-7.603150958445056,-350.1562153622634,34.75839207419508
5075.825443439217,0.026444072294038168,-7.5991017346057,-350.1179095707957,34.610141689248664
5075.978562813053,0.026442501285614362,-7.595052757125809,-350.07900385987097,34.46204760870296
5076.50475626623,0.026437362290111868,-7.581140250485149,-349.94074042773724,33.95434857909658
5077.0309497194075,0.026432505363309246,-7.567230373738919,-349.79542801479744,33.448621982280436
5077.184069093243,0.026431122400685327,-7.563183149521975,-349.7518229833348,33.30184285692819
5077.337188467079,0.02642974490168834,-7.559136140016627,-349.70762432737405,33.15524139081732
5077.863381920256,0.02642499779567445,-7.545230222834077,-349.5512208122188,32.652834159488634
5078.389575373433,0.02642008206276657,-7.531326847912811,-349.387846956788,32.15265011782917
5078.542694747268,0.026418592145840237,-7.5272815332483125,-349.33900140730987,32.007530778164416
5078.6958141211035,0.026417065251393403,-7.523236453677307,-349.2895692758185,31.862610194621976
5079.222007574281,0.026411466641284173,-7.509337408060024,-349.1152358272138,31.36613971394843
5079.748201027458,0.026405142689351402,-7.4954414992297815,-348.9340198564718,30.872139846056434
5079.901320401294,0.02640313223368885,-7.491398510850129,-348.8799993768887,30.728866337701668
5080.054439775129,0.02640103326174762,-7.487355841875402,-348.825400167707,30.585812369815102
5080.580633228306,0.026393061848642405,-7.473465827943201,-348.63337123746356,30.09591443772997
5081.106826681484,0.026383714695350294,-7.459580370469121,-348.43455757539994,29.608730454650882
5081.259946055319,0.026380698563284444,-7.455540739133136,-348.3754352116711,29.467485786101662
5081.413065429155,0.026377536610042815,-7.4515015859634754,-348.3157428514068,29.3264810562458
5081.939258882332,0.02636546851395347,-7.437624983043549,-348.1062793149161,28.843780189099444
5082.465452335509,0.026351326928815984,-7.423755275804951,-347.89013966591597,28.364031536103802
5082.618571709345,0.02634678264954223,-7.419720719756171,-347.82599656397844,28.224994949015052
5082.7716910831805,0.02634203213404946,-7.415686880726479,-347.7612931508565,28.086218219922888
5083.297884536358,0.02632403968723934,-7.401830486719596,-347.5346845088584,27.611324933588712
5083.824077989535,0.026303244276726617,-7.3879842976709975,-347.3015200233414,27.139615850765388
5083.977197363371,0.026296625118765432,-7.383957261946823,-347.2324460478732,27.002961924013764
5084.130316737206,0.026289736935740174,-7.379931265879829,-347.16282246456956,26.86658718475327
5084.656510190383,0.02626391525161585,-7.3661044162144504,-346.919388896169,26.400094716888123
5085.182703643561,0.026234540396341315,-7.3522920885779,-346.6695321293139,25.93701075268807
5085.335823017395,0.026225283432549228,-7.34827577386345,-346.595626413707,25.802908349204284
5085.488942391231,0.026215694303731295,-7.344260907397122,-346.52118286754836,25.66910374494699
5086.015135844408,0.02618011067576537,-7.330475554769078,-346.26127700705354,25.211584248222923
5086.541329297585,0.02614024304989074,-7.316710053118928,-345.9950935537958,24.757688262463258
5086.694448671421,0.02612779792246699,-7.3127084206378585,-345.9164649457948,24.626299332182214
5086.847568045257,0.026114961126929487,-7.308708728698547,-345.8373113993044,24.495225952885466
5087.373761498434,0.026067770268396736,-7.294979405634208,-345.5613196896552,24.04722622956532
5087.899954951611,0.02601562496319985,-7.2812762175893715,-345.27920931732956,23.60305398833012
5088.053074325447,0.02599948520321957,-7.277293948996389,-345.19597666238775,23.474532263756643
5088.206193699282,0.025982900355541672,-7.273314190146133,-345.11223309460604,23.34634283088161
5088.7323871524595,0.025922431909380723,-7.259657824068806,-344.82057650697,22.908379761346612
5089.258580605637,0.025856420271397305,-7.24603473448759,-344.5229735840206,22.474435295524014
5089.411699979472,0.025836139962504407,-7.242077159968067,-344.4352657926963,22.348924931790556
5089.564819353308,0.025815368917982345,-7.238122731897732,-344.3470622403796,22.22376243532416
5090.091012806485,0.025740179141828093,-7.224558371669603,-344.0401962113013,21.796318279657584
5090.617206259662,0.025658962013181807,-7.211035161586137,-343.72756932136724,21.373069184468612
5090.770325633497,0.02563417273366503,-7.207108166945572,-343.63552519514644,21.25070339498727
5090.923445007333,0.025608857227098693,-7.203185010898533,-343.54300155042716,21.128699731998683
5091.44963846051,0.025517797185407313,-7.189733475863301,-343.2214150687354,20.712217483125492
5091.975831913687,0.025420360373818302,-7.1763315337331335,-342.89426575423533,20.30009034526296
5092.128951287523,0.02539079368732018,-7.172441439622797,-342.7980335543102,20.1809900896148
5092.282070661358,0.025360677443996817,-7.168555916318108,-342.7013391037108,20.062264762080304
5092.808264114536,0.025252961288791512,-7.155239345187744,-342.3655528962746,19.65714375860543
5093.334457567713,0.025138666738487594,-7.1419811843472605,-342.02441348803785,19.256519930100804
5093.4875769415485,0.025104164898431792,-7.138134601235819,-341.9241502369042,19.140792719213128
5093.640696315384,0.025069102670063872,-7.134293344335441,-341.823442933343,19.02545165617217
5094.166889768561,0.024944326415950093,-7.121134683991816,-341.4740067395242,18.632043674603178
5094.693083221739,0.024812916883648055,-7.10804342528999,-341.11943729611954,18.243255600448194
5094.846202595574,0.024773432469821267,-7.104247102817472,-341.01530782616743,18.130994475683217
5094.99932196941,0.024733389188633312,-7.100456868280426,-340.91075331114416,18.019129034687552
5095.525515422587,0.024591526650447004,-7.087479357536914,-340.5482423273421,17.63773503602872
5096.051708875764,0.02444312248018697,-7.074578215014227,-340.1808267931935,17.261063291334313
5096.2048282496,0.024398718110949836,-7.070838892624391,-340.07300257793884,17.152346019648245
5096.357947623435,0.02435376879154249,-7.0671064093906315,-339.9647729908587,17.044032208507765
5096.884141076613,0.024195172339854267,-7.054333065367514,-339.58978361856487,16.67489987321106
5097.41033452979,0.024030269490206355,-7.0416448329516275,-339.2101253405547,16.31057103516179
5097.563453903625,0.023981115905492525,-7.037969090789349,-339.09878314966323,16.20545955551959
5097.71657327746,0.023931442837391733,-7.034300912087366,-338.9870557657867,16.100757508824966
5098.242766730637,0.02375682500469063,-7.021754024288452,-338.6002008084736,15.744079672753635
5098.768960183815,0.023576263358319735,-7.009300583047827,-338.20891756399783,15.392265126516255
5098.92207955765,0.023522627747772393,-7.005694702051364,-338.09423798867914,15.290805273044247
5099.075198931486,0.023468508012467554,-7.002097067298828,-337.979193733378,15.189759007131729
5099.601392384663,0.023278893572878538,-6.989797738904925,-337.58109721589284,14.845673063694564
5100.12758583784,0.023083804486361516,-6.977599624749441,-337.178815939752,14.506488781325997
5100.280705211676,0.023026034986437984,-6.9740694661558456,-337.0609818453467,14.408710289459195
5100.4338245855115,0.02296782494350618,-6.970548182793339,-336.9428037421706,14.311347740001654
5100.960018038689,0.022764498891910324,-6.9585159424779075,-336.5340955535382,13.979936007814223
5101.486211491866,0.022556255674274505,-6.94659198468997,-336.1214469649551,13.65344327981926
5101.639330865702,0.022494767520649373,-6.943142889679119,-336.0006419284782,13.559360066490022
5101.792450239537,0.022432889115060403,-6.9397032349337415,-335.8795135382704,13.465693398571634
5102.318643692714,0.02221735011313747,-6.927955715020797,-335.4608240888288,13.146984412308818
5102.844837145892,0.02199752073595853,-6.916322739103248,-335.0384373995553,12.833191479170688
5102.997956519727,0.02193278208019887,-6.9129594470214615,-334.91484418279236,12.74280218000208
5103.151075893563,0.02186770844907216,-6.909606088326271,-334.79094808360117,12.652828352804226
5103.67726934674,0.021641617675626217,-6.8981587685304335,-334.3629031412385,12.346799009203384
5104.203462799917,0.021411911888916745,-6.886831367317558,-333.93140100079194,12.04566351366206
5104.356582173752,0.021344428248947667,-6.883557954344337,-333.8052001028779,11.958952251837209
5104.509701547588,0.021276668177582572,-6.880294890371277,-333.67871645392717,11.872653811580193
5105.035895000765,0.021041796359233363,-6.869160913240283,-333.24193230297016,11.579232272182278
5105.562088453942,0.02080401373825729,-6.85815128994508,-332.8019261156948,11.290664422956793
5105.715207827778,0.020734313131807597,-6.854971128529208,-332.6732944425315,11.207601776148051
5105.868327201613,0.020664396282173897,-6.851801650889145,-332.54439966870126,11.124947842980394
5106.3945206547905,0.02042257352536919,-6.8409917073113276,-332.0994787093914,10.844017071136898
5106.920714107968,0.02017855425289886,-6.830309587181045,-331.65156442950024,10.567883389718697
5107.073833481803,0.020107173059488056,-6.827225325172667,-331.5206741086155,10.488427516834557
5107.226952855639,0.02003563594853587,-6.824151999694495,-331.38953973302324,10.409374927062178
5107.753146308816,0.019788704788969554,-6.813674280746844,-330.937066608675,10.140776724018027
5108.2793397619935,0.01954028533110759,-6.803326886925148,-330.4818210884807,9.876904236324318
5108.432459135829,0.019467756021291624,-6.800340444864271,-330.34883844899076,9.801002123452223
5108.585578509665,0.01939513004063513,-6.7973651107377595,-330.21563009232693,9.725496686380211
5109.111771962842,0.019144906681231977,-6.7872253181946505,-329.75616840044006,9.46903608636175
5109.637965416019,0.01889388424720717,-6.777217401779003,-329.29414633581666,9.217216820431256
5109.791084789855,0.018820725550136228,-6.774329985070793,-329.15923106399487,9.144805606084544
5109.94420416369,0.018747527293227352,-6.771453768535802,-329.0241076201011,9.072783435846485
5110.470397616868,0.01849576899215698,-6.76165517297021,-328.5581972323788,8.828233326564808
5110.996591070045,0.018243868715678895,-6.751989088327684,-328.0899287195117,8.588228986518075
5111.1497104438795,0.018170575808498186,-6.749201212408065,-327.95323319218784,8.519237329103309
5111.302829817715,0.018097297134570707,-6.746424553426504,-327.81634618134314,8.450626214628272
5111.829023270892,0.017845666878961195,-6.736968097842023,-327.3445011725521,8.217732057731675
5112.35521672407,0.01759450621565158,-6.727643924902463,-326.87048986909764,7.989278749328239
5112.508336097905,0.01752154060325735,-6.724955454350844,-326.7321586618103,7.923628200515304
5112.661455471741,0.017448638778856815,-6.722278147223144,-326.59365175816777,7.858348977323364
5113.187648924918,0.017198674503942735,-6.713162597577174,-326.1163589281413,7.636833504058636
5113.713842378095,0.016949737922979335,-6.7041783071132715,-325.6370807970556,7.41964638929824
5113.866961751931,0.016877521227879236,-6.701588506106944,-325.4972503593733,7.357252738442516
5114.020081125766,0.01680541313117425,-6.699009750859184,-325.3572590843436,7.29522062796825
5114.546274578944,0.01655851072760795,-6.6902318786683015,-324.87497703973276,7.084788397850245
5115.072468032121,0.01631313542419693,-6.68158352313069,-324.3908796345225,6.878566176455026
5115.2255874059565,0.016242045394262113,-6.679091112318439,-324.2496781190929,6.819340738462612
5115.378706779792,0.01617110349674096,-6.676609572220876,-324.10832968668524,6.7604666281484995
5115.904900232969,0.015928501498605023,-6.668164357142139,-323.621488430704,6.560808364960493
5116.431093686147,0.01568785893922443,-6.659846282124621,-323.1329906663796,6.365237504309087
5116.584213059982,0.015618223334206828,-6.657449502067865,-322.99053789507644,6.30908832901937
5116.737332433818,0.015548769353482103,-6.655063368005558,-322.8479511924534,6.253279971503829
5117.263525886995,0.015311526170179002,-6.646944226902237,-322.35695216512823,6.064076602431098
5117.789719340172,0.015076600701163857,-6.638949311825734,-321.86444451788316,5.8788352413445475
5117.942838714007,0.015008691863297757,-6.636645995114633,-321.7208520686465,5.825668222486456
5118.0959580878425,0.01494099181070097,-6.634353058471489,-321.57713775551116,5.772831331985877
5118.62215154102,0.014709973213674551,-6.626552100698877,-321.0823542678792,5.593757655872909
5119.148344994197,0.014481555914472624,-6.618872019006634,-320.58619934535983,5.418519113664786
5119.301464368033,0.01441559006042549,-6.616659666417063,-320.4415707422992,5.368238979100762
5119.454583741868,0.014349853846732433,-6.614457395352368,-320.29683145142195,5.318278207600343
5119.980777195045,0.014125733256637548,-6.606965684806596,-319.7986094505887,5.1490061408131105
5120.506970648223,0.013904422480486756,-6.599591165795197,-319.29914286689666,4.983441992292441
5120.660090022058,0.013840559476089748,-6.59746702242008,-319.1535738541133,4.9359531663030625
5120.813209395894,0.013776940451877346,-6.595352638067882,-319.00790447339716,4.8887729510667075
5121.339402849071,0.013560194342403948,-6.588160456267825,-318.5065635713336,4.728974326328496
5121.865596302248,0.013346387348744005,-6.581081551579819,-318.0040950613754,4.572757021750432
5122.018715676084,0.013284727735073895,-6.5790426853023165,-317.85767394206255,4.527964353287504
5122.1718350499195,0.013223319697083869,-6.577013240660194,-317.7111619599848,4.483469629543261
5122.698028503097,0.013014218978735637,-6.570110361243533,-317.2069966662481,4.332818524648726
5123.224221956274,0.012808108552660881,-6.563316722519808,-316.70181138303263,4.185623529737647
5123.37734133011,0.012748694042853162,-6.561360105006304,-316.5546194079687,4.143432879315704
5123.530460703945,0.012689532363577909,-6.559412565795093,-316.40734530665964,4.101529651029064
5124.0566541571225,0.01248815123755934,-6.552788529895212,-315.90062641131084,3.959704227037476
5124.5828476103,0.012289740243319015,-6.5462696779934815,-315.3929863521694,3.821211672233818
5124.735966984134,0.012232558651895915,-6.544392261447698,-315.2450981416648,3.7815303567391267
5124.88908635797,0.012175625349225562,-6.542523582150318,-315.09713582162055,3.7421261258291696
5125.415279811147,0.011981858440784103,-6.53616795365461,-314.588111872909,3.60880998463122
5125.9414732643245,0.011790974397332721,-6.529913525565219,-314.0782573796793,3.4787058441202
5126.09459263816,0.011735963004655743,-6.528112313205378,-313.92974136328945,3.4414429470015273
5126.247712011996,0.011681189730256525,-6.526319507045355,-313.7811585842468,3.4044470088550693
5126.773905465173,0.011494759243801892,-6.520222110484005,-313.2700574102424,3.279330097929054
5127.30009891835,0.01131105967623519,-6.5142220939282725,-312.7582086968894,3.157306924586541
5127.453218292186,0.011258107014427917,-6.512494207771989,-312.6091275582809,3.1223734781624155
5127.606337666021,0.01120537721023494,-6.510774414150887,-312.4599863840243,3.0876970898488008
5128.132531119199,0.011025845107304201,-6.504925563051675,-311.9470166189771,2.970476173489283
5128.658724572376,0.010848838020755862,-6.499170516246109,-311.43337529057635,2.8562334087123715
5128.811843946211,0.010797791560817808,-6.497513258820768,-311.28378640741715,2.823542454787159
5128.964963320047,0.01074694872300756,-6.495863803832652,-311.1341436444804,2.7910988827888694
5129.491156773224,0.010573748931949331,-6.490254497990922,-310.6194962254703,2.6814776105303655
5130.0173502264015,0.010402827843586333,-6.484735729226112,-310.1042467541109,2.574721512462623
5130.170469600237,0.010353504140906229,-6.483146632289271,-309.954202622941,2.5441880565915054
5130.323588974073,0.010304361796626577,-6.481565075951335,-309.8041102432249,2.5138925203543416
5130.84978242725,0.010136831263119818,-6.476187152641927,-309.2879598436816,2.4115811551193445
5131.375975880427,0.009971300119890933,-6.470896856769414,-308.77127097037385,2.3120244130932788
5131.529095254262,0.009923490702463187,-6.469373718722736,-308.62081960814766,2.2835652923287353
5131.682214628097,0.009875837836735676,-6.467857891486024,-308.4703251474957,2.2553348232544335
5132.208408081275,0.00971323287766246,-6.462704145434821,-307.95283152342813,2.1600496923300394
5132.734601534452,0.0095523230517296,-6.457635515064551,-307.43485756671083,2.067410782624979
5132.8877209082875,0.009505800274762314,-6.456176431615122,-307.2840428842922,2.0409444610302305
5133.040840282123,0.009459407765207243,-6.454724464047923,-307.1331898126368,2.014697690653986
5133.5670337353,0.009300931856472025,-6.449788740689976,-306.6144990485415,1.9261604040794276
5134.093227188478,0.00914383763432271,-6.444936042800469,-306.095381108739,1.840162732876123
5134.246346562313,0.009098366249158234,-6.4435394255455565,-305.94424325327844,1.815609039414046
5134.399465936149,0.009052998725536643,-6.442149765178569,-305.793071313325,1.7912659321546687
5134.925659389326,0.008897844302493133,-6.437427004190793,-305.2733169573064,1.7092024293459185
5135.451852842503,0.008743762923599348,-6.432785602130244,-304.75318400630556,1.6295733348448078
5135.604972216339,0.008699110762744235,-6.431450181048069,-304.601759669697,1.606853166457189
5135.758091590174,0.008654536766546195,-6.430121593297111,-304.4503051814799,1.5843347202251719
5136.284285043352,0.008501914337421498,-6.4256078211635375,-303.92960926188846,1.5084742264372397
5136.810478496529,0.008350067100496149,-6.4211741540024425,-303.40857911379493,1.434943918914133
5136.9635978703645,0.008306009899097666,-6.419898969566464,-303.25690180657625,1.4139789301919983
5137.1167172442,0.008262006403012953,-6.418630529077405,-303.10519793756913,1.3932068654356913
5137.642910697377,0.008111160180732038,-6.414322824380418,-302.5836718627146,1.3232808203349153
5138.169104150555,0.007960811914059528,-6.410094362967533,-302.06185203039837,1.2555813109692564
5138.322223524389,0.007917140388380412,-6.408878751334538,-301.90995232308325,1.236293603369693
5138.475342898225,0.007873500481652182,-6.407669826026782,-301.7580293260187,1.2171900530869915
5139.001536351402,0.007723739664028682,-6.403566254430356,-301.2357746750359,1.1529310541598128
5139.527729804579,0.007574234943438145,-6.39954141861741,-300.71326312095425,1.0907951198317964
5139.680849178415,0.007530765768065217,-6.398384983831968,-300.56116885515684,1.0731069459485352
5139.833968552251,0.007487309595826815,-6.39723520549168,-300.4090542758933,1.0555941629605519
5140.360162005428,0.007338043974825244,-6.393334706060067,-299.88616348860364,0.9967349865313252
5140.886355458605,0.00718883681160157,-6.389512733840954,-299.3630492780407,0.939895240240458
5141.039474832441,0.007145419611215093,-6.38841530697566,-299.2107857499281,0.9237287440113799
5141.192594206276,0.00710200062834952,-6.387324529374753,-299.05850460801753,0.9077288462795654
5141.7187876594535,0.006952755883018285,-6.38362676489182,-298.5350615841545,0.8540016139907357
5142.244981112631,0.006803418735230817,-6.3800075563275795,-298.0114254534362,0.8021897391343973
5142.398100486466,0.006759938150727746,-6.378969149339129,-297.8590155736218,0.787466746357576
5142.551219860302,0.00671644526718082,-6.377937401712615,-297.7065905198674,0.7729015136074077
5143.077413313479,0.00656687332117438,-6.374442595840085,-297.18267114365364,0.72403704095762
5143.603606766656,0.0064171136030601395,-6.3710265431485436,-296.6585860004622,0.6769832167092277
5143.756726140491,0.006373495538108007,-6.370047297642683,-296.50605043538906,0.6636250828933223
5143.909845514327,0.006329859806066962,-6.369074732483631,-296.35350189142724,0.650415811578634
5144.436038967504,0.006179764630494977,-6.365783481689531,-295.82917449825794,0.6061431659583812
5144.962232420681,0.006029451573268555,-6.362571267318116,-295.30470586978424,0.5635757187162185
5145.115351794517,0.005985670586791211,-6.361651393107515,-295.1520631689527,0.551503246320256
5145.268471168352,0.0059418722323827085,-6.360738223679169,-294.9994094531412,0.5395706755859305
5145.79466462153,0.0057912292071215605,-6.357651275120933,-294.47473525269896,0.4996169912251245
5146.320858074707,0.005640404269113485,-6.354643641796998,-293.94994169581037,0.46126232050449384
5146.473977448542,0.005596484639540359,-6.353783349191514,-293.79720840903445,0.45039575886361766
5146.627096822378,0.005552553376893465,-6.352929781678332,-293.6444658528721,0.43966008015756103
5147.153290275555,0.00540150564501865,-6.350047801008255,-293.11949932368617,0.4037506655695299
5147.6794837287325,0.005250375846952168,-6.347245322257148,-292.59443281275907,0.3693334658845563
5147.832603102568,0.005206389873510826,-6.346444756023274,-292.4416236021022,0.359592597113871
5147.985722476404,0.005162403523795377,-6.345650923682943,-292.2888066618364,0.34997354963465743
5148.511915929581,0.005011261132300452,-6.3429742695334,-291.76359593309826,0.3178322879432165
5149.038109382758,0.004860203551054462,-6.340377123207455,-291.23830224045224,0.2870760617329915
5149.191228756594,0.004816273741504966,-6.339636296082849,-291.0854299909144,0.2783803712412549
5149.344348130429,0.004772360555750669,-6.3389021924623155,-290.932551358274,0.2697974221522002
5149.870541583607,0.004621608455862747,-6.336430683939028,-290.4071385912087,0.2411474652309704
5150.396735036784,0.004471175022167971,-6.3340384163437164,-289.88165767066795,0.21377533441546653
5150.5498544106185,0.004427474280542434,-6.333357140008494,-289.72873360237696,0.20604426939689557
5150.702973784454,0.004383812480782325,-6.332682549971023,-289.5758043170642,0.19841688234273538
5151.229167237631,0.0042341022575754705,-6.330415231533414,-289.0502260941997,0.17298165049340106
5151.755360690809,0.004085001393592443,-6.3282265293147075,-288.52459247524786,0.1487174726133156
5151.908480064644,0.004041745833314882,-6.327604350089832,-288.37162625920996,0.1418707882053211
5152.06159943848,0.003998555828517174,-6.326988786615995,-288.218655825155,0.13511877873447045
5152.587792891657,0.0038506762249924274,-6.324923720837075,-287.69294355399785,0.11262325055619797
5153.113986344834,0.003703742598846101,-6.322936219453835,-287.1671867522641,0.09119300848633534
5153.26710571867,0.003661183245634004,-6.32237236557711,-287.0141866311579,0.08515118975442446
5153.4202250925055,0.0036187195994573512,-6.3218150182644175,-286.86118313791246,0.07919515487378466
5153.946418545683,0.0034735714302790437,-6.319949117598168,-286.33536347278124,0.059367398555196446
5154.47261199886,0.003329743407166503,-6.318159245622167,-285.8095084188611,0.04050081225682992
5154.625731372696,0.0032881598583670243,-6.317652584102967,-285.65648133308963,0.03518555738967119
5154.778850746531,0.003246704882658325,-6.317152277036525,-285.50345158241635,0.0299473648897333
5155.305044199708,0.0031052776134456134,-6.3154811666290485,-284.97754686339505,0.012520264630522826
5155.831237652886,0.002965569740639313,-6.313884021957161,-284.4516143472787,-0.004047418217039754
5155.984357026721,0.002925261029201552,-6.313433025381106,-284.29856606520843,-0.008712665775879081
5156.137476400557,0.00288511511114732,-6.312988185387217,-284.1455157016827,-0.013309340630561538
5156.663669853734,0.002748448845555352,-6.311506106331254,-283.61954440591524,-0.02859620820466225
5157.189863306911,0.002613907579464402,-6.310095381089098,-283.0935515312922,-0.043122294673291456
5157.342982680746,0.0025751783277441795,-6.309698110304407,-282.9404867818625,-0.04721178212432623
5157.496102054582,0.002536645826905465,-6.309306751743556,-282.78742042560754,-0.05124089036370465
5158.022295507759,0.002405782012733432,-6.308006525597426,-282.2613976240125,-0.06463929844974205
5158.548488960936,0.0022774368131629036,-6.3067744964943095,-281.7353582648167,-0.07737168442961552
5158.701608334772,0.0022405833887251896,-6.306428602628793,-281.5822808701612,-0.08095677793155127
5158.854727708607,0.0022039589662005083,-6.306088331499193,-281.4292022492961,-0.08448932594384534
5159.3809211617845,0.0020798950152560477,-6.304961390011928,-280.90314005989495,-0.09624044574164368
5159.907114614962,0.001958715306274784,-6.303898971328801,-280.3770653095912,-0.10741568913199984
5160.060233988797,0.0019240137117255646,-6.303601715401954,-280.2239783147909,-0.1105643195393324
5160.213353362633,0.0018895703815944003,-6.3033097507983005,-280.0708903946666,-0.11366781818875048
5160.73954681581,0.0017732197887254343,-6.302346223339762,-279.54479842221184,-0.12400035553916755
5161.265740268987,0.001660076657651813,-6.30144307492876,-279.01869702527165,-0.13384186708593063
5161.418859642823,0.0016277716353842097,-6.301191363023458,-278.86560282215686,-0.13661801519957928
5161.571979016659,0.0015957499720030061,-6.300944573973024,-278.71250792830307,-0.13935597079304052
5162.098172469836,0.0014879058350800813,-6.300133426588616,-278.1863936797413,-0.148484464001797
5162.624365923013,0.0013835364131928513,-6.299378111896862,-277.66027243516464,-0.1572008855918504
5162.777485296849,0.0013538312265021096,-6.299168544641526,-277.5071728773008,-0.1596641267728428
5162.930604670684,0.0013244292318560914,-6.2989635011383935,-277.3540728092645,-0.1620955935322486
5163.4567981238615,0.0012257301497471812,-6.298292723660995,-276.8279420757523,-0.1702189387124142
5163.982991577039,0.0011307051880962754,-6.297672914345367,-276.3018062040726,-0.17800277363394967
5164.136110950873,0.0011037526070889255,-6.29750184961674,-276.1487027105912,-0.1802079002209352
5164.289230324709,0.001077116936709343,-6.297334886669734,-275.99559884440004,-0.18238711251470682
5164.815423777886,0.000988019000707284,-6.296791722700322,-275.469456042667,-0.1896873776493091
5165.3416172310635,0.0009027189609654141,-6.296294442267445,-274.9433095101829,-0.19671393070407944
5165.494736604899,0.0008786152214259568,-6.29615806834479,-274.79020315682425,-0.19871066827796285
5165.647855978735,0.0008548355820927785,-6.29602536001404,-274.6370965345252,-0.20068676821097114
5166.174049431912,0.0007755969303484999,-6.2955965671206675,-274.11094500292234,-0.20732834556861085
5166.700242885089,0.0007002024215763305,-6.295208457705645,-273.5847907995345,-0.2137550152164404
5166.853362258925,0.0006789855442245576,-6.295102871693787,-273.4316823960453,-0.21558784334290837
5167.00648163276,0.0006580934513765876,-6.295000509749743,-273.27857380155115,-0.21740471355710797
5167.532675085938,0.000588772894595537,-6.294672630556523,-272.75241604882996,-0.2235338377652443
5168.058868539115,0.0005232667728770806,-6.294380223821068,-272.2262564185795,-0.22949977757927412
5168.2119879129505,0.0005049176367375061,-6.294301510182194,-272.07314657239897,-0.23120785819740253
5168.365107286786,0.0004868876696457312,-6.294225582470164,-271.9200365936649,-0.2329040623009532
5168.891300739963,0.0004273501654505363,-6.2939852122697175,-271.39387450122496,-0.23864869722717563
5169.417494193141,0.0003715249375232068,-6.293775193626459,-270.86771112726785,-0.24427484325385126
5169.570613566976,0.0003559698212766751,-6.2937195002858815,-270.71460029418876,-0.24589205475770387
5169.723732940812,0.00034072237288442593,-6.293666166420661,-270.5614893724801,-0.247500883042255
5170.249926393989,0.00029065020733231065,-6.293500209774006,-270.0353243532729,-0.2529709669293434
5170.776119847166,0.0002441222695659976,-6.293359668298318,-269.5091585012758,-0.2583604164644554
5170.929239221001,0.00023123763969761627,-6.293323277880401,-269.3560470243736,-0.25991548851435536
5171.0823585948365,0.00021864399941462942,-6.293288839726239,-269.202935491976,-0.2614651036103396
5171.608552048014,0.00017755665413110024,-6.293184746221737,-268.6767686110865,-0.2667531308961711
5172.134745501191,0.0001397895443577043,-6.2931013990662334,-268.1506012365709,-0.2719918456285694
5172.287864875027,0.00012940939441480605,-6.2930807918113985,-267.99748937508895,-0.27350858568893127
5172.440984248862,0.00011929929509983457,-6.293061755270403,-267.8443774831773,-0.2750222586446012
5172.967177702039,8.658063280008454e-05,-6.293007722745934,-267.31820954617905,-0.28020416170539114
5173.493371155217,5.691356216595927e-05,-6.292970103703581,-266.7920413721365,-0.28536195270412723
5173.646490529052,4.8837857294737526e-05,-6.292962009483991,-266.63892932219505,-0.28685955095176097
5173.799609902888,4.1007972710852744e-05,-6.292955135223538,-266.48581726073957,-0.2883559740103955
5174.325803356065,1.593569517290561e-05,-6.292940274111971,-265.9596488763162,-0.2934922553116762
5174.851996809242,-6.386695219744311e-06,-6.292937882382389,-265.4334804475857,-0.29862399766317277
5175.005116183078,-1.2383321706764338e-05,-6.292939321043254,-265.2803683565918,-0.3001173947552842
5175.1582355569135,-1.816066282458589e-05,-6.2929416635062685,-265.1272562681697,-0.3016110552035024
5175.684429010091,-3.6384957753419497e-05,-6.29295612069591,-264.6010878913327,-0.30674811556609066
5176.210622463268,-5.218241711231701e-05,-6.2929795288977335,-264.07491961187793,-0.3118951377132491
5176.363741837104,-5.6341867850181165e-05,-6.292987838702196,-263.9218075883771,-0.3133954393511804
5176.516861210939,-6.030988693365552e-05,-6.292996773208541,-263.7686955776064,-0.3148970383408021
5177.043054664116,-7.253053700084353e-05,-6.2930318149037765,-263.24252753921064,-0.3200686458086665
5177.569248117294,-8.265732890598672e-05,-6.293072736137839,-262.71635969765856,-0.3252602379051565
5177.722367491128,-8.52294425480978e-05,-6.293085590336728,-262.56324781811685,-0.3267751599805283
5177.875486864964,-8.76383684605377e-05,-6.2930988283450295,-262.4101359581712,-0.3282920601209644
5178.401680318141,-9.47168297111648e-05,-6.293146882636337,-261.8839684854815,-0.3335209039209204
5178.927873771318,-0.00010003391010034625,-6.29319819815407,-261.35780127326404,-0.33877589029476424
5179.080993145154,-0.00010126858210515566,-6.293213610313315,-261.2046895869665,-0.34031021881779205
5179.23411251899,-0.00010236787295621756,-6.293229203552468,-261.0515779243184,-0.34184690484179847
5179.760305972167,-0.0001051568129596825,-6.293283865695096,-260.52541115629805,-0.34714618144972664
5180.286499425344,-0.0001065072613134688,-6.293339616897245,-259.9992446816453,-0.35247450596583363
5180.43961879918,-0.00010664755773141148,-6.293355936176072,-259.8461332145753,-0.35403055726195903
5180.592738173015,-0.00010667913517570281,-6.293372270879463,-259.6930217728004,-0.35558909543432643
5181.1189316261925,-0.00010600012537039813,-6.293428275768782,-259.16685577271767,-0.360964079000774
5181.64512507937,-0.00010418832944404297,-6.293483625335261,-258.640690072708,-0.36636835802323264
5181.798244453205,-0.00010346471614096722,-6.293499523156753,-258.48757883098176,-0.36794642649960696
5181.951363827041,-0.00010265732465064868,-6.2935153058597555,-258.3344676141645,-0.3695269102914727
5182.477557280218,-9.928246149729966e-05,-6.293568472841048,-257.8083023811499,-0.3749764662818499
5183.0037507333955,-9.505731215463223e-05,-6.293619640283925,-257.28213743312085,-0.3804534708382855
5183.156870107231,-9.368306320476798e-05,-6.293634089961311,-257.1290264062937,-0.3820522536741898
5183.309989481067,-9.224781302867428e-05,-6.293648326434919,-256.9759154023308,-0.3836532252966795
5183.836182934244,-8.688543204175314e-05,-6.29369548191438,-256.44975088272537,-0.38917123343719795
5184.362376387421,-8.092762616669893e-05,-6.293739659089727,-255.92358661563165,-0.3947132695734217
5184.515495761256,-7.909542606518311e-05,-6.293751910027255,-255.77047578000966,-0.3963302598597147
5184.668615135091,-7.722252783172521e-05,-6.293763878968387,-255.61736496392137,-0.3979490994294729
5185.194808588269,-7.050698585703534e-05,-6.293802762392721,-255.0912010626667,-0.4035257595804954
5185.721002041446,-6.342033642913184e-05,-6.293838014505672,-254.56503736846403,-0.40912192344969056
5185.8741214152815,-6.13000332268648e-05,-6.2938475625725445,-254.41192669041018,-0.41075376549823
5186.027240789117,-5.9156675752658495e-05,-6.293856785642588,-254.2588160276424,-0.41238704179945
5186.553434242294,-5.1641994623853645e-05,-6.293885944251789,-253.7326526195772,-0.41801004386342705
5187.079627695472,-4.3948480874837474e-05,-6.293911101634696,-253.20648936439616,-0.4236473354692914
5187.232747069307,-4.1685901653823576e-05,-6.293917657220535,-253.0533788035509,-0.42529013813176925
5187.385866443143,-3.9415179564628074e-05,-6.293923866926802,-252.90026825317864,-0.4269339170436151
5187.91205989632,-3.15721939266628e-05,-6.293942544299474,-252.3741051938977,-0.4325894631217259
5188.438253349497,-2.3710346621055153e-05,-6.293957089782002,-251.84794222862377,-0.43825374951875007
5188.591372723333,-2.14270500867647e-05,-6.293960544894832,-251.69483174092267,-0.439903355309871
5188.744492097168,-1.9147813520248397e-05,-6.29396365165674,-251.54172125863715,-0.4415534639008848
5189.270685550346,-1.1364371175221598e-05,-6.293971674506736,-251.0155583945044,-0.44722713736711
5189.796879003523,-3.6905293165515338e-06,-6.293975630595851,-250.48939556435892,-0.4529039622697349
5189.9499983773585,-1.4843597409397015e-06,-6.293976026183832,-250.3362851047313,-0.4545561718183482
5190.103117751194,7.081501226259988e-07,-6.293976085744323,-250.18317464549716,-0.45620841781064003
5190.629311204371,8.124406423711199e-06,-6.293973752797344,-249.65701182243984,-0.4618858996046422
5191.155504657549,1.533244422894038e-05,-6.293967572246452,-249.13084897522234,-0.46756114165552476
5191.308624031383,1.73861417619354e-05,-6.293965066737664,-248.97773849988113,-0.46921189448573647
5191.461743405219,1.9419012036499793e-05,-6.293962248892616,-248.82462802017548,-0.4708622422414795
5191.987936858396,2.623577118754134e-05,-6.293950225020172,-248.29846509098456,-0.47652987944327196
5192.514130311573,3.277320126184808e-05,-6.293934687704251,-247.77230208374849,-0.4821902658066336
5192.667249685409,3.4619852151922595e-05,-6.293929527563548,-247.61919155201255,-0.483835779670089
5192.8203690592445,3.644072108434912e-05,-6.293924086985609,-247.46608101159353,-0.4854804850420493
5193.346562512422,4.249455358957286e-05,-6.293903305089433,-246.93991784158254,-0.4911257206464949
5193.872755965599,4.822263979396657e-05,-6.29387942340901,-246.41375454564644,-0.49675920608488006
5194.025875339435,4.9826344525839715e-05,-6.293871916308231,-246.2606439212772,-0.49839607801279984
5194.17899471327,5.140127298058197e-05,-6.293864166039151,-246.10753328446634,-0.500031785317192
5194.705188166447,5.65900869333882e-05,-6.29383573849255,-245.5813697554674,-0.5056434610408147
5195.231381619625,6.142830794510328e-05,-6.293804672865869,-245.0552060597866,-0.5112394851928086
5195.38450099346,6.276950777245137e-05,-6.293795163876729,-244.9020953118543,-0.5128647581161144
5195.537620367296,6.408062524714512e-05,-6.293785451878053,-244.74898454835218,-0.5144885631374856
5196.063813820473,6.835544699313332e-05,-6.2937505927201425,-244.22282056113974,-0.5200571091185175
5196.59000727365,7.227311893704208e-05,-6.293713578143955,-243.6966563741644,-0.5256067464105619
5196.743126647486,7.33461365436828e-05,-6.293702429199754,-243.54354547748676,-0.5272179456392739
5196.8962460213215,7.438917450236317e-05,-6.29369111819063,-243.39043456276715,-0.5288274289950629
5197.422439474499,7.774563627126327e-05,-6.293651076729036,-242.86427003808373,-0.5343449554989339
5197.948632927676,8.075338489843777e-05,-6.293609360864517,-242.33810528830264,-0.5398409730957611
5198.101752301511,8.1563947429301e-05,-6.29359693358677,-242.1849942235177,-0.541436117180187
5198.254871675346,8.234576629124678e-05,-6.293584384248681,-242.03188313886344,-0.5430293525811026
5198.781065128524,8.481565429716954e-05,-6.293540390222527,-241.50571801727594,-0.5484896593672922
5199.307258581701,8.695706414032574e-05,-6.293495182978999,-240.9795526526879,-0.5539264988495102
5199.460377955536,8.751989756042708e-05,-6.29348182482932,-240.82644140603318,-0.5555040893811107
5199.613497329372,8.805609333437968e-05,-6.293468382324753,-240.67333013828755,-0.5570796313384063
5200.139690782549,8.969922849852611e-05,-6.2934216023505005,-240.14716437912793,-0.5624781502461764
5200.6658842357265,9.104290845657184e-05,-6.293374036554961,-239.62099836589636,-0.5678518483910939
5200.819003609562,9.137946742645725e-05,-6.29336007016953,-239.46788692876913,-0.569410843173154
5200.972122983398,9.16921200936168e-05,-6.293346053822105,-239.31477546987546,-0.5709676985605824
5201.498316436575,9.258877054742086e-05,-6.29329755852907,-238.78860904951958,-0.5763013842684238
5202.024509889752,9.322101777342476e-05,-6.293248660988054,-238.26244237005932,-0.5816094475504909
5202.177629263588,9.33574016220508e-05,-6.2932343764753025,-238.10933073842912,-0.583149221320736
5202.330748637423,9.347301492835898e-05,-6.293220072384363,-237.95621908483056,-0.584686808939296
5202.856942090601,9.371700657131275e-05,-6.293170813402439,-237.4300519945498,-0.5899539918762577
5203.383135543778,9.373522526466235e-05,-6.2931214854338275,-236.90388464527098,-0.5951952382023782
5203.5362549176125,9.370032327123434e-05,-6.293107135351758,-236.7507728190068,-0.5967155347470436
5203.689374291448,9.36479975446657e-05,-6.293092791651338,-236.59766097096755,-0.5982336366883145
5204.215567744625,9.334064929069955e-05,-6.293043587408526,-236.07149321455995,-0.6034338507927379
5204.741761197803,9.284762205616615e-05,-6.292994593741882,-235.54532520345947,-0.6086082306040748
5204.894880571638,9.267151034255261e-05,-6.2929803904255674,-235.39221318562477,-0.6101091096832876
5205.047999945474,9.248136818509808e-05,-6.2929662148551095,-235.2391011465246,-0.611607817860785
5205.574193398651,9.172630239849208e-05,-6.292917744022586,-234.712932737891,-0.6167416143726475
5206.100386851828,9.082534235800913e-05,-6.292869708885031,-234.18676408214506,-0.6218500216822335
5206.253506225664,9.053793736463654e-05,-6.29285582377788,-234.0336518783031,-0.6233318037248794
5206.406625599499,9.023980600855227e-05,-6.292841983217465,-233.88053965394545,-0.6248114644786498
5206.932819052677,8.913864105818093e-05,-6.292794784606085,-233.3543706147415,-0.6298802213433045
5207.459012505854,8.792962666774694e-05,-6.292748193795322,-232.828201338413,-0.6349243036573784
5207.6121318796895,8.755959568495417e-05,-6.292734758435311,-232.67508895597211,-0.6363875147107609
5207.765251253525,8.718194645099888e-05,-6.292721380056549,-232.5219765539351,-0.6378486739171829
5208.291444706702,8.583087268769721e-05,-6.292675857765011,-231.99580691139099,-0.6428544087503982
5208.81763815988,8.440716019613136e-05,-6.2926310655106485,-231.46963704333206,-0.6478363831924097
5208.970757533715,8.398108514333321e-05,-6.292618173823331,-231.3165244909516,-0.6492817021380284
5209.123876907551,8.355022466892411e-05,-6.292605347508494,-231.16341192000226,-0.650725052783035
5209.650070360728,8.20374311260492e-05,-6.292561780138399,-230.63724170497017,-0.6556702457223134
5210.176263813905,8.04835904615777e-05,-6.292519019589721,-230.11107127696783,-0.6605927270672604
5210.32938318774,8.002536523943748e-05,-6.292506731155824,-229.95795856403808,-0.6620209366493788
5210.4825025615755,7.956485753819391e-05,-6.292494512856089,-229.80484583362028,-0.6634472703612924
5211.008696014753,7.796872916405674e-05,-6.292453065689397,-229.27867507888325,-0.668334701566057
5211.53488946793,7.635901553515452e-05,-6.292412461969237,-228.75250412407377,-0.6732005463782424
5211.688008841766,7.588945099740086e-05,-6.292400805967183,-228.59939126027413,-0.6746124891617694
5211.841128215601,7.541974439364448e-05,-6.292389221704164,-228.4462783800764,-0.6760226527746866
5212.3673216687785,7.380774437074939e-05,-6.292349960856199,-227.92010711893033,-0.6808552579165951
5212.893515121956,7.220522774590212e-05,-6.292311545737035,-227.3939356704865,-0.685667427624126
5213.046634495791,7.17418434075109e-05,-6.292300525293212,-227.24082266542345,-0.6870639676141245
5213.199753869627,7.12800819735421e-05,-6.292289575539855,-227.08770964502523,-0.6884588254535018
5213.725947322804,6.970824999795753e-05,-6.292252483203833,-226.5615379101307,-0.6932395712700948
5214.252140775981,6.816452794339455e-05,-6.292216210559873,-226.03536600021505,-0.6980010157941263
5214.405260149817,6.772150645677342e-05,-6.2922058072678855,-225.88225286313593,-0.6993830061051287
5214.558379523653,6.728150081795285e-05,-6.292195471473766,-225.72913971172989,-0.7007634083475546
5215.08457297683,6.57944714482472e-05,-6.292160461481005,-225.20296753421937,-0.7054951892005523
5215.610766430007,6.43498582682548e-05,-6.292126222793797,-224.6767951931846,-0.7102087516863963
5215.763885803843,6.393813008924298e-05,-6.292116401203373,-224.52368193276214,-0.7115770083507189
5215.917005177678,6.35304547841645e-05,-6.292106642269936,-224.37056865894607,-0.7129437655169547
5216.4431986308555,6.216188298196856e-05,-6.292073575336242,-223.84439606776533,-0.7176293209392062
5216.969392084033,6.084596694592275e-05,-6.292041214682506,-223.31822332357953,-0.7222976632573841
5217.122511457867,6.047339548494427e-05,-6.292031926602367,-223.16510994775984,-0.7236529450209036
5217.275630831703,6.0105584115661846e-05,-6.292022695156898,-223.0119965593913,-0.7250068084270702
5217.80182428488,5.887888913465464e-05,-6.291991393326828,-222.48582358084897,-0.7296486608866101
5218.3280177380575,5.7711382013421585e-05,-6.29196072140349,-221.95965045871912,-0.7342742088867437
5218.481137111893,5.738302921732186e-05,-6.291951909895837,-221.80653697462535,-0.7356172026533054
5218.634256485729,5.7059847708938876e-05,-6.2919431482449335,-221.653423478731,-0.7369588504628578
5219.160449938906,5.598920629971589e-05,-6.291913408147049,-221.12725013623003,-0.7415592619812013
5219.686643392083,5.4981009600351304e-05,-6.291884214984662,-220.60107665839587,-0.7461441689423042
5219.839762765919,5.469945789854052e-05,-6.291875817957417,-220.44796307227924,-0.7474754803803619
5219.992882139754,5.44232310991486e-05,-6.291867463629833,-220.2948494750113,-0.7488055087564096
5220.519075592932,5.35147302229267e-05,-6.291839068263498,-219.76867578893402,-0.7533664545620918
5221.045269046109,5.2669125485190605e-05,-6.291811134396604,-219.2425019746057,-0.7579125808858462
5221.198388419944,5.243482944478917e-05,-6.291803087735307,-219.08938829183685,-0.7592327296072748
5221.35150779378,5.220579479234727e-05,-6.291795076560011,-218.9362745984679,-0.7605516483665467
5221.877701246957,5.1458658945576206e-05,-6.291767805457545,-218.41010058618843,-0.765074805469705
5222.4038947001345,5.077254945804187e-05,-6.29174091143723,-217.8839264516012,-0.769583712431232
5222.55701407397,5.058419904509109e-05,-6.291733151650028,-217.73081267669352,-0.7708931310960823
5222.710133447806,5.040087056014713e-05,-6.291725420345645,-217.577698891643,-0.7722013632143379
5223.236326900983,4.980871670164578e-05,-6.291699058044751,-217.05152456764165,-0.7766881116438631
5223.76252035416,4.927388359201403e-05,-6.291672992250433,-216.52535012620376,-0.7811610669130817
5223.915639727995,4.912876893964976e-05,-6.291665458617094,-216.37223626286195,-0.7824601035911322
5224.06875910183,4.898830122457353e-05,-6.291657946885256,-216.21912238974747,-0.7837579878895949
5224.594952555008,4.85403809228601e-05,-6.291632289699132,-215.69294776580347,-0.7882094222825476
5225.121146008185,4.814470515433404e-05,-6.291606854460367,-215.16677302831272,-0.7926474149053316
5225.2742653820205,4.803906712804934e-05,-6.29159949069343,-215.01365907950026,-0.7939363380236812
5225.427384755856,4.793760336985121e-05,-6.291592142826587,-214.86054512120666,-0.7952241343671953
5225.953578209033,4.7619975949423814e-05,-6.291567003967166,-214.33437020664806,-0.7996410836266964
5226.479771662211,4.734857248433389e-05,-6.291542020079837,-213.80819518155906,-0.8040448462188238
5226.632891036046,4.72779246963607e-05,-6.291534775527716,-213.6550811495783,-0.8053238514507541
5226.786010409882,4.7210915056903755e-05,-6.291527541563247,-213.50196710833907,-0.8066017478175196
5227.312203863059,4.700751384878714e-05,-6.291502754741332,-212.9757919103303,-0.8109848006798768
5227.838397316236,4.684375533516336e-05,-6.291478064517932,-212.4496166040516,-0.8153548367438398
5227.991516690072,4.6803174158701585e-05,-6.291470894952467,-212.29650249063235,-0.8166240552450084
5228.1446360639075,4.676566223853163e-05,-6.291463731416112,-212.14338836811817,-0.8178921760804272
5228.670829517085,4.66592517072024e-05,-6.2914391530670795,-211.61721289196828,-0.8222417106230802
5229.197022970262,4.65856809765262e-05,-6.2914146220705245,-211.09103730917522,-0.8265783250977758
5229.350142344098,4.657006225679157e-05,-6.291407490102481,-210.93792311556552,-0.827837832554556
5229.503261717933,4.655693761564477e-05,-6.29140036038492,-210.78480891297616,-0.8290962478807146
5230.02945517111,4.652994783494202e-05,-6.2913758706745435,-210.2586331624538,-0.8334124632065861
5230.555648624288,4.652905808502919e-05,-6.291351388299176,-209.73245730640198,-0.8377157945691799
5230.708767998122,4.6533333464408975e-05,-6.291344263471614,-209.57934303345942,-0.8389656205864857
5230.861887371958,4.653954307839009e-05,-6.291337137889108,-209.42622875161385,-0.8402143554023384
5231.388080825135,4.6574758103836134e-05,-6.2913126406829125,-208.9000527292562,-0.8444973039641757
5231.914274278312,4.662962311678648e-05,-6.29128811977695,-208.37387660208546,-0.8487673564470878
5232.067393652148,4.664893272243708e-05,-6.291280978394591,-208.22076225036437,-0.8500074938769895
5232.220513025984,4.6669649087146055e-05,-6.291273833992198,-208.067647889788,-0.851246537459387
5232.746706479161,4.6750751436574536e-05,-6.2912492559899444,-207.54147159719366,-0.8554961567532265
5233.272899932338,4.6845521413353774e-05,-6.2912246317162515,-207.0152952002131,-0.8597328315102074
5233.426019306174,4.687534952962988e-05,-6.291217456466225,-206.86218077004574,-0.8609632454013648
5233.579138680009,4.690610246018409e-05,-6.291210276618057,-206.70906633105045,-0.8621925601953307
5234.1053321331865,4.7018096893344296e-05,-6.291185565831958,-206.18288976914965,-0.8664087028139068
5234.631525586364,4.7138376370482315e-05,-6.291160793935348,-205.656713103097,-0.8706118271172609
5234.784644960199,4.717465266368835e-05,-6.291153573346833,-205.5035985946669,-0.8718324630344112
5234.937764334035,4.72114265177861e-05,-6.2911463472005,-205.35048407742363,-0.8730519928892073
5235.463957787212,4.7340943016901855e-05,-6.291121470938827,-204.82430724671943,-0.8772344541534169
5235.990151240389,4.7474045413457676e-05,-6.291096525582978,-204.2981303119901,-0.8814038079259231
5236.143270614225,4.7513209865848757e-05,-6.291089253373855,-204.14501572539655,-0.8826145994529166
5236.296389988061,4.755250447580318e-05,-6.291081975187445,-203.9919011299986,-0.8838242770247605
5236.822583441238,4.768797768777033e-05,-6.291056917711314,-203.46572403077613,-0.8879728196346488
5237.348776894415,4.782306237246851e-05,-6.291031789052282,-202.93954682761978,-0.8921081588457191
5237.50189626825,4.786209796424359e-05,-6.291024463410597,-202.78643216293239,-0.8933090341516837
5237.655015642085,4.790095837270875e-05,-6.291017131829283,-202.63331748944898,-0.8945087873598857
5238.181209095263,4.8032709487434125e-05,-6.290991891836298,-202.107140121951,-0.8986231627296264
5238.70740254844,4.816083450038086e-05,-6.29096658347075,-201.58096265063378,-0.9027242393969397
5238.860521922275,4.819727750766022e-05,-6.290959206307721,-201.42784790793735,-0.9039151268035228
5239.013641296111,4.823330194286834e-05,-6.290951823615331,-201.27473315645713,-0.9051048842835308
5239.539834749288,4.83535487302063e-05,-6.290926411661767,-200.74855552102596,-0.909184850405062
5240.0660282024655,4.846765349935352e-05,-6.290900938051069,-200.2223777819595,-0.9132514291023316
5240.219147576301,4.8499583255767764e-05,-6.290893514253918,-200.0692629613889,-0.914432261632831
5240.372266950137,4.8530910550224675e-05,-6.29088608562752,-199.9161481320544,-0.9156119571713682
5240.898460403314,4.863370571152705e-05,-6.290860521585174,-199.3899702292406,-0.9196572929883992
5241.424653856491,4.872852198368647e-05,-6.2908349055519,-198.86379222307892,-0.9236891638916774
5241.577773230327,4.8754530018714696e-05,-6.290827442264878,-198.7106773248456,-0.9248598828210454
5241.730892604162,4.877980673186979e-05,-6.290819975060607,-198.55756241787785,-0.9260294587966212
5242.25708605734,4.886091125268889e-05,-6.2907942857040835,-198.0313842485195,-0.9300399752020905
5242.783279510517,4.893281972520285e-05,-6.290768556090339,-197.5052059762267,-0.9340369638364111
5242.9363988843525,4.8951965739487795e-05,-6.290761062047914,-197.35209100063585,-0.9351975212978871
5243.089518258188,4.8970301282575555e-05,-6.290753565140904,-197.19897601635142,-0.9363569311859681
5243.615711711365,4.902702520301375e-05,-6.290727781932741,-196.6727975816245,-0.9403324788711038
5244.141905164543,4.907388918363067e-05,-6.290701971470934,-196.14661904451606,-0.9442944528166634
5244.295024538377,4.90856514335042e-05,-6.290694456394824,-195.99350399197718,-0.9454448135450266
5244.448143912213,4.909656781418053e-05,-6.290686939583893,-195.8403889307976,-0.9465940235696314
5244.97433736539,4.912759251495704e-05,-6.290661096688348,-195.31421023224345,-0.9505344980164624
5245.500530818567,4.914857163610721e-05,-6.290635240110763,-194.78803143200486,-0.9544613708812341
5245.653650192403,4.915279096369927e-05,-6.290627714178466,-194.6349163030354,-0.9556015131844656
5245.8067695662385,4.915616604038159e-05,-6.2906201876632535,-194.48180116549037,-0.9567405032091947
5246.332963019416,4.9161342829978076e-05,-6.290594320217203,-193.955622205022,-0.9606458471556025
5246.859156472593,4.915668365972458e-05,-6.2905684526349654,-193.42944314370797,-0.9645375801590031
5247.012275846429,4.915350142984019e-05,-6.290560926028953,-193.27632793893233,-0.9656674962217264
5247.165395220264,4.9149506588062934e-05,-6.2905533999685765,-193.12321272565788,-0.9667962599849235
5247.691588673441,4.912964258737288e-05,-6.290527542637864,-192.59703350554952,-0.9706664637324308
5248.217782126619,4.910046775011192e-05,-6.290501698209105,-192.07085418556855,-0.9745230652829083
5248.370901500454,4.909026568395402e-05,-6.2904941807500245,-191.9177389057122,-0.975642760914751
5248.52402087429,4.907930622245296e-05,-6.290486664905427,-191.76462361744476,-0.9767613057223559
5249.050214327467,4.90359642024686e-05,-6.29046085072432,-191.23844414030864,-0.9805964056771576
5249.576407780644,4.89840785550047e-05,-6.290435061597295,-190.7122645643955,-0.9844179293298392
5249.72952715448,4.896742334185058e-05,-6.290427562455413,-190.55914921027644,-0.985527423269363
5249.8826465283155,4.895008343512082e-05,-6.290420065909282,-190.40603384784376,-0.9866357692552674
5250.408839981493,4.888539459184935e-05,-6.290394325381756,-189.87985411659716,-0.9904358450724208
5250.93503343467,4.8813099854663446e-05,-6.290368620894158,-189.3536742877768,-0.9942223862262036
5251.088152808505,4.879068935199068e-05,-6.290361148374638,-189.20055886029482,-0.9953217091031937
5251.24127218234,4.8767678352566335e-05,-6.2903536793248955,-189.04744342460495,-0.9964198881592508
5251.7674656355175,4.868415856403313e-05,-6.290328039777719,-188.5212634424308,-1.0001850588373682
5252.293659088695,4.859407340898892e-05,-6.290302445905429,-187.9950833639776,-1.0039367505143821
5252.44677846253,4.856668549855719e-05,-6.2902950073056045,-187.84196786410158,-1.0050259435697029
5252.599897836366,4.85387875556677e-05,-6.290287572930409,-187.6888523561307,-1.0061139980442393
5253.126091289543,4.8439171656665975e-05,-6.290262058106617,-187.1626721264343,-1.0098444173073449
5253.65228474272,4.8334078499430834e-05,-6.290236597141101,-186.63649180182787,-1.013561425342978
5253.805404116556,4.8302529051052356e-05,-6.290229198671417,-186.48337623058347,-1.0146405389991988
5253.958523490392,4.827056209444051e-05,-6.290221805056473,-186.3302606513626,-1.0157185202559114
5254.484716943569,4.815767043643217e-05,-6.290196434911776,-185.80408017772757,-1.0194143715258872
5255.010910396746,4.804039172706623e-05,-6.290171125324143,-185.27789961060864,-1.0230968894518995
5255.164029770582,4.800550006954927e-05,-6.290163772080569,-185.12478396906508,-1.0241659818126352
5255.317149144417,4.797028184856585e-05,-6.290156424196815,-184.9716683196676,-1.0252339487260396
5255.8433425975945,4.784690670742316e-05,-6.290131214861871,-184.4454876058119,-1.0288954399341774
5256.369536050772,4.772019545581556e-05,-6.290106071323833,-183.9193067999392,-1.032543683785833
5256.5226554246065,4.768275316118882e-05,-6.290098767304676,-183.7661910891969,-1.0336028191282485
5256.675774798442,4.764507041428753e-05,-6.290091469029824,-183.61307537072616,-1.0346608365790557
5257.201968251619,4.751387375885373e-05,-6.290066432919739,-183.0868944204605,-1.0382881950279963
5257.728161704797,4.738031972197224e-05,-6.290041466464689,-182.5607133796702,-1.041902398277187
5257.881281078632,4.734106538743912e-05,-6.2900342146265205,-182.40759760084956,-1.0429516455948267
5258.034400452468,4.7301649668363336e-05,-6.290026968804744,-182.25448181442744,-1.043999783021519
5258.560593905645,4.7165088834508034e-05,-6.290002114850572,-181.72830063161723,-1.0475932504831804
5259.086787358822,4.702705698151626e-05,-6.289977333140832,-181.2021193597865,-1.0511736592675645
5259.239906732658,4.698666058301613e-05,-6.289970135482005,-181.0490035140172,-1.052213090909405
5259.393026106493,4.6946173455503874e-05,-6.289962944009817,-180.89588766077384,-1.053251420960156
5259.919219559671,4.680645590506599e-05,-6.28993827796964,-180.36970624930487,-1.056811249146746
5260.445413012848,4.6666047666018326e-05,-6.289913685629634,-179.84352475031932,-1.0603581179102537
5260.5985323866835,4.662510007943284e-05,-6.289906543290889,-179.69040883873146,-1.0613878083456163
5260.751651760519,4.658412293163448e-05,-6.289899407219368,-179.53729291979644,-1.0624164056586922
5261.277845213696,4.644317231262649e-05,-6.289874932041279,-179.0111112835457,-1.065942852153299
5261.804038666874,4.630219366826029e-05,-6.289850531037851,-178.484929561272,-1.069456439772274
5261.957158040709,4.626119783688975e-05,-6.289843444416098,-178.33181358498823,-1.0704764645015943
5262.110277414545,4.622022341712934e-05,-6.289836364065943,-178.1786976014831,-1.071495404633588
5262.636470867722,4.607965464492763e-05,-6.289812080292693,-177.65251574429385,-1.0749887293435247
5263.162664320899,4.593959965578944e-05,-6.289787870350631,-177.1263338025567,-1.0784692957958453
5263.315783694734,4.5898967758071345e-05,-6.289780839221262,-176.97321776268612,-1.0794797304227604
5263.4689030685695,4.5858398192872955e-05,-6.289773814305492,-176.82010171571807,-1.0804890889393493
5263.995096521747,4.571951715228463e-05,-6.289749720496949,-176.2939196413803,-1.0839495511152213
5264.521289974924,4.558157590816436e-05,-6.289725699519439,-175.7677374839447,-1.0873973547211286
5264.67440934876,4.554163287394463e-05,-6.289718723157685,-175.61462138157788,-1.0883982741910736
5264.827528722595,4.5501783568989875e-05,-6.289711752902467,-175.46150527223514,-1.0893981259241172
5265.353722175772,4.536560231571425e-05,-6.289687846045759,-174.93532298447025,-1.0928259817468777
5265.87991562895,4.523067694970182e-05,-6.2896640105163115,-174.40914061502784,-1.096241276969679
5266.033035002785,4.519166490292248e-05,-6.289657087812593,-174.25602445123326,-1.0972327549694154
5266.186154376621,4.515276887607657e-05,-6.28965017107192,-174.1029082805817,-1.098223173434086
5266.712347829798,4.502001922549828e-05,-6.2896264469709005,-173.5767257830315,-1.1016186741449283
5267.238541282975,4.4888737221593174e-05,-6.2896027923357405,-173.05054320519122,-1.105001709923954
5267.391660656811,4.485081962586267e-05,-6.289595921905634,-172.89742698101279,-1.1059838184340784
5267.5447800306465,4.48130319604185e-05,-6.289589057270611,-172.74431075009332,-1.106964875398127
5268.070973483824,4.4684184456761064e-05,-6.289565510915528,-172.21812804631307,-1.110328265944872
5268.597166937001,4.455692401436794e-05,-6.289542031941601,-171.6919452635956,-1.113679284533308
5268.750286310837,4.452019438976661e-05,-6.289535212227343,-171.53882898005116,-1.1146520935251492
5268.903405684672,4.448360141872204e-05,-6.289528398126332,-171.3857126898788,-1.1156238587211926
5269.429599137849,4.4358900052543114e-05,-6.2895050240264405,-170.8595297833336,-1.1189553768842389
5269.955792591027,4.423582755242521e-05,-6.289481715115038,-170.33334679916868,-1.1222746131450958
5270.108911964861,4.420032049208795e-05,-6.289474944473012,-170.18023045724962,-1.1232381904063453
5270.262031338697,4.4164950757426394e-05,-6.2894681792574785,-170.02711410881275,-1.1242007313707763
5270.788224791874,4.404444889874595e-05,-6.2894449717235155,-169.5009310028766,-1.1275006073070577
5271.3144182450515,4.392555113600115e-05,-6.289421827174805,-168.9747478206033,-1.1307882884010414
5271.467537618887,4.3891250798629996e-05,-6.289415103949433,-168.82163142127484,-1.131742699470606
5271.620656992723,4.3857083219011994e-05,-6.289408385966542,-168.6685150155357,-1.1326960814896747
5272.1468504459,4.374066975425783e-05,-6.289385339351275,-168.1423317134931,-1.1359645376303018
5272.673043899077,4.362577955545435e-05,-6.28936235359124,-167.6161483363621,-1.139220883036447
5272.826163272913,4.35926274864701e-05,-6.289355676178498,-167.46303188056388,-1.1401661912325267
5272.979282646748,4.355959946303001e-05,-6.28934900383339,-167.30991541845927,-1.1411104773800358
5273.5054760999255,4.3447029649835476e-05,-6.289326112735516,-166.7837319235086,-1.1443477286306316
5274.031669553103,4.333586085649165e-05,-6.289303280502532,-166.25754835468612,-1.1475729504493677
5274.184788926938,4.330376684628533e-05,-6.289296647400676,-166.1044318433335,-1.1485092169756355
5274.337908300774,4.327178526353552e-05,-6.289290019205551,-165.9513153257763,-1.1494444682267462
5274.864101753951,4.3162718952731866e-05,-6.289267278625268,-165.42513164103457,-1.1526507224131557
5275.3902952071285,4.305490326096707e-05,-6.2892445951059255,-164.89894788360752,-1.1558450258886819
5275.543414580964,4.302375542424312e-05,-6.289238004951421,-164.74583131759334,-1.1567723099992022
5275.6965339548,4.2992706382221384e-05,-6.289231419559959,-164.59271474547387,-1.157698585400773
5276.222727407977,4.2886737709023435e-05,-6.289208825006693,-164.06653087398226,-1.1608740438922864
5276.748920861154,4.278184892160026e-05,-6.28918628592933,-163.54034693096435,-1.1640376280887437
5276.902040234989,4.275151980342833e-05,-6.289179737521799,-163.38723031116047,-1.164955987293609
5277.055159608824,4.272127445674184e-05,-6.289173193753183,-163.2341136853483,-1.1658733441736018
5277.581353062002,4.261795120909075e-05,-6.289150741321631,-162.70792963007872,-1.1690182026293472
5278.107546515179,4.251552574793744e-05,-6.2891283430218845,-162.18174550441648,-1.1721512612144653
5278.2606658890145,4.248587892558276e-05,-6.289121835341133,-162.02862883167577,-1.173060751514039
5278.41378526285,4.245630036784153e-05,-6.289115332196016,-161.87551215302182,-1.1739692457182727
5278.939978716027,4.235514999853174e-05,-6.289093018612426,-161.349327916883,-1.177083694917813
5279.466172169205,4.225471513126769e-05,-6.289070758065246,-160.82314361146263,-1.1801864170141063
5279.61929154304,4.2225613574890247e-05,-6.2890642902777305,-160.67002688662078,-1.1810870931495077
5279.772410916876,4.219656512603316e-05,-6.289057826943472,-160.51691015595887,-1.1819867792930487
5280.298604370053,4.209712173585303e-05,-6.289035649574078,-159.99072574180303,-1.1850710060043297
5280.82479782323,4.199821855717819e-05,-6.289013524389011,-159.46454125945638,-1.1881435770580233
5280.977917197066,4.19695302493246e-05,-6.289007095844298,-159.31142448333384,-1.1890354927631719
5281.131036570901,4.194088058972283e-05,-6.289000671690598,-159.15830770148276,-1.1899264244818153
5281.657230024079,4.184269843015587e-05,-6.288978628521639,-158.6321231121116,-1.192980612319115
5282.183423477256,4.174489072306779e-05,-6.288956636916968,-158.1059384556224,-1.1960232149460353
5282.3365428510915,4.171649069845191e-05,-6.288950247139454,-157.9528216290259,-1.1969064231910915
5282.489662224927,4.168811585917341e-05,-6.288943861709731,-157.799704796791,-1.1977886533835171
5283.015855678104,4.159077721242947e-05,-6.288921951315372,-157.2735200349613,-1.2008129836291561
5283.542049131282,4.1493662049331736e-05,-6.288900092081169,-156.74733520707036,-1.2038257984182823
5283.695168505116,4.1465436199150656e-05,-6.288893740758211,-156.59421833079458,-1.2047003516396986
5283.848287878952,4.1437223584765214e-05,-6.288887393757142,-156.44110144896933,-1.2055739326956452
5284.374481332129,4.1340354015686355e-05,-6.28886561525152,-155.91491651739818,-1.208568585068546
5284.900674785306,4.124357742444412e-05,-6.288843887693564,-155.38873152080848,-1.211551791323196
5285.053794159142,4.121542679528306e-05,-6.2888375746576,-155.23561459563734,-1.2124177416336408
5285.2069135329775,4.118727926856759e-05,-6.288831265932629,-155.08249766500452,-1.21328272564107
5285.733106986155,4.1090558907305726e-05,-6.28880961890201,-154.55631256637372,-1.2162478789860418
5286.259300439332,4.0993821979052835e-05,-6.288788022769366,-154.0301274037543,-1.2192016553762584
5286.412419813168,4.0965663407676644e-05,-6.288781747976373,-153.87701043046224,-1.2200590547471828
5286.565539187003,4.093749948065126e-05,-6.288775477496088,-153.7238934517952,-1.220915493671575
5287.09173264018,4.084066078389723e-05,-6.288753961925145,-153.19770818875477,-1.2238513265502673
5287.617926093358,4.07437154636644e-05,-6.2887324973381356,-152.67152286274427,-1.2267758516654241
5287.771045467193,4.071548045431978e-05,-6.288726260847135,-152.51840584209702,-1.227624752080791
5287.924164841029,4.068723334873624e-05,-6.288720028680906,-152.36528881616061,-1.228472697915739
5288.450358294206,4.059006022146156e-05,-6.288698644883342,-151.83910339133197,-1.2313793891006402
5288.976551747383,4.049271189520565e-05,-6.288677312263731,-151.31291790454134,-1.2342748419068204
5289.129671121219,4.0464347990301245e-05,-6.288671114216131,-151.15980083729676,-1.2351152954892868
5289.2827904950545,4.043596714044687e-05,-6.288664920513247,-151.00668376484796,-1.23595480037949
5289.808983948232,4.0338300578505254e-05,-6.2886436690581125,-150.48049818082612,-1.2388325292518032
5290.335177401409,4.0240412648435584e-05,-6.2886224690527195,-149.9543125358406,-1.2416990894501942
5290.488296775244,4.021188421982914e-05,-6.288616309649657,-149.8011954227492,-1.242531148557782
5290.641416149079,4.018333576563467e-05,-6.288610154616601,-149.64807830453768,-1.2433622648922724
5291.167609602257,4.0085072240971506e-05,-6.288589036250288,-149.12189256389294,-1.2462112117356012
5291.693803055434,3.99865596639726e-05,-6.288567969655118,-148.5957067632735,-1.2490490600156965
5291.846922429269,3.99578451748876e-05,-6.288561849136151,-148.44258960507878,-1.2498727773080305
5292.000041803105,3.9929108986613717e-05,-6.288555733015684,-148.28947244184735,-1.2506955577831924
5292.526235256282,3.983018965742843e-05,-6.288534748593863,-147.76328654712623,-1.2535159039765162
5293.0524287094595,3.973100955019153e-05,-6.28851381629135,-147.23710059341047,-1.2563252221746728
5293.205548083295,3.970209950988321e-05,-6.288507734917085,-147.0839833908492,-1.2571406506530558
5293.358667457131,3.967316747068072e-05,-6.288501657971163,-146.93086618333376,-1.2579551483100426
5293.884860910308,3.957357507812089e-05,-6.288480808401387,-146.40468013705964,-1.2607470764367323
5294.411054363485,3.9473726776297306e-05,-6.2884600113037985,-145.87849403276203,-1.2635280476151978
5294.564173737321,3.944462413091895e-05,-6.288453969339332,-145.72537678656414,-1.2643352406400339
5294.717293111156,3.9415500565252796e-05,-6.288447931832512,-145.57225953549394,-1.265141508879648
5295.243486564334,3.931526038487951e-05,-6.288427218016669,-145.0460733401671,-1.2679052027590483
5295.769680017511,3.9214784014983436e-05,-6.288406557008689,-144.5198870877789,-1.2706580112072936
5295.922799391346,3.9185502989635394e-05,-6.288400554707105,-144.36676979866766,-1.2714570224928032
5296.075918765182,3.915620316142408e-05,-6.288394556890244,-144.21365250476526,-1.2722551150677308
5296.602112218359,3.9055374730866954e-05,-6.288373979671061,-143.6874661628626,-1.274990759709827
5297.1283056715365,3.895433965007491e-05,-6.2883534555615,-143.1612797648514,-1.2777155908724371
5297.281425045371,3.892490205504029e-05,-6.28834749315105,-143.00816243354316,-1.2785064744610395
5297.434544419207,3.889544850628281e-05,-6.288341535249011,-142.85504509752403,-1.2792964454483031
5297.960737872384,3.8794114645787636e-05,-6.288321095371862,-142.3288586114984,-1.2820042269456635
5298.486931325561,3.869261213896599e-05,-6.2883007088602945,-141.8026720703076,-1.2847012672954528
5298.640050699397,3.866304615932417e-05,-6.288294786535305,-141.64955469751155,-1.2854840775176677
5298.793170073232,3.863346782240334e-05,-6.288288868738047,-141.49643732008406,-1.2862659812771282
5299.31936352641,3.853173386405965e-05,-6.2882685668207445,-140.97025069236346,-1.2889460866520352
5299.845556979587,3.842987824188903e-05,-6.28824831846719,-140.44406401041124,-1.2916155235212543
5299.9986763534225,3.840021879575022e-05,-6.28824243637909,-140.2909465968292,-1.2923903149435887
5300.151795727258,3.8370551272688895e-05,-6.288236558832665,-140.1378291786943,-1.2931642060644593
5300.677989180435,3.826854437813102e-05,-6.288216395334461,-139.611642411681,-1.2958168230744658
5301.204182633613,3.816646877440612e-05,-6.288196285529689,-139.08545559135925,-1.29845884444439
5301.357302007448,3.813675544523341e-05,-6.288190443778879,-138.9323381376853,-1.2992256718052053
5301.510421381284,3.8107038615064284e-05,-6.288184606577624,-138.7792206795362,-1.2999916050407243
5302.036614834461,3.800489742203699e-05,-6.288164581775796,-138.25303377560547,-1.3026169219456878
5302.562808287638,3.790274243613715e-05,-6.288144610723617,-137.72684681927876,-1.3052317162028322
5302.715927661474,3.787301641071962e-05,-6.288138809355457,-137.57372932619887,-1.305990634339804
5302.869047035309,3.784329161371882e-05,-6.288133012538418,-137.42061182872064,-1.306748664534094
5303.395240488487,3.774115938603693e-05,-6.288113126518683,-136.89442479021977,-1.3093468698413602
5303.921433941664,3.763907052369812e-05,-6.288093294228844,-136.36823770022417,-1.3119346255182704
5304.074553315499,3.7609374636926006e-05,-6.288087533231728,-136.215120168416,-1.3126856892923224
5304.227672689334,3.757968493444493e-05,-6.288081776780724,-136.06200263228538,-1.31343587130401
5304.7538661425115,3.747771159937161e-05,-6.28806202942991,-135.53581546153228,-1.3160071535035303
5305.280059595689,3.737584130010034e-05,-6.288042335709685,-135.00962824017415,-1.3185680590097608
5305.433178969524,3.7346220288153934e-05,-6.288036615012401,-134.8565106703067,-1.3193113232259202
5305.58629834336,3.731661050398591e-05,-6.288030898849385,-134.7033930961916,-1.320053711848608
5306.112491796537,3.7214950136762196e-05,-6.288011289846834,-134.17720579547392,-1.3225982591365115
5306.638685249714,3.711345120418739e-05,-6.287991734294825,-133.65101844502888,-1.3251325024783043
5306.79180462355,3.70839490431186e-05,-6.287986053765496,-133.49790083776202,-1.325868021803583
5306.944923997386,3.705446289584978e-05,-6.2879803777518966,-133.34478322632125,-1.3266026716836072
5307.471117450563,3.695326339130966e-05,-6.287960906570852,-132.81859579789523,-1.3291206716795965
5307.99731090374,3.685228011908691e-05,-6.28794148858343,-132.29240832060697,-1.331628440179336
5308.150430277576,3.68229381266963e-05,-6.287935848032238,-132.13929067659126,-1.3323562690618589
5308.303549651411,3.679361666891215e-05,-6.287930211971924,-131.98617302847438,-1.3330832346178334
5308.8297431045885,3.6693017285386266e-05,-6.287910877890861,-131.45998547456378,-1.335574874092509
5309.355936557766,3.6592686452141255e-05,-6.287891596673875,-130.9337978726433,-1.338056354122109
5309.509055931601,3.656354402787763e-05,-6.287885995856272,-130.7806801925197,-1.3387765467146988
5309.662175305437,3.6534426460254486e-05,-6.287880399498684,-130.62756250836657,-1.3394958820615777
5310.188368758614,3.643456043692853e-05,-6.287861201611021,-130.10137483116188,-1.3419613466788571
5310.714562211791,3.6335012084495165e-05,-6.287842056188623,-129.57518710678664,-1.3444167234070556
5310.867681585626,3.630610629746703e-05,-6.287836494807872,-129.42206939118628,-1.3451293334945458
5311.020800959462,3.627722925271065e-05,-6.2878309378506545,-129.26895167162687,-1.3458410923713549
5311.546994412639,3.617821846926226e-05,-6.2878118750753105,-128.74276387328473,-1.3482805664433872
5312.073187865816,3.607956739895786e-05,-6.287792864304149,-128.21657602859793,-1.350710023597173
5312.226307239652,3.605093016296411e-05,-6.2877873420163795,-128.063458278142,-1.351415104528483
5312.379426613487,3.602232489354794e-05,-6.287781824110829,-127.91034052379638,-1.3521193402311984
5312.905620066665,3.59242716003825e-05,-6.287762895214091,-127.38415260643869,-1.3545330064948153
5313.431813519842,3.5826612530864516e-05,-6.28774401780863,-126.85796464354888,-1.3569367261482927
5313.584932893677,3.579827007721329e-05,-6.287738534230593,-126.7048468588484,-1.3576343307775807
5313.738052267513,3.5769962250089846e-05,-6.287733054989482,-126.55172907032643,-1.3583310961014483
5314.26424572069,3.5672950683626175e-05,-6.287714258611493,-126.02554103604035,-1.3607191355290678
5314.7904391738675,3.5576361904704744e-05,-6.287695513169117,-125.49935295702103,-1.3630972979279368
5314.943558547703,3.554833593594277e-05,-6.287690067885075,-125.34623513867682,-1.3637874785659694
5315.096677921539,3.552034673110023e-05,-6.2876846268893924,-125.19311731657821,-1.364476825757922
5315.622871374716,3.542444549141814e-05,-6.287665961566254,-124.6669291674158,-1.3668394174015777
5316.149064827893,3.532898805818442e-05,-6.28764734658895,-124.14074097430543,-1.3691922008186779
5316.302184201728,3.530129472430743e-05,-6.287641939157151,-123.9876231229081,-1.369875009192926
5316.455303575563,3.527363950112829e-05,-6.287636535962749,-123.83450526782231,-1.370556989912707
5316.981497028741,3.517889484927246e-05,-6.287618000151518,-123.30831700580048,-1.3728943107785914
5317.507690481918,3.508460477563048e-05,-6.2875995140746985,-122.78212870060254,-1.3752218914026109
5317.6608098557535,3.5057252604593865e-05,-6.287594144036565,-122.62901081673256,-1.375897378627814
5317.813929229589,3.5029939064316535e-05,-6.287588778183613,-122.47589292923892,-1.3765720439199503
5318.340122682766,3.493637135573133e-05,-6.287570370296398,-121.94970455633984,-1.3788842688836227
5318.866316135944,3.4843260345079145e-05,-6.287552011523739,-121.42351614102299,-1.3811868207524363
5319.019435509779,3.4816251270090475e-05,-6.287546678413817,-121.27039822525074,-1.381855037314666
5319.172554883615,3.4789280715551995e-05,-6.287541349436605,-121.11728030591848,-1.3825224375940246
5319.698748336792,3.469689004704318e-05,-6.28752306787236,-120.59109182408976,-1.3848097393618402
5320.224941789969,3.460495143954676e-05,-6.2875048348045395,-120.06490330058848,-1.3870874343398691
5320.378061163805,3.457828225901651e-05,-6.287499538158271,-119.91178535347441,-1.387748430092702
5320.5311805376405,3.455165087092616e-05,-6.287494245592786,-119.7586674028629,-1.3884086151418522
5321.057373990818,3.446041902180114e-05,-6.287476088762344,-119.23247881401831,-1.3906711642504082
5321.583567443995,3.436962591938685e-05,-6.287457979822066,-118.70629018423344,-1.392924172041233
5321.736686817831,3.434328702910363e-05,-6.28745271918335,-118.55317220632828,-1.3935779962118946
5321.889806191666,3.431698439828119e-05,-6.287447462575026,-118.40005422498712,-1.3942310151884358
5322.415999644843,3.422686932104018e-05,-6.287429428929744,-117.87386553100735,-1.396468980039256
5322.942193098021,3.413717060897959e-05,-6.287411442592878,-117.34767679680695,-1.3986974682360318
5323.095312471855,3.4111145554944046e-05,-6.2874062175234915,-117.19455878865195,-1.399344169443209
5323.248431845691,3.408515459468361e-05,-6.2874009964366495,-117.04144077712135,-1.3999900708990025
5323.774625298868,3.399609324755547e-05,-6.287383084500233,-116.51525197985475,-1.4022036178356603
5324.300818752045,3.390742025257774e-05,-6.2873652193251335,-115.98906314307493,-1.4044077520143246
5324.453938125881,3.388168819375087e-05,-6.287360029412498,-115.83594510520207,-1.4050473782981219
5324.607057499717,3.385598770272457e-05,-6.287354843437771,-115.68282706401305,-1.405686210210398
5325.133250952894,3.376790486644634e-05,-6.287337051828632,-115.15663816527675,-1.407875503633385
5325.659444406071,3.36801785165805e-05,-6.287319306474309,-114.63044922772285,-1.4100554474781928
5325.812563779907,3.365471568316243e-05,-6.287314151336121,-114.47733116065532,-1.4106880463383482
5325.965683153742,3.362928149882577e-05,-6.287309000094877,-114.32421309033003,-1.4113198561486402
5326.4918766069195,3.354209074713836e-05,-6.287291327540715,-113.79802409191102,-1.4134850586540855
5327.018070060097,3.3455219122856664e-05,-6.28727370078179,-113.27183505535862,-1.415640974104095
5327.171189433932,3.3429997690123775e-05,-6.2872685800706964,-113.11871695961098,-1.4162665925440954
5327.324308807768,3.3404801553030866e-05,-6.287263463219868,-112.96559886066306,-1.416891427203083
5327.850502260945,3.3318402651146666e-05,-6.287245908575453,-112.43940976431924,-1.4190326997428488
5328.376695714122,3.323228185032344e-05,-6.2872283993204015,-111.91322063051538,-1.4211647471614983
5328.529815087958,3.3207271113937814e-05,-6.287223312729143,-111.76010250659402,-1.4217834317397402
5328.682934461794,3.3182282187644516e-05,-6.287218229966154,-111.6069843795289,-1.4224013377591533
5329.209127914971,3.3096568831596554e-05,-6.287200792227825,-111.08079518699043,-1.4245188398245494
5329.735321368148,3.3011092946737546e-05,-6.2871833995288195,-110.55460595765474,-1.4266271781897761
5329.888440741983,3.2986262334570176e-05,-6.2871783467920395,-110.40148780605806,-1.4272389750757415
5330.041560115818,3.296145015675664e-05,-6.287173297856202,-110.24836965137335,-1.4278499985847855
5330.567753568996,3.287631861566307e-05,-6.287155976163426,-109.72218036434363,-1.4299438884013271
5331.093947022173,3.279138482023088e-05,-6.287138699214279,-109.19599104116955,-1.4320286755001925
5331.247066396008,3.276670447285824e-05,-6.287133680107521,-109.04287286238852,-1.4326336305307847
5331.400185769844,3.274203916683312e-05,-6.287128664778958,-108.88975468057431,-1.4332378173323481
5331.926379223021,3.2657386312548454e-05,-6.287111458411102,-108.36356530073132,-1.4353082520516736
5332.4525726761985,3.257289091933028e-05,-6.2870942965455905,-107.8373758853872,-1.4373696446709918
5332.605692050034,3.2548330587349454e-05,-6.287089310885251,-107.68425767990546,-1.437967803405883
5332.75881142387,3.2523781937737284e-05,-6.287084328984972,-107.53113947144466,-1.4385651990318746
5333.285004877047,3.243950452453359e-05,-6.2870672373621845,-107.00495000044184,-1.4406123349222746
5333.811198330224,3.235534629273197e-05,-6.287050190054258,-106.47876049457194,-1.4426504890394303
5333.96431770406,3.2330877097387826e-05,-6.287045237697213,-106.32564226286634,-1.443241896816591
5334.117437077895,3.230641653440681e-05,-6.287040289086476,-106.17252402823493,-1.4438325465833726
5334.643630531073,3.22224192948376e-05,-6.287023311764757,-105.64633446770233,-1.4458565392189946
5335.16982398425,3.2138507698791736e-05,-6.287006378619296,-105.1201448729279,-1.4478716101874143
5335.3229433580855,3.2114104231492935e-05,-6.287001459459392,-104.96702661546853,-1.4484563121760592
5335.476062731921,3.208970672230776e-05,-6.286996544035913,-104.81390835513595,-1.4490402612368531
5336.002256185098,3.200590618141863e-05,-6.286979680692394,-104.28771870668112,-1.4510412656728768
5336.528449638276,3.192216085151037e-05,-6.286962861429639,-103.76152902460119,-1.4530334083892391
5336.68156901211,3.1897800149645756e-05,-6.28695797539333,-103.60841074185174,-1.4536114496369246
5336.834688385946,3.187344290388391e-05,-6.286953093087069,-103.455292456281,-1.4541887430282703
5337.360881839123,3.178976185028158e-05,-6.286936343507477,-102.92910272148981,-1.4561669139560518
5337.8870752923,3.170610772143869e-05,-6.28691963795322,-102.40291295368202,-1.458136283009553
5338.040194666136,3.1681768425516425e-05,-6.286914784997176,-102.24979464610013,-1.4587077084847102
5338.1933140399715,3.165743036707679e-05,-6.286909935768037,-102.0966763357481,-1.4592783911686211
5338.719507493149,3.157379893036256e-05,-6.286893299838743,-101.57048651618543,-1.4612338830580003
5339.245700946326,3.149017092497251e-05,-6.286876707914857,-101.04429666420675,-1.4631806328680752
5339.398820320162,3.1465835154082315e-05,-6.286871888022649,-100.891178332244,-1.463745487499115
5339.551939693997,3.144149888968268e-05,-6.286867071856901,-100.73805999756162,-1.4643096044016435
5340.078133147174,3.135786131458069e-05,-6.2868505495501745,-100.21187009477204,-1.4662425716287448
5340.604326600352,3.127420944803442e-05,-6.286834071256749,-99.68568016015931,-1.4681668565642898
5340.757445974187,3.124986365600524e-05,-6.286829284433195,-99.53256180426143,-1.468725185272446
5340.910565348023,3.1225516018406485e-05,-6.286824501337715,-99.37944344569384,-1.469282781315682
5341.4367588012,3.114182940370407e-05,-6.2868080926920165,-98.8532534612021,-1.4711933782660318
5341.962952254377,3.105811370786323e-05,-6.286791728089312,-98.32706344547259,-1.4730953527385908
5342.116071628213,3.1033746682838836e-05,-6.286786974355823,-98.17394506607968,-1.473647200463298
5342.2691910020485,3.1009376666027715e-05,-6.28678222435372,-98.02082668406632,-1.4741983205900566
5342.795384455226,3.092560472509622e-05,-6.286765929461067,-97.49463661937786,-1.4760867017389103
5343.321577908403,3.084179193758883e-05,-6.286749678659403,-96.96844652402952,-1.4779665202770147
5343.474697282238,3.081739468972708e-05,-6.286744958051286,-96.81532812157614,-1.478511931996606
5343.627816656073,3.079299366598525e-05,-6.2867402411792055,-96.66220971655093,-1.4790566211906908
5344.1540101092505,3.070910994922973e-05,-6.286724060175,-96.13601957315214,-1.4809229411694103
5344.680203562428,3.062517904485968e-05,-6.2867079233222665,-95.60982939966414,-1.4827807584789967
5344.833322936263,3.0600746562708137e-05,-6.286703235884496,-95.45671097457934,-1.4833197792269919
5344.986442310099,3.057630999538726e-05,-6.286698552188151,-95.30359254697069,-1.483858082528819
5345.512635763276,3.049230248145154e-05,-6.286682485233967,-94.77740232632925,-1.4857024961728682
5346.038829216453,3.040824599374594e-05,-6.286666462496866,-94.251212076162,-1.487538467175811
5346.191948590289,3.0383776777245127e-05,-6.286661808278571,-94.09809362886939,-1.4880711420502322
5346.345067964125,3.035930339643199e-05,-6.286657157807315,-93.94497517910038,-1.488603104565337
5346.871261417302,3.0275168939795222e-05,-6.286641205073968,-93.41878488266538,-1.490425766937443
5347.397454870479,3.019098523722623e-05,-6.286625296624574,-92.89259455726085,-1.4922400467867216
5347.550574244315,3.0166479025791583e-05,-6.286620675675947,-92.73947608817873,-1.4927664209532734
5347.70369361815,3.0141968705244266e-05,-6.286616058480003,-92.58635761666697,-1.49329208785503
5348.2298870713275,3.0057707987110365e-05,-6.286600220140057,-92.06016724586911,-1.495093154251845
5348.756080524505,2.997340009239998e-05,-6.286584426149956,-91.53397684665092,-1.4968858983346967
5348.90919989834,2.9948858320801652e-05,-6.286579838520568,-91.38085835619216,-1.497406017027143
5349.062319272176,2.992431277017831e-05,-6.28657525464926,-91.22773986335,-1.497925433556861
5349.588512725353,2.983993411639674e-05,-6.286559530869724,-90.70154941960162,-1.499705059506997
5350.1147061785305,2.97555140570564e-05,-6.286543851500572,-90.17535894797498,-1.501476423438541
5350.267825552365,2.9730940902727183e-05,-6.286539297236181,-90.02224043654724,-1.5019903319558636
5350.420944926201,2.9706364545656536e-05,-6.28653474673462,-89.86912192278164,-1.502503543419461
5350.947138379378,2.9621884607920074e-05,-6.286519137664962,-89.3429314074768,-1.5042618846679296
5351.473331832555,2.953737014273182e-05,-6.286503573057174,-88.8167408648287,-1.5060120242694848
5351.626451206391,2.951277076735995e-05,-6.286499052196852,-88.66362233283421,-1.506519767968472
5351.779570580226,2.948816872262641e-05,-6.286494535103342,-88.51050379854686,-1.507026819728663
5352.305764033404,2.9403604398761802e-05,-6.286479040869358,-87.98431321306133,-1.5087640322075788
5352.831957486581,2.9319011432555164e-05,-6.286463591140098,-87.45812260076048,-1.5104931034752183
5352.9850768604165,2.9294390292926912e-05,-6.286459103716398,-87.30500404859617,-1.5109947277612232
5353.138196234252,2.9269766988489637e-05,-6.286454620062797,-87.15188549418345,-1.5114956652282971
5353.664389687429,2.9185133517359376e-05,-6.2864392407688525,-86.62569483987473,-1.513211905025948
5354.190583140607,2.910047791356592e-05,-6.286423906014305,-86.09950415927152,-1.5149200641007599
5354.343702514442,2.907583985401982e-05,-6.286419452053627,-85.94638558732906,-1.5154156144192725
5354.496821888278,2.9051200241626642e-05,-6.28641500186559,-85.79326701318199,-1.5159104830426995
5355.023015341455,2.896651568095443e-05,-6.286399737593813,-85.26707629138932,-1.5176059063746057
5355.549208794632,2.8881816594011384e-05,-6.286384517886313,-84.74088554381596,-1.5192933095127856
5355.702328168468,2.8857167297437624e-05,-6.286380097407789,-84.58776695248166,-1.5197828313403932
5355.855447542303,2.8832517036901202e-05,-6.28637568070359,-84.43464835898595,-1.5202716765996311
5356.381640995481,2.8747800094544943e-05,-6.28636053151025,-83.90845757103035,-1.521946439775543
5356.907834448658,2.866307427672235e-05,-6.286345426896742,-83.38226675780076,-1.5236132433140301
5357.060953822493,2.8638418099208354e-05,-6.286341039912424,-83.22914814745566,-1.5240967821483173
5357.214073196328,2.861376132150245e-05,-6.286336656703473,-83.07602953499176,-1.524579649542771
5357.740266649505,2.8529024382995793e-05,-6.286321622623368,-82.54983868217597,-1.5262339089333858
5358.266460102683,2.8444281964460634e-05,-6.286306633132722,-82.02364780458592,-1.5278802692596647
5358.419579476518,2.8419621533402375e-05,-6.286302279650071,-81.87052917560577,-1.5283578706112264
5358.572698850354,2.8394960772815936e-05,-6.286297929943419,-81.7174105445488,-1.5288348056526162
5359.098892303531,2.831021223687934e-05,-6.286283010997933,-81.19121962815747,-1.5304687176662635
5359.625085756708,2.822546165231867e-05,-6.286268136647106,-80.66502868748454,-1.5320947911987843
5359.778205130544,2.8200799525982822e-05,-6.28626381667022,-80.51191004023975,-1.5325665005860887
5359.9313245043795,2.8176137373863525e-05,-6.286259500469575,-80.35879139095961,-1.5330375487934853
5360.457517957557,2.8091386408886306e-05,-6.2862446966683025,-79.83260041225928,-1.5346512698597754
5360.983711410734,2.800663645824714e-05,-6.28622993746216,-79.30640940976302,-1.5362572130319863
5361.13683078457,2.7981974982353182e-05,-6.2862256509915975,-79.15329074461884,-1.536723075976662
5361.289950158405,2.795731362655815e-05,-6.286221368297181,-79.00017207748013,-1.537188282871772
5361.816143611582,2.7872566083603777e-05,-6.286206679638642,-78.47398103771934,-1.5387819694254015
5362.34233706476,2.7787819819701353e-05,-6.286192035573364,-77.94778997464138,-1.5403679386706366
5362.495456438595,2.7763159316607593e-05,-6.286187782607782,-77.79467129195781,-1.540828000693483
5362.648575812431,2.77384988723473e-05,-6.286183533418211,-77.64155260731994,-1.541287411796921
5363.174769265608,2.76537537303955e-05,-6.286168959897885,-77.11536150772936,-1.5428612202675043
5363.700962718785,2.7569008767437863e-05,-6.286154430969844,-76.58917038529349,-1.5444273720132664
5363.85408209262,2.7544348442506977e-05,-6.286150211508458,-76.43605168542534,-1.5448816786334896
5364.007201466456,2.7519688111684642e-05,-6.286145995823059,-76.28293298364257,-1.5453353394643545
5364.533394919633,2.7434943063726393e-05,-6.286131537439489,-75.75674182543511,-1.546889426277336
5365.05958837281,2.7350198002250694e-05,-6.286117123648206,-75.23055064484738,-1.548435916948592
5365.212707746646,2.7325537662416705e-05,-6.2861129376909926,-75.07743192814435,-1.5488845136849718
5365.365827120481,2.730087731057589e-05,-6.286108755509772,-74.92431320956577,-1.5493324697620448
5365.892020573659,2.7216132087540336e-05,-6.286094412263025,-74.39812199393678,-1.5508669913423532
5366.418214026836,2.7131386116283526e-05,-6.286080113608853,-73.87193075638575,-1.5523939773641722
5366.571333400671,2.710672526562852e-05,-6.286075961156009,-73.7188120231924,-1.5528369097355839
5366.724452774507,2.708206425000004e-05,-6.286071812479258,-73.56569328816204,-1.553279206577791
5367.250646227684,2.6997315257453832e-05,-6.286057584371389,-73.03950201628938,-1.5547943193513407
5367.7768396808615,2.691256289169118e-05,-6.286043400858768,-72.51331072294626,-1.556301957151376
5367.929959054697,2.6887899627251714e-05,-6.286039281912177,-72.36019197360218,-1.5567392706779057
5368.083078428533,2.686323596514199e-05,-6.286035166742065,-72.20707322245903,-1.5571759538056527
5368.60927188171,2.6778476098701916e-05,-6.286021053782966,-71.68088189550332,-1.5586718142059917
5369.135465334887,2.6693710571129185e-05,-6.2860069854254395,-71.15469054752201,-1.5601602602239866
5369.288584708722,2.6669043134931006e-05,-6.286002899989701,-71.00157178236172,-1.5605920004301694
5369.441704082557,2.664437518186469e-05,-6.285998818331082,-70.84845301543974,-1.561023115368709
5369.967897535735,2.6559599986043898e-05,-6.285984820539099,-70.32226163454445,-1.562499879849067
5370.494090988912,2.647481844013465e-05,-6.285970867356934,-69.79607023306187,-1.5639692905484373
5370.6472103627475,2.6450146253676e-05,-6.285966815438187,-69.64295145241499,-1.5643955029663177
5370.800329736583,2.6425473485795038e-05,-6.285962767297296,-69.48983267004324,-1.5648210952486405
5371.32652318976,2.634068112516244e-05,-6.285948884694405,-68.9636412363349,-1.5662789202901366
5371.852716642938,2.6255880977750327e-05,-6.285935046710743,-68.43744978247102,-1.5677294521639018
5372.005836016773,2.6231203018683e-05,-6.285931028315999,-68.28433098666221,-1.568150182334402
5372.158955390609,2.6206524298612158e-05,-6.28592701370001,-68.13121218916484,-1.5685702975025262
5372.685148843786,2.6121709914699623e-05,-6.285913246312438,-67.60502070375314,-1.570009339618603
5373.211342296963,2.603688537826602e-05,-6.285899523556306,-67.07882919861123,-1.5714411491947684
5373.364461670799,2.601219988984777e-05,-6.2858955386946045,-66.92571038796032,-1.5718564426696169
5373.517581044634,2.5987513479569764e-05,-6.285891557612818,-66.77259157565662,-1.5722711262766746
5374.043774497812,2.5902671631169066e-05,-6.2858779054744875,-66.24640003963462,-1.5736915420216067
5374.569967950989,2.581781864264989e-05,-6.285864297982307,-65.72020848430135,-1.5751047858729816
5374.7230873248245,2.5793124805626207e-05,-6.285860346664614,-65.5670896591234,-1.5755146882176658
5374.87620669866,2.5768430041753484e-05,-6.2858563991281065,-65.41397083232779,-1.575923985830822
5375.402400151837,2.568355969990156e-05,-6.285842862277557,-64.8877792467721,-1.5773259318088824
5375.928593605015,2.559867851081012e-05,-6.2858293700880745,-64.3615876423177,-1.5787207665600982
5376.081712978849,2.5573976515444367e-05,-6.285825452325605,-64.2084688029229,-1.5791253233553566
5376.234832352685,2.554927358396172e-05,-6.2858215383455756,-64.05534996194511,-1.5795292805570658
5376.761025805862,2.546437492271883e-05,-6.285808116821141,-63.529158327915944,-1.5809129134250015
5377.287219259039,2.5379464753178805e-05,-6.2857947399728475,-63.0029666753943,-1.5822894957530445
5377.440338632875,2.535475414949805e-05,-6.285790855776906,-62.84984782208816,-1.5826887525948234
5377.5934580067105,2.5330042542850786e-05,-6.285786975364723,-62.696728967233184,-1.5830874149827736
5378.119651459888,2.524511351890638e-05,-6.285773669206199,-62.17053728577453,-1.5844528914501017
5378.645844913065,2.516017264272462e-05,-6.285760407739886,-61.6443455862234,-1.585811378085716
5378.798964286901,2.513545313458577e-05,-6.285756557122505,-61.49122671930674,-1.5862053805858547
5378.952083660736,2.5110732691391298e-05,-6.285752710290224,-61.33810785087485,-1.5865987937737156
5379.4782771139135,2.502577421861901e-05,-6.285739519538953,-60.81191612301462,-1.5879462706055971
5380.004470567091,2.494080610392194e-05,-6.285726373494806,-60.28572437745575,-1.5892868183354174
5380.157589940926,2.4916079232777593e-05,-6.285722556467269,-60.13260549722472,-1.5896756121219027
5380.310709314762,2.489135170259846e-05,-6.28571874322593,-59.97948661551155,-1.5900638217393526
5380.836902767939,2.4806371183798395e-05,-6.285705667917456,-59.453294842261705,-1.5913934557542662
5381.363096221116,2.4721384602801097e-05,-6.285692637326764,-58.927103051700904,-1.5927162214143789
5381.516215594952,2.469665303115712e-05,-6.285688853897272,-58.77398415844702,-1.5930998521286266
5381.669334968788,2.4671921092824664e-05,-6.285685074254674,-58.62086526374358,-1.5934829038183032
5382.195528421965,2.4586927582587164e-05,-6.285672114412724,-58.09467344610027,-1.5947948518752892
5382.721721875142,2.4501931525169885e-05,-6.285659199294467,-57.56848161152753,-1.596099992335993
5382.874841248977,2.4477197888717558e-05,-6.285655449467658,-57.41536270553775,-1.5964785056281465
5383.027960622812,2.4452464239294358e-05,-6.285651703428018,-57.26224379813046,-1.5968564450408618
5383.55415407599,2.436746774343595e-05,-6.285638859063847,-56.73605193707401,-1.5981508640229136
5384.080347529167,2.4282474071317493e-05,-6.285626059423528,-56.20986005946362,-1.5994385361716343
5384.233466903002,2.425774230438757e-05,-6.285622343199782,-56.05674114102034,-1.599811977695461
5384.386586276838,2.423301111326166e-05,-6.285618630762856,-55.90362222119107,-1.6001848504849716
5384.912779730015,2.414802806619922e-05,-6.285605901870316,-55.37743031768617,-1.6014618972796126
5385.4389731831925,2.4063056256711532e-05,-6.285593217692336,-54.851238397996774,-1.6027322579981735
5385.592092557028,2.4038332557302103e-05,-6.285589535065109,-54.69811946737777,-1.6031006734036304
5385.745211930864,2.4013610205164838e-05,-6.2855858562234,-54.54500053540382,-1.603468525218801
5386.271405384041,2.3928663501387257e-05,-6.28557324276902,-54.01880859039957,-1.6047283566877166
5386.797598837218,2.384373721785109e-05,-6.285560674007663,-53.49261662957421,-1.605981562816992
5386.950718211054,2.3819028479208077e-05,-6.285557024961295,-53.3394976870528,-1.606344997739068
5387.103837584889,2.3794321860877082e-05,-6.285553379698088,-53.186378743206966,-1.6067078742124052
5387.630031038067,2.370943509201504e-05,-6.285540881616446,-52.660186757636886,-1.6079506471502347
5388.156224491244,2.3624578170005242e-05,-6.285528428193808,-52.13399475660307,-1.6091868554471769
5388.309343865079,2.3599891449575726e-05,-6.285524812703264,-51.98087580244805,-1.609545355493254
5388.462463238915,2.357520772052023e-05,-6.285521200992433,-51.827756846998575,-1.6099033022282132
5388.988656692092,2.349040654346046e-05,-6.285508818185202,-51.30156482178069,-1.6111291733187265
5389.5148501452695,2.3405646734436987e-05,-6.285496479988907,-50.77537278145048,-1.61234854041169
5389.667969519104,2.338099058407234e-05,-6.285492898018692,-50.62225381592608,-1.6127021511482813
5389.82108889294,2.3356338498461887e-05,-6.285489319823413,-50.46913484913674,-1.6130552137058207
5390.347282346117,2.3271654583271567e-05,-6.285477052153463,-49.94294278517363,-1.6142643394738416
5390.873475799294,2.318702529035616e-05,-6.28546482902926,-49.41675070644359,-1.6154670218110088
5391.02659517313,2.3162409619595627e-05,-6.285461280531139,-49.263631729809596,-1.615815788747978
5391.179714546965,2.3137799106023407e-05,-6.285457735801678,-49.11051275193967,-1.6161640126304604
5391.705908000143,2.3053266231417718e-05,-6.285445583086525,-48.58432065011843,-1.6173565493840751
5392.23210145332,2.2968800207180863e-05,-6.285433474834422,-48.058128533869734,-1.618542703172925
5392.3852208271555,2.294423426052118e-05,-6.285429959746988,-47.905009546381464,-1.6188866717455623
5392.538340200991,2.291967445468379e-05,-6.285426448420533,-47.75189055768573,-1.619230102378777
5393.064533654168,2.283532318472833e-05,-6.285414410433861,-47.22569841887811,-1.6204062061478994
5393.590727107346,2.275105012829484e-05,-6.285402416811693,-46.699506265976495,-1.6215759872951085
5393.743846481181,2.27265424648054e-05,-6.285398935061567,-46.54638726788474,-1.6219152028470467
5393.896965855017,2.2702041910473133e-05,-6.2853954570634185,-46.39326826861351,-1.622253885563295
5394.423159308194,2.2617901765661296e-05,-6.285383533538528,-45.867076093675855,-1.6234137120428231
5394.949352761371,2.2533851439110056e-05,-6.285371654263997,-45.340883904971776,-1.6245672760988694
5395.102472135207,2.2509410763618165e-05,-6.285368205766082,-45.18776489652289,-1.624901783866129
5395.2555915090425,2.2484978140491238e-05,-6.285364761009829,-45.03464588692202,-1.6252357638883115
5395.78178496222,2.2401078475793766e-05,-6.285352951639637,-44.508453676695396,-1.6263794683834136
5396.307978415397,2.2317278457575926e-05,-6.285341186390677,-43.982261453023995,-1.627516970487957
5396.461097789232,2.2292912265435403e-05,-6.285337771048573,-43.8291424344599,-1.6278468155830987
5396.614217163067,2.2268554774454787e-05,-6.285334359436708,-43.67602341477083,-1.628176138008962
5397.1404106162445,2.2184917662678826e-05,-6.285322663878234,-43.149831170081086,-1.629303875382126
5397.666604069422,2.2101385614066266e-05,-6.285311012301414,-42.62363891226235,-1.6304254702144483
5397.819723443257,2.207709816519456e-05,-6.285307630010646,-42.47051988382057,-1.6307506976130832
5397.972842817093,2.2052819694331733e-05,-6.285304251438068,-42.317400854280294,-1.631075407402237
5398.49903627027,2.1969455716870757e-05,-6.28529266932618,-41.79120857593815,-1.6321873320331814
5399.025229723447,2.188619819641263e-05,-6.285281131051859,-41.265016284776976,-1.6332931737797027
5399.178349097283,2.186199069688502e-05,-6.285277781704317,-41.111897246690624,-1.6336138283125734
5399.331468471119,2.183779213462369e-05,-6.285274436062761,-40.95877820753179,-1.6339339702792384
5399.857661924296,2.175470206146237e-05,-6.28526296702479,-40.43258589633301,-1.635030236045032
5400.383855377473,2.1671715849829002e-05,-6.2852515416809425,-39.90639357261942,-1.6361204783869105
5400.536974751309,2.164758652858629e-05,-6.285248225168794,-39.75327452511734,-1.6364366047376318
5400.690094125144,2.1623465665345323e-05,-6.285244912350746,-39.60015547656827,-1.6367522235489909
5401.2162875783215,2.1540638065291572e-05,-6.285233556020493,-39.07396313329385,-1.6378329838229642
5401.742481031499,2.1457904894950866e-05,-6.285222243248731,-38.54777077780318,-1.6389077799429128
5401.895600405334,2.1433846984851907e-05,-6.28521895946967,-38.394651721109916,-1.639219422651587
5402.04871977917,2.140979638599714e-05,-6.28521567937392,-38.24153266339471,-1.6395305628322376
5402.574913232347,2.1327200412536072e-05,-6.285204435413337,-37.715340288811085,-1.6405959705063502
5403.101106685524,2.124468144719119e-05,-6.285193234893948,-37.18914790230423,-1.6416554731232886
5403.254226059359,2.1220682187080534e-05,-6.285189983758988,-37.03602883664014,-1.641962676599155
5403.407345433195,2.1196688470764016e-05,-6.2851867362985425,-36.88290976997871,-1.6422693825449377
5403.933538886372,2.1114273640966075e-05,-6.285175604425239,-36.35671736483812,-1.6433195900866862
5404.459732339549,2.1031911834858564e-05,-6.285164515904126,-35.83052494806188,-1.6443639515269781
5404.612851713385,2.1007953467668975e-05,-6.285161297345134,-35.67740587364331,-1.6446667600717884
5404.76597108722,2.0983998350625926e-05,-6.285158082454622,-35.524286798251495,-1.6449690760743028
5405.292164540398,2.0901697891573696e-05,-6.285147062466034,-34.998094363292296,-1.646004235619304
5405.818357993575,2.081941983746432e-05,-6.285136085777509,-34.47190191697977,-1.6470336079216965
5405.97147736741,2.0795479657049827e-05,-6.2851328997537,-34.31878283401906,-1.6473320657624697
5406.124596741246,2.0771539776967587e-05,-6.285129717395873,-34.16566375010879,-1.6476300360428389
5406.650790194423,2.068926800578423e-05,-6.285118809192328,-33.63947128605587,-1.648650299518527
5407.1769836476005,2.0606979369012604e-05,-6.285107944284082,-33.11327881092688,-1.6496648345704825
5407.330103021436,2.058302824520483e-05,-6.285104790789783,-32.960159719632514,-1.6499589859016943
5407.483222395272,2.05590737482248e-05,-6.285101640963479,-32.80704062741188,-1.6502526546539529
5408.009415848449,2.047672263882876e-05,-6.285090844576979,-32.28084813497716,-1.6512581739383705
5408.535609301626,2.039430767193559e-05,-6.28508009153989,-31.7546556317387,-1.6522580236502744
5408.688728675462,2.0370310603290785e-05,-6.285076970613186,-31.601536532315542,-1.6525479126875224
5408.841848049297,2.0346305939628843e-05,-6.285073853361879,-31.448417431988958,-1.65283732413358
5409.368041502475,2.0263749551852947e-05,-6.285063168984118,-30.922224911871854,-1.6538282512540061
5409.894234955652,2.018107694900837e-05,-6.28505252807756,-30.396032381218646,-1.6548135677718254
5410.047354329487,2.0156994808633956e-05,-6.285049439807048,-30.242913273867966,-1.6550992388161445
5410.200473703322,2.01329004313219e-05,-6.285046355225354,-30.08979416563633,-1.6553844372711184
5410.726667156499,2.004999964630166e-05,-6.285035783228255,-29.563601618524316,-1.6563609246357365
5411.252860609677,1.996692492839534e-05,-6.285025254898763,-29.03740906113938,-1.6573318605830025
5411.405979983512,1.9942714595825882e-05,-6.285022199428799,-28.884289946059106,-1.657613358093073
5411.559099357348,1.991848688232332e-05,-6.285019147667717,-28.73117083011998,-1.6578943880383137
5412.085292810525,1.9835087814010735e-05,-6.285008688621936,-28.204978256689152,-1.6588565886933613
5412.611486263702,1.9751451295759804e-05,-6.284998273522665,-27.678785673244317,-1.6598132974383035
5412.764605637538,1.9727065282298325e-05,-6.28499525105925,-27.525666550629165,-1.6600906661101393
5412.9177250113735,1.9702656347559753e-05,-6.284992232332064,-27.37254742717691,-1.6603675722738056
5413.443918464551,1.961859175036688e-05,-6.284981887027072,-26.84635482809256,-1.6613156401874303
5413.970111917728,1.9534223034031388e-05,-6.284971586036328,-26.3201622192491,-1.662258276136996
5414.123231291564,1.9509611353197723e-05,-6.284968596851969,-26.167043089290754,-1.6625315609912878
5414.276350665399,1.9484971080512418e-05,-6.28496561143883,-26.01392395851672,-1.6628043884364008
5414.802544118576,1.940006822003615e-05,-6.284955380896009,-25.487731334433917,-1.6637384788060803
5415.328737571754,1.9314794293737935e-05,-6.284945195126138,-24.961538700843086,-1.664667197719135
5415.481856945589,1.9289906643837976e-05,-6.284942239561627,-24.80841956373035,-1.6649364441931638
5415.634976319425,1.926498475250318e-05,-6.28493928781102,-24.655300425823032,-1.6652052384097762
5416.161169772602,1.9179070975042664e-05,-6.284929173286612,-24.129107777387173,-1.6661255079802655
5416.687363225779,1.9092719526327354e-05,-6.284919104084617,-23.602915119690774,-1.6670404672864811
5416.840482599614,1.9067505854156014e-05,-6.284916182548947,-23.449795975609746,-1.6673057213269098
5416.99360197345,1.904225237268256e-05,-6.284913264877507,-23.29667683075495,-1.6675705283248803
5417.519795426627,1.895515678834112e-05,-6.2849032678615355,-22.770484158602315,-1.668477135706785
5418.045988879804,1.88675593648444e-05,-6.284893316806716,-22.244291477433215,-1.6693784948243067
5418.19910825364,1.8841971323934074e-05,-6.2848904297760395,-22.091172326567417,-1.6696398029793544
5418.352227627475,1.8816338302893905e-05,-6.284887546667262,-21.938053174948386,-1.6699006693803253
5418.8784210806525,1.8727899798479102e-05,-6.28487766887661,-21.411860479706583,-1.6707937753642623
5419.40461453383,1.8638902395943712e-05,-6.2848678377687595,-20.88566777568916,-1.6716816960089433
5419.557733907665,1.8612896776156468e-05,-6.284864985781843,-20.7325486182197,-1.6719391055170754
5419.710853281501,1.858684179433067e-05,-6.284862137781022,-20.579429460017256,-1.6721960786424184
5420.237046734678,1.849692116153689e-05,-6.284852381137852,-20.053236742305657,-1.6730758464944664
5420.763240187855,1.840639550780322e-05,-6.284842671969504,-19.527044016056188,-1.6739504929623394
5420.916359561691,1.8379937178684143e-05,-6.284839855618557,-19.373924852161814,-1.674204051831564
5421.069478935527,1.8353426128837368e-05,-6.2848370433231775,-19.220805687554464,-1.6744571797802463
5421.595672388704,1.826191415737024e-05,-6.284827409919046,-18.69461294798453,-1.6753237754976964
5422.121865841881,1.8169764530652018e-05,-6.284817824835677,-18.16842020011147,-1.6761853149008112
5422.274985215717,1.814282837730449e-05,-6.284815044754132,-18.015301029968672,-1.676435071973269
5422.428104589552,1.8115837491862337e-05,-6.284812268801329,-17.862181859132654,-1.6766844036845425
5422.9542980427295,1.8022663493881664e-05,-6.284802760851462,-17.33598909830814,-1.6775379961962624
5423.480491495907,1.7928838227766788e-05,-6.284793302100483,-16.809796329412276,-1.6783865986376019
5423.6336108697415,1.7901413163568483e-05,-6.284790558946934,-16.65667715319534,-1.6786326036352872
5423.786730243577,1.7873933244691066e-05,-6.284787819996815,-16.503557976304677,-1.678878188931883
5424.312923696754,1.7779080994855893e-05,-6.284778439777432,-15.977365194821688,-1.6797189502262437
5424.839117149932,1.768358911869679e-05,-6.284769109636959,-15.451172405496157,-1.6805547888924188
5424.992236523767,1.765568278227007e-05,-6.284766404072775,-15.29805322337712,-1.68079709243689
5425.145355897603,1.762772375045577e-05,-6.284763702785345,-15.144934040603594,-1.681038982041266
5425.67154935078,1.7531245087049544e-05,-6.284754452549404,-14.61874123905052,-1.6818670871938983
5426.197742803957,1.7434165875530738e-05,-6.284745253237899,-14.092548429880662,-1.6826903383369656
5426.350862177793,1.7405806478308035e-05,-6.284742585900088,-13.939429242029263,-1.6829289919349633
5426.503981551628,1.7377398835763545e-05,-6.284739922907862,-13.786310053542362,-1.6831672374507802
5427.030175004806,1.727941601163675e-05,-6.284730804789895,-13.2601172324996,-1.6839828645286492
5427.556368457983,1.718089884503672e-05,-6.284721738370426,-12.733924404062591,-1.6847937073199568
5427.7094878318185,1.715213497417673e-05,-6.284719109843861,-12.580805210646172,-1.6850287633113983
5427.862607205654,1.712332962481713e-05,-6.2847164857240925,-12.427686016612958,-1.6852634171672716
5428.388800658831,1.7024035456710557e-05,-6.284707501644796,-11.90149317665245,-1.6860667470029904
5428.914994112009,1.6924300587887276e-05,-6.284698569929383,-11.375300329516815,-1.686865363257227
5429.068113485843,1.6895201438049855e-05,-6.2846959807188645,-11.222181130700168,-1.687096874725444
5429.221232859679,1.6866069770710965e-05,-6.2846933959656335,-11.069061931285114,-1.6873279900809255
5429.747426312856,1.6765726141811576e-05,-6.284684547536009,-10.542869072969758,-1.6881192059169288
5430.273619766033,1.6665058378769016e-05,-6.284675751991819,-10.016676207694692,-1.6889057796863929
5430.426739139869,1.663571062200133e-05,-6.284673202495537,-9.86355700363982,-1.689133800330847
5430.5798585137045,1.6606340717662973e-05,-6.284670657493758,-9.710437799004614,-1.6893614309451985
5431.106051966882,1.6505259341298554e-05,-6.28466194593144,-9.184244922887501,-1.6901407179532084
5431.632245420059,1.6403978806270497e-05,-6.284653287609873,-8.658052040022083,-1.6909154350066082
5431.785364793895,1.6374476129489703e-05,-6.2846507781019225,-8.504932830887995,-1.6911400189845507
5431.93848416773,1.6344961513394652e-05,-6.28464827311151,-8.35181362119129,-1.691364219055928
5432.464677620907,1.624346008816695e-05,-6.284639699200662,-7.825620727814907,-1.692131763768487
5432.990871074085,1.6141871962224765e-05,-6.284631178722006,-7.299427827897302,-1.6928948110078799
5433.14399044792,1.6112299545653375e-05,-6.284628709353047,-7.146308613839776,-1.6931160127638119
5433.297109821756,1.6082723272247486e-05,-6.284626244511985,-6.993189399236975,-1.6933368367590758
5433.823303274933,1.598106795948705e-05,-6.284617808632889,-6.466996489132444,-1.694092826491889
5434.34949672811,1.587939934505739e-05,-6.284609426247649,-5.940803572689214,-1.694844391398948
5434.502616101946,1.5849814203872e-05,-6.28460699706915,-5.787684353860608,-1.6950622655103733
